tree
version=v4
num_class=1
num_tree_per_iteration=1
label_index=0
max_feature_idx=30
objective=binary sigmoid:1
feature_names=returns returns_5 returns_10 returns_20 range_pct body_pct upper_wick lower_wick volume_ratio volume_ratio_20 volatility_5 volatility_20 atr time_since_open time_to_close price_position fvg_up fvg_down fvg_size_pct displacement_up displacement_down order_block_bull order_block_bear liquidity_grab_high liquidity_grab_low bos_up bos_down pressure_ratio distance_from_vwap volume_momentum pv_divergence
feature_infos=[-0.049012891573768536:0.03817018459954391] [-0.41097373883223542:0.21957834407941879] [-0.41734447874186054:0.22103627296946526] [-0.42302138796137534:0.22702991452991461] [0:0.10313391280727956] [0:0.049490504256712663] [0:0.031412780656304026] [0:0.097650414233328847] [0.006973727368629455:4.8678139113618837] [0.0054206996809179047:18.087455809607512] [1.9528239969586537e-05:0.18840894429181493] [0.00011583433358019584:0.093004821541031846] [0.0093857142857134736:14.285721428571435] [241:383] [7:149] [0:0.99999999949974983] [0:1] [0:1] [0:0.038247544204322123] [0:1] [0:1] [0:1] [0:1] [0:1] [0:1] [0:1] [0:1] [0:25978520] [-0.20361475155195896:0.10174171672467372] [-0.99903813714441581:1084.6737967914439] [-1084.879243123441:1.0054270341910052]
tree_sizes=3389 3408 3404 3430 3417 3437 3432 3431 3453 3461 3465 3435 3468

Tree=0
num_leaves=31
num_cat=0
split_feature=4 10 10 3 8 11 11 14 4 6 6 15 10 3 12 15 8 8 14 3 11 28 28 14 12 12 4 7 6 28
split_gain=4469.67 966.68 919.078 664.404 533.957 262.485 225.862 243.792 217.265 186.897 295.594 149.693 258.702 149.509 142.137 160.312 140.546 145.393 138.024 403.595 537.573 150.828 129.543 361.324 127.333 184.228 125.911 118.709 105.853 140.124
threshold=0.0075859035869026469 0.0039770039219777136 0.0065096304691589736 -0.10083781296788084 1.7638302093329601 0.0034768943218028568 0.016859436300742235 83.500000000000014 0.0158815589386096 0.0025354458528498462 0.0036307180919222565 0.94252871396485982 0.0056663798641212147 -0.074562927374827045 1.6490285714285755 0.36734693127863205 0.78232617741702126 0.90735361170672324 135.50000000000003 -0.018180118264435104 0.0072280553142083839 -0.016671319994563432 0.022320406203925013 118.50000000000001 0.56881071428571328 0.65231785714285562 0.0044747039085913081 0.0022924134664425613 0.001540256181041817 -0.019619796891423995
decision_type=2 2 2 2 2 2 2 2 2 2 2 2 2 2 2 2 2 2 2 2 2 2 2 2 2 2 2 2 2 2
left_child=1 5 -2 4 9 -1 22 -8 18 -4 -11 -9 -13 24 15 -12 -10 -18 19 20 -5 -22 28 -24 -7 -26 -15 -23 -3 -30
right_child=2 6 3 8 -6 13 7 11 16 10 14 12 -14 26 -16 -17 17 -19 -20 -21 21 27 23 -25 25 -27 -28 -29 29 -31
leaf_value=-5.2838124680839789 -4.9140223463531107 -5.1393363547399424 -4.2867169227817792 -4.665505173680744 -0.085610867356956 -5.2913292403833765 -2.5077159436956262 -4.8361625826392682 -4.9784172070320594 -1.4222142334042704 -1.7565821969703723 -4.9622321018587172 -1.820850325032433 -5.2398800920425943 -4.5278238790061653 -4.3369475386618674 -2.4843242353201029 -3.9913408759122069 -4.645160006547207 -4.717881007589332 -0.29218699327071018 -3.6315349765198808 -2.2236737705642105 -4.9006466724272002 -2.4281841352188471 -4.6265857665474943 -5.105491176439334 -1.3870404606135649 -4.3108000947790774 -5.0090176553266801
leaf_weight=764.95599553361535 17.094837502576411 29.935611857101321 0.597245318815111 0.31957863550633181 0.11525786854326714 0.6758302291855206 0.12573585659265463 3.4053461160510783 0.31957863550633137 0.19384277891367674 0.14145283866673708 0.1519308267161249 0.11525786854326725 62.197337061166763 0.2619497012346983 0.10477988049387932 0.17812579683959473 1.5769372014328835 9.7497678799554688 1.2206856077536929 0.11001887451857328 0.12049686256796122 0.14669183269142994 0.89586797822266817 0.10477988049387921 1.0530377989634869 24.21463038213551 0.11525786854326725 0.76489312760531802 11.866321465931831
leaf_count=146012 3263 5714 114 61 22 129 24 650 61 37 27 29 22 11872 50 20 34 301 1861 233 21 23 28 171 20 201 4622 22 146 2265
internal_value=-5.24148 -5.26218 -4.66283 -4.37893 -3.34722 -5.27439 -5.04242 -4.67263 -4.48537 -3.63655 -3.08343 -4.74675 -3.60713 -5.19274 -3.71709 -2.85461 -4.014 -3.83839 -4.56942 -4.17788 -3.18718 -1.82085 -5.07463 -4.52399 -4.74597 -4.42764 -5.20222 -2.53423 -5.08812 -4.96674
internal_weight=932.829 900.609 32.2198 15.125 1.41453 853.202 47.4077 3.79827 13.7104 1.29927 0.702025 3.67253 0.267189 88.2456 0.508182 0.246233 2.07464 1.75506 11.6358 1.88604 0.665352 0.345774 43.6094 1.04256 1.83365 1.15782 86.412 0.235755 42.5668 12.6312
internal_count=178055 171905 6150 2887 270 162856 9049 725 2617 248 134 701 51 16844 97 47 396 335 2221 360 127 66 8324 199 350 221 16494 45 8125 2411
is_linear=0
shrinkage=1


Tree=1
num_leaves=31
num_cat=0
split_feature=13 12 7 28 6 3 3 27 1 13 13 1 18 5 7 28 12 12 27 29 3 13 18 1 7 7 5 15 3 9
split_gain=1065.28 329.854 181.136 177.407 163.108 140.254 112.577 110.686 105.028 106.642 189.924 168.438 196.878 104.744 93.4512 82.6046 78.735 72.4637 98.901 75.3826 82.7413 67.7125 60.9908 57.9075 55.793 50.5709 46.2142 44.7581 141.801 42.6367
threshold=253.50000000000003 0.60285714285714687 0.0015803346932773447 -0.010686905435763812 0.0040063570106512814 0.023345682968557106 -0.017195654965042325 8.0172686667720949 0.010550360869078458 275.50000000000006 268.50000000000006 0.022806753787111281 0.00011745148902482729 0.0039217280287760234 0.0048251184558065529 0.022320406203925013 0.094642857142857098 0.4099999999999982 2.8382618633903145 6.7434934998132556 0.05441852579973095 242.50000000000003 0.0065886131307355735 0.012813848241769567 0.00078167166095078494 0.0014662788977364649 0.0055542991933838467 0.77973563285635061 0.020396419332595398 1.7773670409073079
decision_type=2 2 2 2 2 2 2 2 2 2 2 2 2 2 2 2 2 2 2 2 2 2 2 2 2 2 2 2 2 2
left_child=2 3 4 14 13 6 -3 -6 -7 10 -10 12 -12 -1 16 -4 -2 -17 -19 20 -20 -9 -15 -5 -24 -18 -8 28 -25 -27
right_child=1 5 15 23 7 8 26 21 9 -11 11 -13 -14 22 -16 17 25 18 19 -21 -22 -23 24 27 -26 29 -28 -29 -30 -31
leaf_value=0.020207079168772797 1.3040109698512652 0.11666989029757968 0.19980207686146761 -0.040570858134627304 0.26295635018452579 0.11714721076279191 -0.0030306328807859907 0.53633567974469309 0.27997707234072761 0.13039138479487369 3.2296075710058441 0.62731613011257037 0.85213851409134378 0.12760323818013941 1.523365513957043 1.3059289287996354 0.071248552302017418 0.090826147913949135 0.41638883760657902 0.13953687841788145 1.6894022225440115 1.6367057965674001 0.26100160648135451 -0.055293051160276191 0.89843194352149025 0.23023100764565863 0.16831002065644105 0.076140423185558637 1.5507171514588962 0.74811798153915765
leaf_weight=44.591372383292764 0.14767979411408028 29.324045947287232 43.561281755100936 695.93018414545804 5.9474742962047449 10.430384909268467 89.948195772711188 0.34075171267613757 1.2053086734376841 1.6382209677249191 0.18292974401265372 0.44028646731749177 0.16618385910987854 22.292839936912063 0.1270867954008289 0.25803117407485787 6.9189601349644345 1.041995975654572 0.21416256809607137 0.26286809612065554 0.31595455342903733 0.23707963572815061 1.2458388414233912 0.37019279040396114 0.47385163325816382 1.9594428827986123 4.1155154551379374 4.2984463754110038 0.21860488457605243 0.49853918515145768
leaf_count=7705 28 3104 4639 137249 464 1620 17255 33 149 111 28 15 21 2545 18 29 1203 78 23 23 27 28 87 34 34 323 593 500 33 56
internal_value=-0.00292802 -0.0227174 0.135997 -0.0364343 0.0882653 0.0481835 0.0311321 0.327144 0.197788 0.429315 0.674816 1.27768 2.09789 0.0655442 0.17647 0.214544 0.158498 0.521373 0.41105 0.83183 1.17512 0.987809 0.149735 -0.0393664 0.436642 0.140457 0.00446594 0.132142 0.540976 0.335271
internal_weight=968.704 847.92 120.784 710.469 75.1292 137.451 123.388 6.52531 14.0633 3.63293 1.99471 0.7894 0.349114 68.6039 9.65171 45.6543 9.52462 2.09301 1.83498 0.792985 0.530117 0.577831 24.0125 700.817 1.71969 9.37694 94.0637 4.88724 0.588798 2.45798
internal_count=178055 162340 15715 139444 10896 22896 20952 525 1944 324 213 64 49 10371 1628 4819 1610 180 151 73 50 61 2666 137816 121 1582 17848 567 67 379
is_linear=0
shrinkage=0.05


Tree=2
num_leaves=31
num_cat=0
split_feature=10 28 10 7 8 14 0 1 28 18 8 18 14 12 8 27 6 8 7 6 28 5 6 7 27 28 6 7 8 8
split_gain=1566.1 154.37 96.3569 57.5952 85.1242 56.8611 84.4184 59.0579 56.0366 60.9853 99.7578 91.9838 50.5643 96.5707 76.4511 49.4144 50.4213 45.9189 42.7352 59.8017 38.7483 58.3755 38.3544 46.2426 45.3326 37.1159 49.3707 99.8438 100.471 103.58
threshold=0.0036163055914011023 -0.014786589568943695 0.0025638847856686241 0.0022174350273535402 0.43946899370379172 121.50000000000001 0.00046975043693542334 -0.012277842468430776 0.013164013896985736 0.0018343179568704726 0.88394266838764468 0.0023508599062559764 97.500000000000014 0.81924642857142926 1.4897948597750847 29.930311983885293 0.00082803848725413517 0.86889224820935096 0.0014941509317994669 0.0040063570106512814 -0.0250499279595746 0.00074453822814946177 0.0023492734245267252 0.0048251184558065529 1.4730834811220477 -0.0024685141313245148 0.0002325541235878179 0.0048251184558065529 1.3178943377784116 0.94325303302583219
decision_type=2 2 2 2 2 2 2 2 2 2 2 2 2 2 2 2 2 2 2 2 2 2 2 2 2 2 2 2 2 2
left_child=1 5 -3 -4 -5 6 7 12 18 22 -11 -12 -1 14 17 -13 -17 -14 19 -2 -20 -22 23 -10 -25 26 27 -23 29 -29
right_child=8 2 3 4 -6 -7 -8 -9 9 10 11 15 13 -15 -16 16 -18 -19 20 -21 21 25 -24 24 -26 -27 -28 28 -30 -31
leaf_value=0.15019228317695205 0.082042886576648558 -0.040235921005653222 0.003737202279174256 1.1424061095678633 0.12045660076118088 0.088253373572669325 1.3440783724936469 0.040835119874999271 0.089845008918749844 -0.017691447711869476 1.1944536772224319 0.3014442619465722 1.3353005100534068 -0.050348385070985713 2.0595812261339126 1.1771652263544885 0.35123249475128676 0.21705938223957882 0.064276142525338628 0.22227756288561379 0.051869610124426049 0.28337826008601913 0.2486362208795494 0.84509678000726951 0.21818688537108322 0.14211775934718532 0.20125659600020029 0.61269121490723322 0.14142848282797316 2.1188690327370079
leaf_weight=0.49854455608874604 70.047881782054901 713.57894013309851 74.029092442709953 0.20960511360317369 7.3159962864592671 3.6027610953897238 0.21513015497475851 1.0961692989803842 14.311292335856711 1.3707734872587014 0.40155810816213522 2.8362003369256858 0.18039499828591943 0.23375220131129026 0.16584326326847076 0.36623634351417411 0.3729619923979044 0.18693622574210167 10.235529762227086 8.5277672833763045 8.5628336844965798 3.8484915927983812 8.607343581505118 0.39069222053512831 1.1009754179976878 18.567125292960558 19.109729900490493 0.22616220684722055 0.25991112599149346 0.23046701215207577
leaf_count=71 8942 145407 13902 35 1147 507 31 171 1130 91 39 221 26 35 15 21 27 26 317 514 956 427 525 35 61 1932 1380 23 19 22
internal_value=-0.00321829 -0.0324169 -0.0343516 0.0171342 0.14892 0.216522 0.395863 0.309487 0.134921 0.197216 0.350142 0.476926 0.542196 0.797021 1.16852 0.39634 0.760441 0.766223 0.121644 0.0972625 0.15303 0.170911 0.163713 0.117458 0.382385 0.195041 0.236547 0.384277 0.926195 1.37288
internal_weight=970.687 801.313 795.134 81.5547 7.5256 6.17953 2.57677 2.36164 169.374 29.758 5.34773 3.97696 1.26547 0.766927 0.533174 3.5754 0.739198 0.367331 139.616 78.5756 61.0403 50.8047 24.4103 15.803 1.49167 42.2419 23.6748 4.56503 0.71654 0.456629
internal_count=178055 161373 160491 15084 1182 882 375 344 16682 2150 399 308 173 102 67 269 48 52 14532 9456 5076 4759 1751 1226 96 3803 1871 491 64 45
is_linear=0
shrinkage=0.05


Tree=3
num_leaves=31
num_cat=0
split_feature=11 4 11 13 11 5 5 15 2 7 9 14 30 18 8 7 4 7 5 4 13 9 13 11 30 12 18 11 15 12
split_gain=1362.15 243.895 54.4953 49.1832 59.1516 55.8356 56.4381 45.0958 36.4519 33.5512 62.6455 66.6287 32.6159 31.9385 34.6766 72.8755 25.9102 24.15 39.4373 30.1507 28.0761 26.9715 25.0538 61.5696 24.3741 24.0779 26.7651 36.8471 55.4113 57.9462
threshold=0.0034768943218028568 0.0044747039085913081 0.0023521779408775391 266.50000000000006 0.018832487019993804 0.001943929058402086 0.0023161633150787508 0.098159508600246179 0.025278347105115676 0.002466879274413102 0.55966292751441749 112.50000000000001 0.78829789135738604 0.0065886131307355735 1.1450430142849639 0.0008443696038502493 0.0065990625988612212 0.00069008821003105889 0.00023797078912428014 0.0079333882117426941 302.50000000000006 1.0226134618082507 325.50000000000006 0.0047562944507218343 -29.024412228074592 0.19123928571428248 0.0023041054565719706 0.0039145830337064804 0.15662650319349181 0.91805357142856947
decision_type=2 2 2 2 2 2 2 2 2 2 2 2 2 2 2 2 2 2 2 2 2 2 2 2 2 2 2 2 2 2
left_child=2 3 -1 4 -2 -6 -7 13 16 -5 11 -11 17 -3 15 -15 -4 18 -9 22 -21 -19 -20 -24 -23 -26 27 28 -27 -30
right_child=1 7 8 9 5 6 -8 12 -10 10 -12 -13 -14 14 -16 -17 -18 21 19 20 -22 24 23 -25 25 26 -28 -29 29 -31
leaf_value=-0.045881476229487649 -0.0048794112956428186 0.055110599371934091 -0.01536645066030244 0.081853986920772115 0.09830703159922477 1.2155090282402907 0.29753567120753233 0.72080689547973975 0.64045189830326554 0.28499190478495995 0.11180287664923499 1.8230184948773165 -0.033028506826906397 0.064274559918248292 0.12404780996179882 1.0185434212615483 0.077180331232328689 0.12170231744726195 0.052974939700412151 0.17698365758718354 -0.041949892095108077 0.084388420081455973 0.11599645886801445 1.2303181418480078 0.0039117220043431216 1.037461204016453 0.27440950064913228 0.1658473654104328 0.11999846163343462 0.74177348409487309
leaf_weight=596.61469982936978 67.105751506984234 28.324298231862489 95.986256934236735 18.03156637726352 2.986680072266608 0.23697634506970633 0.5705962092615664 0.25928099360316892 0.21712421625852485 0.14909738954156537 0.61437472468242049 0.13343609543517232 2.7479581027291706 0.43087636819109265 2.2137222574092448 0.37349394336342812 8.2097418610937876 42.111161433625966 20.648317286279056 14.179654262959955 1.6330221071839321 6.9347031465731552 0.60109489830210705 0.15616645244881511 1.8079287656582881 0.2756589120253915 7.9370348942466071 46.440671945922077 1.4533343110233543 0.50488723535090674
leaf_count=127771 11810 2165 19207 2852 281 30 50 26 32 24 88 18 282 31 83 15 1045 3867 2575 918 79 315 91 22 175 30 489 3464 158 62
internal_value=-0.00335359 0.0923271 -0.0400495 0.0250966 0.00598018 0.198045 0.566908 0.12606 -0.00672597 0.0967005 0.395176 1.01138 0.13762 0.0715865 0.22621 0.507371 -0.00807457 0.140855 0.106295 0.102014 0.154374 0.152908 0.0633341 0.345798 0.173015 0.183535 0.189271 0.175389 0.373742 0.28031
internal_weight=969.89 268.862 701.028 89.8285 70.9 3.79425 0.807573 179.033 104.413 18.9285 0.896908 0.282533 147.691 31.3424 3.01809 0.80437 104.196 144.943 37.4775 37.2183 15.8127 107.465 21.4056 0.757261 65.3542 58.4195 56.6116 48.6746 2.23388 1.95822
internal_count=178055 30000 148055 15153 12171 361 80 14847 20284 2982 130 42 12553 2294 129 46 20252 12271 3711 3685 997 8560 2688 113 4693 4378 4203 3714 250 220
is_linear=0
shrinkage=0.05


Tree=4
num_leaves=31
num_cat=0
split_feature=11 4 11 4 13 15 2 9 0 11 4 12 2 9 10 5 0 11 8 5 5 11 29 29 6 4 30 6 1 9
split_gain=1167.26 180.013 53.9627 45.9982 46.3434 34.0101 32.2466 57.7958 30.2962 28.1741 35.8461 49.8252 56.9516 40.1914 27.8655 70.8279 39.4796 38.0812 33.3405 38.0947 108.238 77.5812 31.6622 57.1679 46.3529 44.192 40.7062 43.0178 38.205 41.1897
threshold=0.0034768943218028568 0.0032368566824661845 0.0023521779408775391 0.0055347404737468107 266.50000000000006 0.10923880012824479 -0.05431662772536227 1.0226134618082507 0.0022052387308520997 0.016859436300742235 0.0094186384292969331 0.39652142857142841 -0.028249434842097351 0.33940639075786078 0.0065096304691589736 4.2671098619170554e-05 0.0021477068777658874 0.008294369873511594 0.90735361170672324 0.0023836031393481721 0.0028072677045158927 0.0046166045350937079 0.014243824005551244 -0.041731139945194111 0.0019527706024738583 0.0088251329508883241 0.5338774140853414 0.0045745415496083021 0.0020642614924553109 1.3563906391575826
decision_type=2 2 2 2 2 2 2 2 2 2 2 2 2 2 2 2 2 2 2 2 2 2 2 2 2 2 2 2 2 2
left_child=2 6 -1 4 -3 9 7 -2 14 10 13 12 -12 -5 15 -7 17 18 19 -17 21 -21 23 25 -25 -19 27 28 29 -27
right_child=1 3 -4 5 -6 8 -8 -9 -10 -11 11 -13 -14 -15 -16 16 -18 22 -20 20 -22 -23 -24 24 -26 26 -28 -29 -30 -31
leaf_value=-0.045668120563499795 1.1595130652563836 0.040659697223158847 -0.0064711661346755133 0.78977679569228054 0.12568164759231745 0.94782010120603977 -0.0079759321977845854 -0.050419037284251601 0.099228649572844704 0.010296763068597448 0.80333304722650112 0.13286438288712107 0.12058056288012249 0.033206139760975743 0.1196945860183309 0.06988800343021824 0.72794673546486077 0.19621205765116831 0.064966410933569738 0.4429820387928004 0.22218126501385105 1.863465767040863 0.1272280103067249 0.36658038402778054 1.3854909585041399 -0.050603339339073329 0.12510951167841966 1.1784583434904266 1.0389682221578107 0.71046580190874054
leaf_weight=570.10280375555158 0.16529713943600555 53.709537318442017 103.7932065022178 0.17852852586657419 22.84453439200297 0.30035133333876984 51.641836807131767 0.2449735514819622 63.878278544172645 13.111696493811904 0.64365298952907324 6.7855821177363396 0.58126690331846276 10.483720156364141 39.705409716814756 2.479234589263803 0.32045936351641913 6.065008138306438 10.321403264068065 0.20264326035976443 2.7505080918781459 0.18286077957600355 4.4944034991785875 0.23974823253229161 0.20886124763637781 0.38856047857552745 0.55884578637778748 0.28476417809724808 0.22945008985698223 0.32772317342460155
leaf_count=127771 22 7562 20284 23 2757 25 8997 33 4135 342 38 381 43 1084 1799 258 24 553 973 24 317 19 421 24 17 34 35 24 20 16
internal_value=-0.0033925 0.0798621 -0.039631 0.0980551 0.0660311 0.112938 -0.00446819 0.43706 0.124047 0.0664743 0.105921 0.185846 0.479343 0.0458741 0.147003 0.183942 0.176045 0.16989 0.118309 0.216358 0.332152 1.11678 0.234124 0.291987 0.840959 0.260632 0.478983 0.639699 0.477476 0.297611
internal_weight=967.225 293.329 673.896 241.277 76.5541 164.723 52.0521 0.410271 132.939 31.7844 18.6728 8.0105 1.22492 10.6622 69.0602 29.3548 29.0545 28.734 15.9366 5.61525 3.13601 0.385504 12.7974 8.30296 0.448609 7.85435 1.78934 1.2305 0.945734 0.716284
internal_count=178055 30000 148055 20948 10319 10629 9052 55 8718 1911 1569 462 81 1107 4583 2784 2759 2735 1591 618 360 43 1144 723 41 682 129 94 70 50
is_linear=0
shrinkage=0.05


Tree=5
num_leaves=31
num_cat=0
split_feature=11 4 4 6 1 29 12 27 23 10 15 9 10 7 7 29 13 11 1 11 5 4 11 9 4 11 9 29 11 7
split_gain=1042.92 152.446 47.0519 35.8507 33.602 33.2427 48.9385 25.702 27.9504 61.0988 55.4206 28.3344 25.9885 37.9962 25.1047 26.6314 40.8437 196.628 36.8096 43.1512 28.6662 52.4643 25.0022 23.9188 23.8058 22.9236 22.2074 21.8121 42.7767 21.4584
threshold=0.0030588398515709685 0.0051066953976497851 0.0029407186546749329 0.001113976280839182 -0.013953607836117486 -0.92717486085148748 0.31423214285713952 29.930311983885293 1.0000000180025095e-35 0.017315872844110635 0.90476189040061195 1.8414487116391831 0.0060224734947272379 0.0016087645493684714 0.00025169896803421086 0.08108792185597237 319.50000000000006 0.0040132270919591394 -0.012277842468430776 0.005097113881914834 2.8464787827241487e-05 0.0040039495222776288 0.0022260525144886462 0.90301271171854702 0.0088251329508883241 0.008649246057738284 1.0747710485914632 9.5608761895599716 0.0028910356233112318 0.00026205450733750513
decision_type=2 2 2 2 2 2 2 2 2 2 2 2 2 2 2 2 2 2 2 2 2 2 2 2 2 2 2 2 2 2
left_child=4 2 5 -4 24 6 -2 -3 11 10 23 -9 13 -13 -5 16 18 -18 19 -16 21 -20 -6 -10 -1 -8 -21 -24 -29 -22
right_child=1 7 3 14 22 -7 25 8 9 -11 -12 12 -14 -15 15 -17 17 -19 20 26 29 -23 27 -25 -26 -27 -28 28 -30 -31
leaf_value=0.12080141666866728 1.3022252906263323 0.08906374748966428 0.021614231043757124 0.014772110186709887 -0.046783463803947205 -0.017274284383599188 -0.050277060337151049 0.040988925449031849 0.62334241370565313 -0.056446905922562511 1.0869688838826308 0.21058322773447893 0.16139872729263108 0.89302892032857195 1.0326797614889609 0.052892407821429982 0.032266835300308348 1.7831371403377894 -0.050316243898080287 0.052535034790054148 0.75807824752388564 1.2416509563812901 -0.020673012683203502 0.069348405695327381 0.71791731489399202 0.71727524121461017 0.67308185109875129 0.056055022735985172 1.0686905094547987 0.09646336066165774
leaf_weight=1.1603849604725827 0.11090458836406369 194.23596845567226 53.093739694450051 9.175460887141524 524.52095488039777 49.695015489589423 0.38397067692130804 4.7490871706977451 0.36920673819258876 0.60628476180136193 0.35141488257795572 0.57346633449196804 5.3226036336272955 0.31654030689969659 0.23075909633189162 11.486769702751188 0.60537439817562777 0.21813291730359197 0.15964546333998697 0.47345137409865856 0.1236967989243557 0.15474311402067542 92.969660349655896 0.41253837151452899 0.19496439583599556 0.130282087251544 0.20730208978056908 0.46995128551497956 0.13403367670252919 13.262871935032306
leaf_count=138 20 12748 7608 1360 123179 9054 71 291 20 11 24 44 168 14 23 1416 99 27 27 41 19 15 19389 26 13 23 23 80 18 1883
internal_value=-0.00313576 0.0663367 0.0259423 0.0477525 -0.0419907 -0.0127162 0.349618 0.0935697 0.162479 0.348677 0.565435 0.132932 0.203216 0.453302 0.0861971 0.110539 0.153437 0.496042 0.134129 0.441798 0.11366 0.585594 -0.042536 0.330992 0.206695 0.144177 0.241503 -0.0187273 0.280775 0.102577
internal_weight=965.899 346.449 139.512 89.1919 619.45 50.3202 0.625157 206.937 12.7011 1.73944 1.13316 10.9617 6.21261 0.890007 36.0982 26.9227 15.436 0.823507 14.6125 0.911513 13.701 0.314389 618.095 0.781745 1.35535 0.514253 0.680753 93.5736 0.603985 13.3866
internal_count=177872 35055 21709 12541 142817 9168 114 13346 598 81 70 517 226 58 4933 3573 2157 126 2031 87 1944 42 142666 46 151 94 64 19487 98 1902
is_linear=0
shrinkage=0.05


Tree=6
num_leaves=31
num_cat=0
split_feature=10 4 4 13 12 4 28 4 13 12 29 18 27 5 28 6 9 3 2 10 2 27 3 27 15 28 15 15 5 27
split_gain=866.858 97.4232 71.6632 35.2538 34.3513 34.991 57.6848 33.8409 28.6839 28.8375 44.7545 34.9449 41.5456 28.0928 51.3367 27.9271 27.3298 38.0019 26.4672 25.4138 26.6688 37.7144 26.2463 48.6545 43.4338 48.3869 21.7961 24.3397 34.772 34.0423
threshold=0.0025638847856686241 0.0051066953976497851 0.0033370284881729015 276.50000000000006 0.56881071428571328 0.00071978899912059113 0.0091797309947349772 0.0064098243305687847 265.50000000000006 0.81924642857142926 2.1345906522065108 0.0035436471662226381 0.76590753688041868 0.0012316619891170383 0.0081117470676394555 0.0036307180919222565 0.407316445275757 0.00020759378057977343 0.022085436047233124 0.0048543006425038381 -0.0085786261223811926 0.82788506728676092 -0.043949188633700891 1.2031650111091823 0.50457258523300585 -0.010686905435763812 0.10923880012824479 0.45070924589775019 0.0016239365810181894 1.0702924076218616
decision_type=2 2 2 2 2 2 2 2 2 2 2 2 2 2 2 2 2 2 2 2 2 2 2 2 2 2 2 2 2 2
left_child=2 4 -1 8 -2 6 -6 -4 26 10 15 12 -12 14 -9 19 17 -5 -11 20 21 -10 -21 24 25 -24 -3 28 -28 -30
right_child=1 3 7 16 5 -7 -8 13 9 18 11 -13 -14 -15 -16 -17 -18 -19 -20 22 -22 -23 23 -25 -26 -27 27 -29 29 -31
leaf_value=-0.045013652987137588 -0.0013398020799885362 0.045512862159154281 -0.0056542262511080077 0.65580222785897835 0.071308723585746192 0.048109730182170587 1.0724355240124099 0.16748211959740278 0.085994439672134881 0.032238406623045314 1.3751911492605862 0.13963535456507312 0.39640684343777316 0.05568663815278746 0.94693103313161542 0.40814845939792721 0.033935074894651612 0.071045668557813121 0.26386333769640086 -0.082410785064391562 -0.0053667285888029754 0.74132354509843967 0.79285483608738749 0.14041678162085755 0.9371050702695165 -0.050700306328961102 0.21329193872756891 0.076437890047153179 0.068369897908354807 0.16838727870848993
leaf_weight=538.13274517888203 61.970283860806376 30.102885330095887 74.925693621858954 0.42452675150707253 0.41056681238114734 57.44687003036961 0.22152260504662991 1.3534486945718507 0.7214723173528903 6.0920576723292461 0.21031046705320555 0.26227963203564286 0.22376816812902689 6.5586541155353189 0.25031798658892501 1.1585156801156697 43.038362255319953 0.80410214047878981 1.5463905809447167 0.51633037347346578 3.2902567591518168 0.31557928305119276 0.29632671736180816 1.7801223490387199 0.45548639260232449 0.39875383302569378 8.4576135473325831 82.880453072022647 25.817584383301437 12.688982187304644
leaf_count=129958 10566 1535 14819 34 64 7835 14 120 70 368 15 23 28 716 13 59 3629 45 31 8 422 33 22 81 36 36 518 4644 1415 715
internal_value=-0.00316204 0.0608254 -0.0383407 0.0804859 0.024553 0.0521807 0.422164 0.00487789 0.0904559 0.151678 0.209228 0.595303 0.870626 0.101556 0.28914 0.179131 0.040573 0.273096 0.0791305 0.145003 0.0643197 0.285414 0.246292 0.304203 0.557608 0.308924 0.0838464 0.0927336 0.121492 0.101328
internal_weight=962.752 341.531 621.221 221.482 120.049 58.079 0.632089 83.0881 177.215 17.2677 9.6292 0.696358 0.434079 8.16242 1.60377 8.93284 44.267 1.22863 7.63845 7.77433 4.32731 1.03705 3.44702 2.93069 1.15057 0.695081 159.948 129.845 46.9642 38.5066
internal_count=177872 32246 145626 13767 18479 7913 78 15668 10059 1232 833 66 43 849 133 767 3708 79 399 708 525 103 183 175 94 58 8827 7292 2648 2130
is_linear=0
shrinkage=0.05


Tree=7
num_leaves=31
num_cat=0
split_feature=11 10 7 2 3 27 12 11 2 13 13 9 8 28 5 9 7 7 29 30 8 14 28 10 11 3 14 11 12 5
split_gain=832.342 84.1492 38.498 37.0437 34.9194 31.3195 30.9573 29.7094 24.4275 21.4305 22.6974 31.2827 30.793 23.6215 20.0015 18.807 32.459 18.7692 18.5644 42.4448 39.3307 91.057 39.3205 18.663 44.7068 105.101 129.05 18.2554 24.64 29.6169
threshold=0.0030588398515709685 0.0039770039219777136 0.0031423629994194739 0.051208370167357804 -0.074562927374827045 1.6133527594735837 3.6826964285714285 0.0020635471733405509 -0.010490840716163794 266.50000000000006 293.50000000000006 2.3584089927559693 2.0111345964658325 0.0033738765892681179 4.2671098619170554e-05 0.57131897991499703 0.0033795774215731652 0.0010524959990937019 -0.24170324992801576 0.22889822016216513 0.55092964922082555 118.50000000000001 0.0029159099858705839 0.0026919580902609219 0.0044774961951562038 -0.0070167148314709262 110.50000000000001 0.028719559546974704 0.58491785714285738 0.0031540781319137905
decision_type=2 2 2 2 2 2 2 2 2 2 2 2 2 2 2 2 2 2 2 2 2 2 2 2 2 2 2 2 2 2
left_child=7 2 4 5 27 6 15 -1 14 17 11 13 -13 18 -9 16 -4 -6 -11 20 21 -20 23 24 -22 -26 -27 28 -2 -30
right_child=1 -3 3 -5 9 -7 -8 8 -10 10 -12 12 -14 -15 -16 -17 -18 -19 19 -21 22 -23 -24 -25 25 26 -28 -29 29 -31
leaf_value=-0.047123136597540027 -0.011140718452294016 0.072513746453425065 0.90562850188694 0.59724141428086353 -0.018963864805878933 -0.035093305516742307 0.67466642771745877 0.6348698503113841 -0.026107869967267827 0.033732644014941422 0.0017053818912803041 0.79027148970389216 0.094569463154001387 -0.010792527579118104 0.045469334925586795 0.11083408247653098 0.10506277675727388 0.029148562939684899 -0.050322683918391925 0.99189329400567083 0.093571466809139831 1.5480151757683998 0.88270826869396724 0.023812323855891594 0.048342824478154148 2.273808939537965 0.25145189613181917 -0.019404400391506985 0.35038238215653661 0.037663743967919619
leaf_weight=455.48587397579104 1.218853058759122 233.55858507566154 0.20900100562721124 0.38556196261197406 57.307380107231438 3.0934082302264869 0.27563394233584393 0.14596029650419851 107.75428579188883 7.1122805145569208 21.090917979367077 0.29659309983253379 0.34298947406932712 7.5310164541006079 10.399602081626652 6.4396130884997547 0.32119615329429507 31.365304772742093 0.2071052058599897 0.14391297195106822 3.8171880100853706 0.15639928355813026 0.16076604556292373 4.6963483500294387 0.4967802194878459 0.15058644348755468 0.16566267563030124 1.4739568433724342 2.3616538187488918 1.1144049828872082
leaf_count=116927 119 13140 17 23 9807 258 18 31 24077 1051 3201 16 35 1081 1782 463 31 4170 36 23 610 23 27 578 36 20 24 66 118 64
internal_value=-0.00314963 0.0536722 0.0247083 0.116037 0.0177722 0.0980916 0.154954 -0.0413249 -0.0190001 0.012458 0.0400026 0.0719566 0.417187 0.0629947 0.0536272 0.134401 0.420642 -0.00194554 0.095478 0.139416 0.126962 0.637369 0.107406 0.0940419 0.165274 0.501921 1.21443 0.134105 0.182299 0.250127
internal_weight=959.279 385.493 151.935 10.7244 141.21 10.3389 7.24544 573.786 118.3 135.041 46.3685 25.2776 0.639583 24.638 10.5456 6.96981 0.530197 88.6727 17.107 9.99475 9.85084 0.363504 9.48733 9.32657 4.63022 0.813029 0.316249 6.16887 4.69491 3.47606
internal_count=177872 35055 21915 810 21105 787 529 142817 25890 20738 6761 3560 51 3509 1813 511 48 13977 2428 1377 1354 59 1295 1268 690 80 44 367 301 182
is_linear=0
shrinkage=0.05


Tree=8
num_leaves=31
num_cat=0
split_feature=11 4 10 2 2 12 29 4 12 2 11 7 4 10 4 7 2 30 2 13 9 11 13 13 5 28 6 30 5 0
split_gain=742.401 86.8898 30.3891 29.4306 26.4602 42.8575 46.207 21.6961 36.3955 33.5656 19.9018 19.0683 18.218 46.9721 16.0886 18.4592 53.6438 15.3311 14.8306 14.6613 14.6972 16.5294 13.9338 22.9754 31.0662 30.8734 48.3946 38.3249 32.2139 29.0123
threshold=0.0030124896394524486 0.0029407186546749329 0.0039770039219777136 -0.015122179300270598 0.071075344330547754 1.6490285714285755 -0.24740315087170753 0.0060705612823024743 3.6826964285714285 0.0033089890461329712 0.0022260525144886462 0.00049874091309204394 0.00039421165891620464 0.0081850712816127543 0.0052058676967942225 1.0000000180025095e-35 -0.018486797232777904 0.89966463127820318 -0.05431662772536227 291.50000000000006 1.9604058621422311 0.0025242525551724027 300.50000000000006 264.50000000000006 0.0030253484881676974 -0.004366510832656178 0.00067712177850270093 0.39818693558171075 0.0011446846740735225 -0.00081229150081318913
decision_type=2 2 2 2 2 2 2 2 2 2 2 2 2 2 2 2 2 2 2 2 2 2 2 2 2 2 2 2 2 2
left_child=3 12 4 14 7 -6 -7 11 -9 -10 -5 18 13 -2 15 16 -1 -13 -3 20 21 -16 23 -4 25 26 27 28 -25 -28
right_child=1 2 22 10 5 6 -8 8 9 -11 -12 17 -14 -15 19 -17 -18 -19 -20 -21 -22 -23 -24 24 -26 -27 29 -29 -30 -31
leaf_value=1.2109145098157974 -0.05036741276238868 0.38371935442088673 0.063802190294314207 -0.046374479687948472 -0.050661264791383498 0.077945067961970732 0.82008935324472232 0.056703215408752443 0.1287329772178071 0.64715931833858775 -0.0199108776647277 0.034181670783162733 -0.018401839447989312 0.48864363084774026 0.41606802998551773 -0.050383231709555748 -0.050386751359573281 0.48998418884206496 -0.01944559239855926 0.023882171415452725 0.62138265384788427 -0.050594959611397733 0.032558242464076896 0.78301400804088062 0.069254498104911313 0.11639835306415036 0.34652792070509403 1.1165044277158431 0.084649177050369173 0.053353458115430401
leaf_weight=0.11891484260559082 1.1098438324406732 0.23013913119212048 177.21685613924637 458.85121134668589 0.68828304205089696 0.38638224499300122 0.45875591551885009 31.887948930729181 0.83077848702669033 0.50020359456539154 84.06063572363928 57.705589017365128 49.851302762515843 0.63570248847827304 0.42324166023172416 2.1131938591133803 0.28958801738917772 0.18507605604827304 25.806119072251022 0.67081485874950875 0.29643957992084324 0.34396617533639073 26.34271766571328 0.29932967899367291 20.818592187948525 9.863476572092619 1.5739128990098836 0.25680833077058196 0.36830494366586208 1.8192642126232383
leaf_count=16 193 22 8864 123064 66 25 25 2512 46 16 18473 7472 9235 31 19 359 51 29 4053 76 19 37 1291 14 1119 510 73 18 30 114
internal_value=-0.00316362 0.04781 0.0565702 -0.0412503 0.0358945 0.242248 0.480794 0.0331933 0.0673956 0.323566 -0.042277 0.0196558 -0.0128423 0.145933 0.0897175 0.00909498 0.316777 0.0356389 -0.0158819 0.206933 0.322378 0.206847 0.066856 0.0711134 0.108133 0.165209 0.276716 0.597423 0.397757 0.189341
internal_weight=956.003 408.835 357.239 547.168 118.679 1.53342 0.845138 117.146 33.2189 1.33098 542.912 83.9269 51.5968 1.74555 4.25616 2.5217 0.408503 57.8907 26.0363 1.73446 1.06365 0.767208 238.559 212.217 34.9997 14.1811 4.31762 0.924443 0.667635 3.39318
internal_count=177872 35758 26299 142114 14266 116 50 14150 2574 62 141537 11576 9459 224 577 426 67 7501 4075 151 75 56 12033 10742 1878 759 249 62 44 187
is_linear=0
shrinkage=0.05


Tree=9
num_leaves=31
num_cat=0
split_feature=11 4 11 3 10 2 4 7 1 12 10 12 12 27 14 11 28 26 29 28 2 12 28 2 12 27 11 12 28 13
split_gain=668.772 72.0945 27.7876 24.6738 24.4733 22.4142 18.7845 18.494 25.9077 17.1247 16.6711 29.3589 63.1067 85.1537 43.0213 28.0739 24.3626 23.593 16.2396 38.7873 13.0242 15.768 12.1548 11.4967 22.1362 15.8273 14.3467 15.961 24.2139 13.2362
threshold=0.0030124896394524486 0.0029407186546749329 0.0020635471733405509 -0.10083781296788084 0.0039770039219777136 -0.010490840716163794 0.0060705612823024743 0.00049874091309204394 0.017787196714882051 3.6826964285714285 0.0022142392606920728 0.51199999999999746 0.63107499999999872 0.55904085402181225 143.50000000000003 0.0022863573482643533 -0.014786589568943695 1.0000000180025095e-35 -0.92717486085148748 0.011392837183130347 0.071075344330547754 1.6490285714285755 -0.019619796891423995 -0.041872520182540889 0.2418892857142855 0.23997196120578781 0.011610175628278629 0.35069285714285775 -0.0250499279595746 331.50000000000006
decision_type=2 2 2 2 2 2 2 2 2 2 2 2 2 2 2 2 2 2 2 2 2 2 2 2 2 2 2 2 2 2
left_child=2 3 -1 -2 6 10 7 8 22 -8 -4 16 13 17 15 -14 -12 -13 19 -5 -9 -22 -3 24 25 -6 -26 28 -28 -25
right_child=1 4 5 18 23 -7 9 20 -10 -11 11 12 14 -15 -16 -17 -18 -19 -20 -21 21 -23 -24 29 26 -27 27 -29 -30 -31
leaf_value=-0.046806853891764109 0.32985584520385791 0.31004202432936467 -0.027219471002962473 0.007857854851881672 0.48046159757195533 -0.026054502081069304 0.054657475204162531 0.032642451928525391 0.66193985726647464 0.20843374228150943 0.2274369543709118 -0.050751819503200124 0.71217276466157831 1.5704268273483981 0.85667104189101362 -0.050415506161750737 -0.050412512301367278 0.68471539098062173 -0.020255316492987802 0.69865486226164386 -0.05041623110773108 0.45560035684027267 -0.022830895119537602 0.067475500218777004 -0.016100248200787287 0.099959812900665787 0.017580552822506999 0.041992306476757751 0.40651062623860262 -0.018382236681953611
leaf_weight=415.13687384896912 0.52109860396012564 0.27723948657513275 4.3124499879777414 0.85393792204558738 0.46994959842413553 99.303160725627095 34.814527894835919 59.954165230039507 0.14035610435530443 1.9097479889169324 1.0521239251829682 0.23438435513526235 0.13115578470751632 0.18508945079520345 0.16530500538647164 1.5120637747459111 3.1539497582707554 0.20390574028715491 49.260455212555826 0.26665507676079869 0.25244585424661536 0.39459504839032888 25.34929776750505 193.42497005267069 10.960300618782638 0.65310146380215883 0.84039228595793247 40.589889334049076 0.76398643013089784 4.5955944932065895
leaf_count=116927 27 29 818 100 20 23451 2559 7501 17 64 42 27 26 29 13 238 520 23 9315 17 33 21 4042 10072 440 31 17 1070 31 352
internal_value=-0.00312584 0.043406 -0.0408809 -0.0124334 0.0509777 -0.0185682 0.0327002 0.0199636 -0.0155193 0.0626542 0.0493212 0.0990469 0.237336 0.671166 0.0877987 0.0104515 0.0190899 0.29141 -0.0159738 0.172239 0.0350505 0.258176 -0.0192297 0.059895 0.0395084 0.259184 0.034867 0.0481062 0.202785 0.0654829
internal_weight=951.683 426.293 525.39 50.9021 375.391 110.254 123.092 86.3681 25.7669 36.7243 10.9504 6.63798 2.4319 0.62338 1.80852 1.64322 4.20607 0.43829 50.381 1.12059 60.6012 0.647041 25.6265 252.298 54.2776 1.12305 53.1546 42.1943 1.60438 198.021
internal_count=177872 35758 142114 9459 26299 25187 14266 11643 4088 2623 1736 918 356 79 277 264 562 50 9432 117 7555 54 4071 12033 1609 51 1558 1118 48 10424
is_linear=0
shrinkage=0.05


Tree=10
num_leaves=31
num_cat=0
split_feature=11 4 10 30 10 4 11 12 27 13 30 1 13 11 28 11 27 12 1 27 29 12 1 10 7 12 29 11 11 6
split_gain=561.779 72.9038 36.6462 50.6038 21.849 22.9405 22.0413 29.2272 18.7223 48.3977 20.0492 18.7019 16.4026 20.0602 19.3501 20.3226 31.0354 30.7569 43.8338 69.3331 35.7152 18.1906 22.971 15.833 31.7954 17.6415 39.4572 15.4015 15.0951 14.7491
threshold=0.0026132676991397884 0.0051066953976497851 0.0046695378438915544 -3.1889219405321363 0.003330463819878682 0.00074411880396618908 0.0094277574983985778 0.23535714285714351 1.0000000180025095e-35 263.50000000000006 0.0062672314123179982 0.012813848241769567 266.50000000000006 0.018832487019993804 -0.0020260926858687326 0.0039145830337064804 0.43937300756313252 0.63107499999999872 -0.0028440461078302333 1.0206211087717925 -0.45061406714265112 2.7787214285714312 0.0053729751511657495 0.0056663798641212147 0.00046756841902938207 0.70616428571428214 -0.40625378269437057 0.0019692549956991288 0.015402495331360313 0.0036307180919222565
decision_type=2 2 2 2 2 2 2 2 2 2 2 2 2 2 2 2 2 2 2 2 2 2 2 2 2 2 2 2 2 2
left_child=2 4 27 -4 12 6 7 -6 9 -7 -10 29 13 -2 15 -14 -17 18 -18 -20 -21 22 -15 24 -13 26 -26 -1 -25 -12
right_child=1 -3 3 -5 5 8 -8 -9 10 -11 11 23 14 21 -16 16 17 -19 19 20 -22 -23 -24 28 25 -27 -28 -29 -30 -31
leaf_value=-0.047681860789751861 -0.02698592937994912 0.049681589570347726 1.054980701084111 -0.050329481139802526 0.49433255650478503 0.01759518049994065 0.60848739832462995 -0.050660158137188729 -0.0050616498788057275 0.76667926199091685 0.033616655792870341 0.73231168265573421 0.028954487907224533 -0.0015066597915972964 -0.0069368408283058515 0.00024543403918724372 0.050976212558215883 0.077928604149642602 1.1576478737684603 0.84927305107235351 -0.05036850574473542 0.38735765555509116 0.37621068071906999 0.0096081116756187215 -0.050436364616399457 -0.050844095723224958 0.87014786509966668 -0.02429050674800648 0.37201272149510567 0.28689732602147322
leaf_weight=381.7030479661189 62.083048154599965 291.67243025405332 0.18086950527504086 0.24223489733412762 0.36553227528929599 0.73323385789990314 0.30274927057325829 0.75233084987848997 32.238424845971167 0.30545472586527467 34.826401114463806 0.31911990931257539 14.481708350824194 2.9025561613962054 29.918664170429111 1.9285137890838076 0.49056845158338525 1.1610309937968848 0.37229572562500879 0.16664203302934744 0.32640710938721917 0.45601305365562428 0.46732536191120733 1.6181882219389079 0.25073945242911577 0.49705266440287232 0.21724286628887057 86.276725639589131 0.34937015175819386 0.58442458510398765
leaf_count=112781 11617 14642 18 38 17 77 14 88 3412 21 3845 30 2794 177 5915 196 53 128 39 21 51 30 30 141 31 43 25 21686 13 25
internal_value=-0.00399781 0.0340291 -0.0429489 0.422171 0.00975979 0.031072 0.230042 0.127548 0.0271429 0.237884 0.0240556 0.0483348 -0.00386468 -0.0201382 0.0180936 0.05766 0.151172 0.266814 0.428551 0.642601 0.253695 0.09098 0.0508741 0.163092 0.29966 0.15659 0.37691 -0.0433694 0.0739586 0.0377968
internal_weight=948.19 479.787 468.403 0.423104 188.115 73.3603 1.42061 1.11786 71.9397 1.03869 70.901 38.6625 114.755 65.9089 48.8458 18.9272 4.44546 2.51694 1.35591 0.865345 0.493049 3.82589 3.36988 3.25171 1.28415 0.965035 0.467982 467.98 1.96756 35.4108
internal_count=177998 43475 134523 56 28833 7782 119 105 7663 98 7565 4153 21051 11854 9197 3282 488 292 164 111 72 237 207 283 129 99 56 134467 154 3870
is_linear=0
shrinkage=0.05


Tree=11
num_leaves=31
num_cat=0
split_feature=4 10 4 28 3 8 27 18 18 29 6 5 1 28 12 18 14 14 2 12 14 5 30 4 9 15 15 12 12 1
split_gain=469.461 53.6055 43.5015 25.1201 21.0764 23.8109 35.4562 20.132 22.5531 20.3788 16.7379 22.453 16.1097 42.1592 17.0092 48.3033 29.006 38.1566 14.95 14.8455 40.969 14.2124 13.6543 13.5551 20.2617 27.338 45.8655 17.9132 35.213 19.3625
threshold=0.0034817092638729299 0.00259411328352081 0.0051066953976497851 -0.011446220211368274 0.016332316310204157 0.16169080832119356 0.73185777964137599 0.00067389233992694428 0.00066645407825125706 -0.13127460491789719 0.0012798686567856083 0.00097784517540941093 0.009765589442234936 -0.0042595953198403579 1.1899107142857199 0.00041655818910127162 66.500000000000014 48.500000000000007 0.071075344330547754 1.2343964285714317 116.50000000000001 0.00054211927981940059 0.79999731550149999 0.0026480500722195683 0.73170821874881431 0.44565217028002901 0.53846152564099758 0.45897499999999836 0.64167499999999633 0.012813848241769567
decision_type=2 2 2 2 2 2 2 2 2 2 2 2 2 2 2 2 2 2 2 2 2 2 2 2 2 2 2 2 2 2
left_child=1 -1 7 10 -5 6 -6 8 9 12 -3 -12 14 -14 -2 16 17 -16 -11 20 -18 -15 -4 -7 25 -25 -27 -28 -29 -30
right_child=2 3 22 4 5 23 -8 -9 -10 18 11 -13 13 21 15 -17 19 -19 -20 -21 -22 -23 -24 24 -26 26 27 28 29 -31
leaf_value=-0.042605319574693434 0.017100429097339127 0.07184952956860656 0.044967947455933473 -0.019462241821903953 0.85541824560141466 -0.018800314340665703 0.11410095471390658 -0.030806254713501093 0.64464318428931 -0.0053686375351576559 0.16049997220061507 0.69909410099290115 0.79281098479241108 0.34002880244280098 -0.050682089528493429 0.80122208087052393 0.8216406199254177 1.0001237698371344 0.22569861510503683 0.041844455398063786 -0.050589034968156234 0.050352024930680687 -0.051279337994484787 -0.050618311439605206 0.0099152169875917316 0.89562615757001474 -0.050416964655914547 0.87445615938189381 0.064125404619154711 0.57328379297713095
leaf_weight=447.90424614585936 31.669007658725604 3.2517670923843971 310.4490463139955 38.702938956208527 0.22071138676255841 6.0747500229626876 0.59916960541158915 25.40233787195757 0.14387174299918015 53.721461056033149 0.70486430963501323 0.26672831736505032 0.23700035968795452 0.51092388387769405 0.15827135532162806 0.23477261792868453 0.22883515805005927 0.19021839019842446 0.70925004547461767 8.5661438123788667 0.3270161678083241 2.4725654567591846 3.7292338949628165 0.89198151044547591 4.0312574820127338 0.26426665810868177 0.54146114294417191 0.21624695137143124 0.85012421756982781 0.23927718214690685
leaf_count=132420 4669 340 16360 7277 21 831 42 5120 25 8417 59 24 15 35 24 26 18 23 26 834 35 254 241 118 496 38 84 30 85 11
internal_value=-0.00391766 -0.0368 0.0339118 0.00893391 -0.000480591 0.0522606 0.313663 0.00890882 0.0190819 0.018173 0.126259 0.308359 0.0432321 0.150947 0.0348478 0.0927588 0.075196 0.522886 -0.00235776 0.0580928 0.308494 0.0999593 0.0438255 0.0359121 0.0831591 0.181471 0.27952 0.191374 0.291646 0.175957
internal_weight=943.51 504.76 438.75 56.8555 52.6322 13.9292 0.819881 124.572 99.1693 99.0255 4.22336 0.971593 44.5948 3.22049 41.3743 9.70526 9.47048 0.34849 54.4307 9.122 0.555851 2.98349 314.178 13.1094 7.03462 3.00336 2.11138 1.84711 1.30565 1.0894
internal_count=177998 141876 36122 9456 9033 1756 63 19521 14401 14376 423 83 5933 304 5629 960 934 47 8443 887 53 289 16601 1693 862 366 248 210 126 96
is_linear=0
shrinkage=0.05


Tree=12
num_leaves=31
num_cat=0
split_feature=11 4 14 7 12 7 6 11 12 3 2 2 29 7 4 17 9 12 29 9 9 7 1 7 11 29 29 29 7 10
split_gain=476.069 51.4287 25.7148 25.2035 24.0197 40.2895 17.0401 13.5485 15.561 50.0773 67.6919 20.2392 13.1572 13.0642 12.1375 11.8902 25.0489 15.245 11.7457 11.4072 11.6113 12.3506 13.9358 11.2538 17.5342 27.7796 14.1799 19.834 40.1754 20.4673
threshold=0.0026132676991397884 0.0051066953976497851 143.50000000000003 0.0033795774215731652 0.09927857142857073 0.0001107695723631712 0.0011881550096331935 0.0019692549956991288 0.071439285714284304 0.012120672014815039 0.0082479294448485358 -0.016647846747917579 0.08108792185597237 0.0028179356664476203 0.0083200648399740073 1.0000000180025095e-35 0.80840667701649682 0.2418892857142855 -0.79900981708200491 1.3073057248291782 1.2734368604213191 0.00012704462455252294 0.022806753787111281 0.00079861053411993139 0.0026753491293759718 -0.39553890310655371 -0.64439656917294863 -0.58874737424377699 0.00067552353073626638 0.0040876044595533198
decision_type=2 2 2 2 2 2 2 2 2 2 2 2 2 2 2 2 2 2 2 2 2 2 2 2 2 2 2 2 2 2
left_child=2 6 7 4 5 -4 -2 -1 9 11 -11 -9 19 15 -6 -14 -17 -18 -3 20 21 -8 23 24 25 -23 -26 28 29 -28
right_child=1 18 3 -5 14 -7 12 8 -10 10 -12 -13 13 -15 -16 16 17 -19 -20 -21 -22 22 -24 -25 26 -27 27 -29 -30 -31
leaf_value=-0.047716523145940985 -0.0013415457370401002 -0.051102960734257658 1.1616440001462678 0.47938504899186052 -0.030959885402086385 -0.050275059000916902 -0.0032342992038167937 0.40767704631524904 -0.02864378063006669 2.1499816715616102 -0.050184350657208124 -0.0241573502365727 -0.013651184209270962 0.36728399503174602 0.32331309296483701 0.62688041578899467 0.4244914420639716 -0.050424416150445774 0.042509285743585937 -0.050707544846585045 0.42815629320641718 0.96152420135688021 0.51170249570980764 0.03730661672473131 -0.050466406435865079 -0.05021344408894364 -0.050547870202432656 0.095079075613960562 0.98330731597672516 0.65221136887163234
leaf_weight=348.41983586084098 132.20647825673223 3.3872701572254291 0.12374027050100256 0.37649665400385846 2.5565624444279824 0.15383443818427622 7.3445365161169311 0.32219970971345957 78.583721464965492 0.068177045788615831 0.071752503048628569 1.7186007534619412 20.096261641010649 0.23932379251345892 0.26701653283089388 0.22144175739958782 0.2102151720318941 0.86145447893068194 311.60165549954399 2.6693147718906394 0.20894692791625757 0.14812056603841484 0.17727359058335324 14.663975187810136 1.5055479307193298 0.12519054277800634 0.38194070849567374 9.8719439820852131 0.19337854534387589 0.14217291539534926
leaf_count=112497 21312 234 19 29 466 31 1101 3 20987 20 20 430 2769 24 21 32 21 125 14408 299 28 19 9 1495 213 30 61 1266 19 10
internal_value=-0.0038296 0.0290844 -0.0423421 0.0930726 0.0461722 0.489987 0.00863338 -0.0434394 -0.0249877 0.10676 1.02179 0.0440203 0.030962 -8.43448e-05 0.00254254 -0.0041948 0.142767 0.0427335 0.0415026 0.0489008 0.0565493 0.0543022 0.0698327 0.066935 0.102063 0.498096 0.0931135 0.113527 0.36735 0.140085
internal_weight=938.918 506.256 432.662 3.47765 3.10115 0.277575 191.268 429.184 80.7645 2.18073 0.13993 2.0408 59.061 21.6287 2.82358 21.3894 1.29311 1.07167 314.989 37.4323 34.763 34.5541 27.2095 27.0323 12.3683 0.273311 12.095 10.5894 0.717492 0.524114
internal_count=177998 43475 134523 566 537 50 28833 133957 21460 473 40 433 7521 2971 487 2947 178 146 14642 4550 4251 4223 3122 3113 1618 49 1569 1356 90 71
is_linear=0
shrinkage=0.05


end of trees

feature_importances:
volatility_20=39
atr=34
range_pct=31
lower_wick=28
distance_from_vwap=22
volatility_5=21
time_since_open=19
returns_10=18
body_pct=18
volume_momentum=18
volume_ratio_20=17
upper_wick=16
pressure_ratio=16
returns_5=14
returns_20=14
volume_ratio=14
time_to_close=13
price_position=12
fvg_size_pct=10
pv_divergence=9
returns=4
fvg_down=1
liquidity_grab_high=1
bos_down=1

parameters:
[boosting: gbdt]
[objective: binary]
[metric: auc]
[tree_learner: serial]
[device_type: cpu]
[data_sample_strategy: bagging]
[data: ]
[valid: ]
[num_iterations: 500]
[learning_rate: 0.05]
[num_leaves: 31]
[num_threads: 0]
[seed: 0]
[deterministic: 0]
[force_col_wise: 0]
[force_row_wise: 0]
[histogram_pool_size: -1]
[max_depth: -1]
[min_data_in_leaf: 20]
[min_sum_hessian_in_leaf: 0.001]
[bagging_fraction: 0.8]
[pos_bagging_fraction: 1]
[neg_bagging_fraction: 1]
[bagging_freq: 5]
[bagging_seed: 3]
[bagging_by_query: 0]
[feature_fraction: 0.8]
[feature_fraction_bynode: 1]
[feature_fraction_seed: 2]
[extra_trees: 0]
[extra_seed: 6]
[early_stopping_round: 0]
[early_stopping_min_delta: 0]
[first_metric_only: 0]
[max_delta_step: 0]
[lambda_l1: 0]
[lambda_l2: 0]
[linear_lambda: 0]
[min_gain_to_split: 0]
[drop_rate: 0.1]
[max_drop: 50]
[skip_drop: 0.5]
[xgboost_dart_mode: 0]
[uniform_drop: 0]
[drop_seed: 4]
[top_rate: 0.2]
[other_rate: 0.1]
[min_data_per_group: 100]
[max_cat_threshold: 32]
[cat_l2: 10]
[cat_smooth: 10]
[max_cat_to_onehot: 4]
[top_k: 20]
[monotone_constraints: ]
[monotone_constraints_method: basic]
[monotone_penalty: 0]
[feature_contri: ]
[forcedsplits_filename: ]
[refit_decay_rate: 0.9]
[cegb_tradeoff: 1]
[cegb_penalty_split: 0]
[cegb_penalty_feature_lazy: ]
[cegb_penalty_feature_coupled: ]
[path_smooth: 0]
[interaction_constraints: ]
[verbosity: -1]
[saved_feature_importance_type: 0]
[use_quantized_grad: 0]
[num_grad_quant_bins: 4]
[quant_train_renew_leaf: 0]
[stochastic_rounding: 1]
[linear_tree: 0]
[max_bin: 255]
[max_bin_by_feature: ]
[min_data_in_bin: 3]
[bin_construct_sample_cnt: 200000]
[data_random_seed: 1]
[is_enable_sparse: 1]
[enable_bundle: 1]
[use_missing: 1]
[zero_as_missing: 0]
[feature_pre_filter: 1]
[pre_partition: 0]
[two_round: 0]
[header: 0]
[label_column: ]
[weight_column: ]
[group_column: ]
[ignore_column: ]
[categorical_feature: ]
[forcedbins_filename: ]
[precise_float_parser: 0]
[parser_config_file: ]
[objective_seed: 5]
[num_class: 1]
[is_unbalance: 0]
[scale_pos_weight: 1]
[sigmoid: 1]
[boost_from_average: 1]
[reg_sqrt: 0]
[alpha: 0.9]
[fair_c: 1]
[poisson_max_delta_step: 0.7]
[tweedie_variance_power: 1.5]
[lambdarank_truncation_level: 30]
[lambdarank_norm: 1]
[label_gain: ]
[lambdarank_position_bias_regularization: 0]
[eval_at: ]
[multi_error_top_k: 1]
[auc_mu_weights: ]
[num_machines: 1]
[local_listen_port: 12400]
[time_out: 120]
[machine_list_filename: ]
[machines: ]
[gpu_platform_id: -1]
[gpu_device_id: -1]
[gpu_use_dp: 0]
[num_gpu: 1]

end of parameters

pandas_categorical:[]
