tree
version=v4
num_class=1
num_tree_per_iteration=1
label_index=0
max_feature_idx=30
objective=binary sigmoid:1
feature_names=returns returns_5 returns_10 returns_20 range_pct body_pct upper_wick lower_wick volume_ratio volume_ratio_20 volatility_5 volatility_20 atr time_since_open time_to_close price_position fvg_up fvg_down fvg_size_pct displacement_up displacement_down order_block_bull order_block_bear liquidity_grab_high liquidity_grab_low bos_up bos_down pressure_ratio distance_from_vwap volume_momentum pv_divergence
feature_infos=[-0.1426116838487973:1.3809523809523809] [-0.28637386309238866:3.2676518883415433] [-0.31054995750880177:4.5812807881773407] [-0.3240773703571852:4.5683690280065887] [0:0.42298483639265771] [0:0.42138866719872303] [0:0.12956521739130436] [0:0.21311475409836064] [0.002261614521374519:4.9977456721076479] [0.00069638707422023805:19.864151815121129] [0:0.63608277400300628] [0.00023196245382611869:0.34339939575867112] [0.0057142857142856562:13.865885714285712] [0:383] [7:390] [0:0.99999999983145116] [0:1] [0:1] [0:0.57931034482758625] [0:1] [0:1] [0:1] [0:1] [0:1] [0:1] [0:1] [0:1] [0:40510420] [-0.20361475155195896:0.94689106818769619] [-0.99967961726785204:13894.879999999999] [-13894.8921558813:1.2110919793966151]
tree_sizes=3398 3412 3432 3398 3427 3418 3428 3427 3455 3436 3439 3445 3453 3451 3422 3463 3454 3460 3465 3441 3456 3474 3481 3466

Tree=0
num_leaves=31
num_cat=0
split_feature=4 28 2 10 12 3 29 12 4 13 3 28 7 12 0 2 4 6 7 29 0 7 25 29 12 11 28 14 15 7
split_gain=4330.58 1378.18 819.824 581.257 396.296 366.126 416.003 371.237 379.167 337.707 289.112 547.061 263.337 235.47 201.645 192.249 180.923 175.108 162.278 160.115 149.859 138.623 135.99 131.245 125.342 114.349 109.356 109.225 97.7697 265.251
threshold=0.0074566292620718939 -0.028516280922862416 0.087537310878471733 0.0034804381826572281 1.4545071428571412 -0.055124969772400993 6.9015723204994801 0.14412142857143148 0.018425369632580815 241.50000000000003 0.12343915402399154 0.029700406131526805 0.0037573856273372748 0.61639642857142418 -0.0081033692976765197 0.087537310878471733 0.00048810502532312708 0.0019395046380089715 0.0016849006810840852 0.77915577534979463 -0.0081033692976765197 0.0029368262020679683 1.0000000180025095e-35 4.880889389747658 0.11025357142857219 0.0025459658847526742 0.029700406131526805 83.500000000000014 0.039682539210126093 0.00074331020812679852
decision_type=2 2 2 2 2 2 2 2 2 2 2 2 2 2 2 2 2 2 2 2 2 2 2 2 2 2 2 2 2 2
left_child=3 4 12 15 5 6 7 -2 18 -4 16 -12 26 17 19 25 20 -11 -9 -14 24 -7 -15 -21 -5 -1 -3 -17 29 -6
right_child=1 2 9 10 28 21 -8 8 -10 13 11 -13 14 22 -16 27 -18 -19 -20 23 -22 -23 -24 -25 -26 -27 -28 -29 -30 -31
leaf_value=-5.0158826729090551 -3.8036848738525002 -4.6829208288085651 -1.7260357812951352 -4.6543449740127745 -4.7151064097385067 -4.8044614622763504 -4.2646336965994447 -3.0075005436532258 0.71002178005916328 -3.6517812845381643 -4.5549171700979336 -1.3732274448231454 -2.5884561593378157 -3.7966604304159919 -4.4290189348492301 -3.1372691271831492 -4.8919038102490804 -1.5190548905649059 -1.0204191083511365 -5.0189135883671767 -4.6252479484539686 -3.0075005436532258 -4.8044614622763504 -3.3783548237723586 -2.675258210374583 -4.9695873270721798 -4.0315402578239956 -4.7674869577779324 -4.4580387970527076 -1.7377960591775525
leaf_weight=643.36998795019463 0.16457807645201694 30.357797685544941 0.21258001541718785 0.13714839704334769 0.16457807645201672 0.23315227497368973 0.19886517571285367 0.19886517571285367 0.1920077558606863 0.21943743526935611 0.75431618373840947 0.16457807645201683 0.26743937423452724 1.1863336344249544 7.2894373028539103 0.21258001541718741 79.127767674159259 0.1714354963041842 0.21258001541718841 0.21943743526935577 2.9212608570232979 0.19886517571285367 0.46630454994738091 0.27429679408669472 0.1920077558606863 168.26736833248287 0.65831230580806632 0.19886517571285367 0.62402520654723048 0.13714839704334736
leaf_count=93821 24 4427 31 20 24 34 29 29 28 32 110 24 39 173 1063 31 11539 25 31 32 426 29 68 40 28 24538 96 29 91 20
internal_value=-4.96913 -4.4828 -4.54944 -4.99283 -3.29824 -2.76717 -2.22647 -1.69874 -1.12466 -3.62269 -4.86705 -3.98506 -4.60296 -3.82 -4.34816 -5.00574 -4.87689 -2.71637 -1.98084 -3.57378 -4.51129 -3.97729 -4.08102 -4.10749 -3.49988 -5.00628 -4.6691 -3.92521 -4.10074 -3.36178
internal_weight=938.993 43.6475 41.3228 895.346 2.32467 1.39891 0.966896 0.768031 0.603453 2.25609 83.2971 0.918894 39.0667 2.04351 8.05061 812.049 82.3782 0.390873 0.411445 0.761174 3.25042 0.432017 1.65264 0.493734 0.329156 811.637 31.0161 0.411445 0.925752 0.301726
internal_count=136931 6365 6026 130566 339 204 141 112 88 329 12147 134 5697 298 1174 118419 12013 57 60 111 474 63 241 72 48 118359 4523 60 135 44
is_linear=0
shrinkage=1


Tree=1
num_leaves=31
num_cat=0
split_feature=7 5 6 18 6 5 3 28 28 12 9 6 13 1 9 13 1 1 5 28 1 5 5 3 9 3 29 29 7 13
split_gain=898.679 484.728 265.29 215.669 159.911 98.1294 99.2936 91.5791 74.3674 113.346 88.0017 69.0242 58.4306 54.5748 50.6608 94.3368 58.0079 96.7172 124.993 48.3312 46.6478 45.27 68.3657 225.41 289.015 76.5027 65.889 47.5512 45.3949 124.767
threshold=0.0017935177149093575 0.0058410827252940072 0.0026184934035712311 0.0049998644763109149 0.0011806546362471038 0.0038521451140826669 0.031744726707869771 0.015396744411665804 -0.012834093892617341 0.036667857142856322 0.18186405051396165 0.0043794780458845219 376.50000000000006 -0.0079574249542165836 1.2414133445667155 250.50000000000003 -0.0028677138914655616 -0.011060356372895206 0.0013004384335788489 -0.028516280922862416 0.013770427360865646 0.001752584847905414 0.0021802238677728902 0.056853756133320117 1.4278963538091218 -0.016802385042132047 -0.013885386670025533 -0.77242524367656828 0.0045235406660948446 335.50000000000006
decision_type=2 2 2 2 2 2 2 2 2 2 2 2 2 2 2 2 2 2 2 2 2 2 2 2 2 2 2 2 2 2
left_child=1 2 3 7 5 -2 -7 8 9 10 -1 12 -4 -3 15 -13 17 -17 -19 -6 -15 28 23 25 -25 26 -23 -24 -21 -30
right_child=4 13 11 -5 19 6 -8 -9 -10 -11 -12 14 -14 20 -16 16 -18 18 -20 21 -22 22 27 24 -26 -27 -28 -29 29 -31
leaf_value=0.23172258839500059 0.040565669452643886 0.24963959505714209 0.070295134598623785 0.30413083642534727 0.10651196264608945 0.11357093099404335 0.3861910372258397 0.11207391749359213 -0.037547206084352802 0.062221221451443057 1.8564838233702732 1.3795851463655402 0.7685503334381335 0.054837999591306065 0.16621615359431574 0.18563754580425271 0.11139361657185885 0.18423336918945707 1.764520946193171 0.12953371587948428 0.20494279513488589 1.2315382492654221 1.0674192726736265 2.798708878710789 0.19820070747171664 0.0024097964279149882 0.23360623037346026 0.24793970179703662 0.25347711673389067 1.466299071708516
leaf_weight=0.17721546301618119 40.001541598234326 12.437372170388697 16.126398220192648 4.7512111831456414 8.729938230942933 13.388573027681561 4.4501555883325628 10.628343889024107 785.6621659072116 11.539779009297488 0.1573259299620986 0.2447383720427746 0.3052787552587678 12.344407440163197 4.3226017355918884 0.62044532829895616 1.2356013269163664 0.21313297562301203 0.30303612537682056 11.915602354332803 8.9129214044660312 0.31201531318947673 0.17886829609051957 0.2281303429044782 0.20096006477251649 0.94624163117260018 0.35201781475916516 17.142121830489483 2.6187223363667722 0.23073776252567757
leaf_count=22 5401 1004 2117 357 138 864 323 1115 118023 1573 21 26 42 1419 325 46 143 30 35 1517 651 37 15 24 20 117 40 1269 196 21
internal_value=-0.00311846 -0.0194861 -0.0269775 -0.0317525 0.138293 0.0840565 0.18158 -0.0337272 -0.0356702 0.0885236 0.995805 0.139109 0.0832678 0.166449 0.271331 0.444957 0.348533 0.606325 1.112 0.211494 0.117775 0.23835 0.288642 0.562466 1.58079 0.291113 0.702514 0.256402 0.172406 0.351687
internal_weight=970.678 869.982 836.287 812.916 100.696 57.8403 17.8387 808.165 797.536 11.8743 0.334541 23.3712 16.4317 33.6947 6.93956 2.61695 2.37222 1.13661 0.516169 42.8554 21.2573 34.1254 19.3604 2.03937 0.42909 1.61027 0.664033 17.321 14.7651 2.84946
internal_count=136931 126949 123875 121111 9982 6588 1187 120754 119639 1616 43 2764 2159 3074 605 280 254 111 65 3394 2070 3256 1522 238 44 194 77 1284 1734 217
is_linear=0
shrinkage=0.05


Tree=2
num_leaves=31
num_cat=0
split_feature=10 10 28 8 7 1 12 13 14 5 6 9 0 7 5 27 7 29 6 18 28 5 7 12 6 8 1 7 7 15
split_gain=1420.75 105.924 100.237 66.602 62.3586 70.0641 51.0371 53.109 184.743 92.7104 51.1569 68.3869 51.657 49.3593 43.7815 36.7674 72.6357 41.3745 45.6403 43.2156 36.1376 34.2485 33.825 37.084 60.9494 33.6149 33.5793 33.464 31.8235 31.6824
threshold=0.0033022351511185614 0.0044440501663001513 0.0086136561536719735 3.3304070403626871 0.0023974385122847181 -0.00072306579898778745 0.082500000000000864 331.50000000000006 68.500000000000014 0.00096634567439234456 0.001310648904160983 0.32263382934997892 0.00066330591668883898 0.0014555971897110475 0.0086462669977740731 823075.50000000012 0.0016521378664587476 0.45505820911167344 0.0012518393233335136 0.01396710119907636 -0.0069468625522860943 0.0010848246200228005 0.00097890492234274651 0.59679285714285635 0.00064953140948316131 0.72696843543539924 -0.011060356372895206 0.0016521378664587476 0.00068265951789217029 0.74265660901215125
decision_type=2 2 2 2 2 2 2 2 2 2 2 2 2 2 2 2 2 2 2 2 2 2 2 2 2 2 2 2 2 2
left_child=2 6 13 15 -4 -6 7 8 9 -2 14 12 28 -1 -8 17 -17 29 19 -19 -16 -20 -5 24 -24 -7 -15 -10 -12 -3
right_child=1 3 4 22 5 25 10 -9 27 -11 11 -13 -14 26 20 16 -18 18 21 -21 -22 -23 23 -25 -26 -27 -28 -29 -30 -31
leaf_value=-0.04233772551848114 0.71851857292220433 0.17147129417956433 0.034993295307840448 0.17532582025091883 0.96025671663146284 0.62151997209394527 0.0037665904572883307 0.035919839160180204 0.064086978073317882 2.20059087155783 -0.050408869473118123 0.094453439465988775 1.3585121217192158 0.18666746914413995 0.089527822758929079 -0.050477135997275394 1.0311364619047518 0.049731928928437669 0.034061621063728578 0.49996787644932 0.85089574285682223 0.16002699695565986 1.2275764784398147 0.22429084702644381 0.42683293974501124 0.096599822196725388 -0.00031559523042003711 0.79667450972620035 0.86161482964335512 0.098533849707291066
leaf_weight=682.21735705062747 0.25977688003331367 56.743053388316184 25.161915228702131 1.4142267610877746 0.34539279341697726 0.37183147016912643 37.741679013241082 1.7350088828243313 1.3077167146839199 0.17769769765436649 0.22887002164498227 18.267451940570027 0.17742545856162906 2.5291330544278017 0.35580675024539232 0.29834725102409621 0.32355194725096226 32.942077438347042 6.5629618074744931 0.54173165839165349 0.27732610888779063 30.349992461502552 0.351873416919261 0.72222658013924945 0.73201677342876792 1.6966148200444875 47.425113873090595 0.17697943421080697 0.16431927215307951 20.185001594014466
leaf_count=106853 20 4449 3532 84 24 35 4926 208 147 22 30 2067 21 287 27 34 30 2962 561 28 26 2022 23 40 44 193 6656 16 14 1550
internal_value=-0.00336168 0.111077 -0.0353002 0.133502 0.0582815 0.301039 0.0553853 0.236471 0.417495 1.32052 0.0438099 0.111291 0.650312 -0.0388248 0.0106838 0.128606 0.512248 0.126986 0.099287 0.0570163 0.423024 0.137631 0.358452 0.501844 0.686786 0.190961 0.00915117 0.151413 0.330739 0.152333
internal_weight=971.784 212.037 759.747 151.167 27.5758 2.41384 60.8701 3.65718 1.92217 0.437475 57.2129 18.8381 0.570615 732.172 38.3748 147.947 0.621899 147.325 70.3968 33.4838 0.633133 36.913 3.22034 1.80612 1.08389 2.06845 49.9542 1.4847 0.393189 76.9281
internal_count=136931 19351 117580 11827 3784 252 7524 413 205 42 7111 2132 65 113796 4979 11636 64 11572 5573 2990 53 2583 191 107 67 228 6943 163 44 5999
is_linear=0
shrinkage=0.05


Tree=3
num_leaves=31
num_cat=0
split_feature=4 11 4 18 11 9 4 1 15 12 7 11 11 12 14 11 12 14 13 11 8 2 1 2 11 27 12 15 1 2
split_gain=1189.92 201.094 127.342 93.5633 54.4038 44.525 92.7983 39.4906 43.2072 35.5341 53.1947 49.5655 34.9005 39.1727 49.8786 47.8192 66.893 129.385 163.667 63.8967 48.7899 37.2397 42.3799 31.4987 30.4367 43.7427 67.9376 47.5739 45.9695 35.5964
threshold=0.0047154264384162035 0.0030362307510054072 0.0066072410900224502 0.0024421727920248787 0.019271163712911949 0.25118831644871958 0.0052139277796045538 0.032082549436914583 0.97221461175905677 2.0703357142857137 0.00097890492234274651 0.0301854119423891 0.0035760733848327836 0.1524857142857137 90.500000000000014 0.005770168316186969 0.11025357142857219 84.500000000000014 315.50000000000006 0.0069676588013463788 2.2603958795428269 -0.036704567099342493 -0.01319446576674743 -0.043257552704133943 0.0062987295772075824 0.75321843113748654 0.42245357142857448 0.2959999959875701 -0.026063135497213726 -0.0099975793313913913
decision_type=2 2 2 2 2 2 2 2 2 2 2 2 2 2 2 2 2 2 2 2 2 2 2 2 2 2 2 2 2 2
left_child=1 -1 5 4 -3 6 -2 -5 -9 -6 -11 -12 -4 14 15 -14 19 18 -18 -17 23 -15 24 -21 25 28 -27 -28 -23 -26
right_child=2 3 12 7 9 -7 -8 8 -10 10 11 -13 13 21 -16 16 17 -19 -20 20 -22 22 -24 -25 29 26 27 -29 -30 -31
leaf_value=-0.045757841374839889 1.2769806286100041 0.0012484508510339166 0.040484055398127106 0.1325709466949449 0.10277104042016715 0.042472926321666923 0.051724488099069203 0.82049109981353663 0.14539913775822549 0.053758774640339971 1.3888607670127737 0.34625339703208696 0.12006861534611227 0.077085409049516135 0.026544602927946494 0.7813423972987068 2.016175446249695 0.14129785610756654 0.41284706288582379 0.45197389132244714 0.69537307557286843 0.68104974241883931 0.12764332196984213 0.0030755769142954692 0.11287818386624625 -0.050649756626988708 1.1290834709529394 0.37376715698351931 0.14612238704926639 0.28961135412403799
leaf_weight=604.05575836542994 0.22598132258281012 136.47786692017689 10.433834162075071 9.3898189533501828 5.3868018295615903 70.339057296980172 0.48878538468852639 0.45779462996870357 0.49144619423896074 0.44937472837045778 0.20842315582558513 0.25160139426589012 2.3317619389854354 27.655528338626027 2.1431982512585819 0.54005421372130546 0.31440333835780598 0.51971345394849777 0.32236946234479547 0.49640145525336343 0.40139950066804875 0.47801204957067955 78.041898242197931 1.836669491138309 7.920679829083384 0.30345100443810202 0.50829534139484167 0.3534301184117794 2.5132383722811968 4.449691433925179
leaf_count=98836 26 19262 1064 735 446 8946 53 20 24 29 23 21 160 1048 106 29 20 35 21 18 16 32 4904 106 448 26 32 29 189 227
internal_value=-0.00343578 -0.0327848 0.101081 0.0183957 0.00787776 0.0464628 0.439103 0.163641 0.470979 0.151576 0.440672 0.818627 0.128495 0.135498 0.236737 0.30335 0.399799 0.726698 1.20448 0.284346 0.18619 0.128121 0.143046 0.0985865 0.215782 0.332841 0.592733 0.819296 0.231606 0.17645
internal_weight=969.787 757.169 212.618 153.113 142.774 71.0538 0.714767 10.3391 0.949241 6.2962 0.909399 0.460025 141.564 131.13 8.90597 6.76277 4.43101 1.15649 0.636773 3.27452 2.73447 122.224 94.5687 2.33307 16.5268 4.15643 1.16518 0.861725 2.99125 12.3704
internal_count=136931 119396 17535 20560 19781 9025 79 779 44 519 73 44 8510 7446 511 405 245 76 41 169 140 6935 5887 124 983 308 87 61 221 675
is_linear=0
shrinkage=0.05


Tree=4
num_leaves=31
num_cat=0
split_feature=11 4 10 11 9 11 5 1 0 12 2 2 12 12 11 6 13 15 2 29 13 10 10 12 13 13 15 8 5 14
split_gain=1027.14 225.145 65.2308 43.855 43.4017 40.8684 30.0989 43.3339 27.3568 22.4837 44.5463 22.2645 40.8393 22.1257 29.326 22.602 46.1974 61.4911 45.5246 74.6038 40.3827 23.0969 21.2703 50.0045 20.7532 37.7401 20.5114 26.3618 21.2422 21.9612
threshold=0.0033886686818657501 0.0062696764697434309 0.002300477542700189 0.019271163712911949 0.27261847319315435 0.0025179250346079522 0.0040648281566868965 0.0034038069963883148 -0.0081033692976765197 0.17562142857142887 -0.036704567099342493 -0.018510974744600391 0.12856785714285482 0.036667857142856322 0.0059518176542134194 0.0012518393233335136 324.50000000000006 0.29166665451387591 -0.009622825450858628 0.28578818226539277 316.50000000000006 0.011912342069256133 0.0042104970273267083 0.1853821428571453 237.50000000000003 168.50000000000003 0.93999996240000649 1.5240827550870304 0.0032122976947821353 125.50000000000001
decision_type=2 2 2 2 2 2 2 2 2 2 2 2 2 2 2 2 2 2 2 2 2 2 2 2 2 2 2 2 2 2
left_child=5 2 -2 4 6 22 9 -8 -6 10 -4 12 -7 14 -3 -15 20 18 21 -20 -17 -18 -1 -24 25 -13 27 28 29 -5
right_child=1 13 3 26 8 11 7 -9 -10 -11 -12 24 -14 15 -16 16 17 -19 19 -21 -22 -23 23 -25 -26 -27 -28 -29 -30 -31
leaf_value=-0.046639336007480998 -0.015942681842829907 0.04424952176832303 0.68197128222222136 0.28979642352058443 0.36575141320031485 0.76231228200471957 0.10600794502060501 0.99690131908378832 0.026524354807471152 0.038209930082030878 0.14116813760874755 -0.050433991931396617 0.071520504605030386 0.085112269107017871 0.54485230032644238 0.12047882674443883 0.18300165494081255 0.12335344919817662 0.37021940276372778 1.1480696208346934 -0.014100726132784597 0.54136756197265956 0.84852603805543958 -0.050470239224375227 -0.013932660106744134 0.99583531842152129 0.03839819039602093 0.65989518063351582 -0.050937233120059745 0.11156741419312251
leaf_weight=546.87055964488536 56.637026189826429 0.52136028232052811 0.40800741128623474 3.3637420074082893 0.59785737516358395 0.24607207253575225 0.31902292929589826 0.23856638744473457 100.59979748353362 5.5429113171994686 5.7058616196736658 0.21610862296074529 1.6393032642081378 62.090544184669852 0.66661739163100719 76.862495032604784 2.5933863413520162 7.1192952389828861 1.1832771827466766 0.41684613097459067 6.0099789849482468 0.54391239024698723 0.22244574269279738 0.50774359982460737 78.216134098824114 0.1433692155405879 3.4108933918178073 0.28141105221584428 0.97615848295390595 3.5550794112496078
leaf_count=93769 8385 32 14 243 32 30 30 18 12745 525 459 28 196 3812 19 3624 107 423 58 25 298 13 23 60 11526 19 83 27 91 217
internal_value=-0.00350892 0.0665403 0.0285715 0.0487408 0.0392744 -0.0413902 0.128306 0.48718 0.0285284 0.11114 0.177258 -0.00811646 0.16168 0.110187 0.325156 0.108558 0.123926 0.216239 0.355825 0.572856 0.110719 0.245131 -0.0462793 0.223401 -0.0121906 0.366846 0.141395 0.184361 0.167411 0.198217
internal_weight=967.706 339.644 181.636 124.999 113.412 628.062 12.2144 0.557589 101.198 11.6568 6.11387 80.461 1.88538 158.008 1.18798 156.82 94.7292 11.8567 4.73742 1.60012 82.8725 3.1373 547.601 0.730189 78.5756 0.359478 11.5873 8.17639 7.89498 6.91882
internal_count=136931 31280 22869 14484 13823 105651 1046 48 12777 998 473 11799 226 8411 51 8360 4548 626 203 83 3922 120 93852 83 11573 47 661 578 551 460
is_linear=0
shrinkage=0.05


Tree=5
num_leaves=31
num_cat=0
split_feature=10 11 4 11 13 4 0 12 12 20 12 13 2 13 27 9 10 15 2 7 13 13 1 5 15 29 6 11 6 4
split_gain=974.58 187.01 60.7271 56.0776 46.1362 35.5491 32.8715 31.7958 54.5807 40.4379 39.1824 34.0168 48.2668 29.3439 48.2287 43.6433 43.5982 30.863 41.9283 28.627 39.7531 38.6761 42.9085 40.4622 51.4044 41.7001 32.4463 91.628 41.4356 31.1948
threshold=0.0025535252813792884 0.0044213505753515252 0.004510682463805084 0.0010792649165702825 380.50000000000006 0.0057428177528858473 0.0067993003842719011 1.3861999999999977 2.3190964285714308 1.0000000180025095e-35 0.12542142857142788 316.50000000000006 -0.00072102077055857794 245.50000000000003 0.54148636977337261 2.4880100674860848 0.0082753560642425204 0.47368418915712035 0.0032390260974297651 3.9823978032974217e-05 261.50000000000006 307.50000000000006 0.0056307703492555214 0.001400805463141235 0.3846153800366256 -0.28075929124435661 0.0013953783384321511 0.024661439823765157 0.0012144407693172009 0.0069903073961766499
decision_type=2 2 2 2 2 2 2 2 2 2 2 2 2 2 2 2 2 2 2 2 2 2 2 2 2 2 2 2 2 2
left_child=2 5 -1 -4 7 6 -2 10 19 11 -3 -10 -13 14 -7 17 -15 -16 -19 26 -21 29 23 24 -23 -26 27 28 -9 -22
right_child=1 4 3 -5 -6 13 -8 8 9 -11 -12 12 -14 16 15 -17 -18 18 -20 20 21 22 -24 -25 25 -27 -28 -29 -30 -31
leaf_value=-0.04390201945313349 -0.013718837249874436 0.14358147811544819 0.79636188953084464 0.022845980942900034 0.58006115666726232 -0.051227473111668143 0.57085659210083239 0.14791207598299036 0.035361770362703535 0.5444810096822833 0.069861828076723795 0.93870750776699097 -0.050552336875752828 0.031001787619258071 0.7985498105582205 -0.050670898785779885 0.6552802163276702 -0.050768340816799068 0.81119973857127747 0.079173254809255009 0.11001211497158497 0.1657558002191058 -0.021452141956545198 0.13844453096764681 1.1001525957173923 0.20479781297521585 0.16479149115253933 1.3417364940995598 0.83344795468983779 0.35018485406723004
leaf_weight=586.82601296668872 72.251050570979714 20.09176281420514 0.23616281943395989 29.865131475031376 0.47475841641425987 1.0399789554066985 0.24128303909674187 1.0066033452749246 18.985751069150872 0.41555038187652726 175.18730035750195 0.25261378102004528 0.24087046785280009 23.777026029303673 0.5881953048519788 0.42150307586416591 0.28300250135362048 0.35986714391037822 0.23205196764320135 12.681303798686715 1.8403807473368932 0.69135797582566538 3.0922798374667764 4.4454093091189861 0.39097466599196196 0.19485338497906923 2.0556019740179181 0.25128550548106421 0.28222070029005397 5.0946990046650171
leaf_count=103505 10534 1130 28 3756 27 77 19 98 1036 13 12405 19 25 2248 32 35 16 30 19 749 180 55 175 287 34 15 110 15 15 225
internal_value=-0.00264819 0.0644051 -0.0403491 0.0289147 0.0876389 0.00639307 -0.0117731 0.0866931 0.121469 0.056426 0.0774467 0.0460143 0.455848 0.0557126 0.213901 0.386057 0.0383448 0.542044 0.287152 0.161874 0.145063 0.198114 0.128617 0.209708 0.457752 0.802347 0.294798 0.46832 0.298028 0.28645
internal_weight=963.797 346.87 616.927 30.1013 247.676 99.194 72.4923 247.201 51.9218 19.8948 195.279 19.4792 0.493484 26.7016 2.6416 1.60162 24.06 1.18011 0.591919 32.027 28.4313 15.75 8.81488 5.7226 1.27719 0.585828 3.59571 1.54011 1.28882 6.93508
internal_count=136912 29623 107289 3784 16613 13010 10553 16586 3051 1093 13535 1080 44 2457 193 116 2264 81 49 1958 1720 971 566 391 104 49 238 128 113 405
is_linear=0
shrinkage=0.05


Tree=6
num_leaves=31
num_cat=0
split_feature=10 4 28 4 28 16 18 12 27 6 4 7 12 2 10 5 7 5 28 12 2 14 27 27 14 9 18 27 5 13
split_gain=858.59 92.2236 72.9852 57.7833 35.2741 32.7881 26.2527 33.6906 68.609 91.4988 38.8031 23.6366 26.8956 23.3211 22.4803 21.0902 20.6052 20.9563 27.5348 20.306 32.5514 29.1749 45.2551 19.9982 18.8906 22.018 20.0868 18.6793 34.2416 20.3903
threshold=0.0025535252813792884 0.0057428177528858473 0.010332618604832382 0.004510682463805084 -0.012834093892617341 1.0000000180025095e-35 0.0027565984296754431 1.3287785714285729 0.93646236573795205 0.0014186481297009199 0.00438121595533852 0.0020683442415715017 1.1892642857142877 0.066270877725264979 0.0064449605810870574 0.00058366195500098104 0.0025778130132460037 0.0017309239396682326 -0.016340316469375813 0.16641428571428565 -0.077572921248404411 94.500000000000014 2.2225984958765177 0.068736354940410929 166.50000000000003 0.55693199154795092 0.0031686830057721959 177857.00000000003 0.0053060429420507668 376.50000000000006
decision_type=2 2 2 2 2 2 2 2 2 2 2 2 2 2 2 2 2 2 2 2 2 2 2 2 2 2 2 2 2 2
left_child=3 2 4 13 11 14 7 -4 9 10 -9 19 16 -1 -3 -15 17 18 -13 21 -21 22 23 -2 25 -8 -27 29 -29 -5
right_child=1 5 6 27 -6 -7 24 8 -10 -11 -12 12 -14 15 -16 -17 -18 -19 -20 20 -22 -23 -24 -25 -26 26 -28 28 -30 -31
leaf_value=-0.044036620973182727 0.39086493449542803 0.067533692626248615 0.053216355387911529 0.0093209805973301103 0.0054516582834408314 0.035404001699132041 0.41538756287661038 -0.05158598088072186 0.079415140446109783 1.3262965024052644 0.74278510607274528 0.85651172209690873 0.64601394198717399 0.50376614537097197 0.10420832619597226 0.025679102092811292 -0.050484326287395534 -0.050517939664465973 0.14047773816473394 0.3766448252190906 -0.010992726386415861 0.0168725005994592 0.88570682138653367 0.069105214593470146 0.11638610883171321 0.44630368276731502 -0.050907974336936446 0.093354495447216426 0.70343763920326974 0.26774600550093525
leaf_weight=560.89849438657984 0.78667130786925543 72.972401226870716 18.343386343680329 28.265422600321479 121.47467889543623 34.9902995810844 1.5908378083258861 0.3947574882768089 2.243126193061471 0.29030454251915216 0.25178128015249968 0.2756083640269934 0.35870474390685547 0.35992919327691086 97.763477572705597 0.64238040614873171 0.63412159215658903 0.24468496302142739 0.26179663138463993 0.58381584100424966 7.485130009241403 2.1306172115728259 0.26694228313863266 1.2506300392560659 2.9767520725727081 0.29958873335272063 0.63086799765005708 1.7309280508197833 0.26523691834881891 0.78448318317532439
leaf_count=103449 33 4807 1665 3489 15894 1997 51 32 157 20 18 26 27 20 3679 36 68 26 27 34 732 97 21 107 43 13 49 190 24 81
internal_value=-0.00268839 0.0572477 0.0291272 -0.0399371 0.0141899 0.0794972 0.104171 0.0792623 0.229506 0.588877 0.257766 0.0885297 0.259276 -0.043606 0.0885336 0.19736 0.161321 0.333053 0.507696 0.0642923 0.0170542 0.150239 0.273556 0.193348 0.201682 0.302387 0.109184 0.0264662 0.174418 0.0162997
internal_weight=961.448 368.501 162.775 592.947 135.753 205.726 27.0214 21.5234 3.17997 0.936843 0.646539 14.2787 1.77492 561.901 170.736 1.00231 1.41621 0.78209 0.537405 12.5038 8.06895 4.43486 2.30424 2.0373 5.49805 2.52129 0.930457 31.0461 1.99616 29.0499
internal_count=136912 29623 19140 107289 17092 10483 2048 1892 227 70 50 1198 174 103505 8486 56 147 79 53 1024 766 258 161 140 156 113 62 3784 214 3570
is_linear=0
shrinkage=0.05


Tree=7
num_leaves=31
num_cat=0
split_feature=11 10 11 28 18 14 11 12 27 15 12 12 18 3 13 3 11 10 13 11 27 29 12 15 13 11 10 5 8 28
split_gain=788.002 95.2995 41.9742 35.3603 26.58 26.5305 62.1413 29.4789 92.676 25.7773 20.5269 24.3102 34.2985 24.8906 32.5942 23.8564 38.2335 26.263 37.0282 54.2964 60.2849 31.7465 27.9614 25.9301 20.3448 27.3907 32.6598 44.6137 39.5241 23.415
threshold=0.0033886686818657501 0.0025812620052271576 0.0022394226672945131 0.015396744411665804 0.01396710119907636 53.500000000000007 0.005770168316186969 0.1048321428571428 1.9756629717812733 0.76760715368109356 0.04107142857142853 0.57938928571428205 0.0032554261654905207 0.041308402070932566 338.50000000000006 0.091906577533202985 0.021543912676995541 0.0037618333112644253 245.50000000000003 0.013608069928339935 2.2991671595224026 15.088201451584354 1.0206714285714309 0.86878942826955774 349.50000000000006 0.0046423708686138872 0.0050602846433294877 0.0019026306913272884 0.75788204125960612 -0.012834093892617341
decision_type=2 2 2 2 2 2 2 2 2 2 2 2 2 2 2 2 2 2 2 2 2 2 2 2 2 2 2 2 2 2
left_child=2 5 -1 9 -4 6 7 8 -2 24 -5 12 -12 14 -13 16 17 22 19 -19 -21 -20 -15 -17 29 -26 27 28 -27 -3
right_child=1 3 4 10 -6 -7 -8 -9 -10 -11 11 13 -14 15 -16 23 -18 18 21 20 -22 -23 -24 -25 25 26 -28 -29 -30 -31
leaf_value=-0.047688337369768921 0.07576112763840992 0.083831295114826038 -0.014627998742641986 0.40180415798422087 0.68667843480788715 -0.0091432956574710993 0.83472937109872147 -0.0041629326816276261 1.3301434111326433 0.022293930206486082 0.018196483540806333 -0.0038414978365921303 0.13407284624486127 0.66491459160683197 0.47688002716450173 0.17563387012677578 0.6909982705301263 0.071551288473538366 0.052514542117720622 0.26266984270296084 1.1000018203337276 0.43274251696986515 0.093269662684447696 0.049734590288193214 0.040808427671090962 0.314311354968837 0.11533925840520057 0.18517827907282502 1.0271535076467542 0.047373265578196051
leaf_weight=446.92757412511855 0.78778758691623707 63.928590472321957 114.73944069026038 0.55119283683597942 0.13526649121194978 66.376261373050511 0.28219953412190069 3.2361380751244724 0.18109658546745777 48.893606963101774 17.247700449079279 5.0824215561151531 10.140460984781383 0.55773684941232193 0.37889631558209647 8.1232707686722296 0.40310357231646854 0.81609154492616631 4.8001926718279719 0.47757652401924133 0.39090470131486654 0.61985811125487078 0.34701312519609928 8.2365363491699082 5.4480773909017426 0.40944152232259545 4.6815368058159947 1.473582398612052 0.37033354956656694 141.56020414130762
leaf_count=87325 90 2556 18374 25 6 9963 23 435 28 4013 818 277 212 35 24 170 9 50 262 22 20 30 26 197 495 27 149 79 18 11154
internal_value=-0.00268902 0.0513483 -0.0407595 0.0628057 -0.0138022 -0.00118878 0.116477 0.0682746 0.310221 0.0551034 0.0981266 0.0952217 0.0610997 0.126132 0.0295101 0.147434 0.215859 0.191946 0.159636 0.364385 0.639554 0.0959989 0.445663 0.112248 0.0624663 0.124707 0.190619 0.347019 0.652857 0.0587155
internal_weight=957.604 395.802 561.802 324.938 114.875 70.8635 4.48722 4.20502 0.968884 266.765 58.173 57.6218 27.3882 30.2336 5.46132 24.7723 8.41248 8.00937 7.10462 1.68457 0.868481 5.42005 0.90475 16.3598 217.872 12.383 6.93489 2.25336 0.779775 205.489
internal_count=136912 31207 105705 20668 18380 10539 576 553 118 18491 2177 2152 1030 1122 301 821 454 445 384 92 42 292 61 367 14478 768 273 124 45 13710
is_linear=0
shrinkage=0.05


Tree=8
num_leaves=31
num_cat=0
split_feature=11 4 28 11 4 11 12 13 11 0 4 0 28 18 28 0 9 0 8 9 13 6 11 10 4 2 12 5 11 30
split_gain=706.815 84.8534 51.3953 37.3922 36.0523 80.8559 33.2905 32.6058 37.8482 30.1461 51.7576 27.0166 39.2858 25.2216 23.2259 24.3622 21.0592 18.4307 27.988 39.3586 43.0385 18.4261 17.2011 16.8213 16.608 18.6391 18.0795 17.29 32.0954 22.6659
threshold=0.0032227616009137413 0.0057428177528858473 0.0086136561536719735 0.016177463714266094 0.004510682463805084 0.00085493569132422283 1.3287785714285729 349.50000000000006 0.0051424766267603493 -0.00018716250775840934 0.0044477432714211994 -0.003200078576397924 -0.0071538169276032801 0.0027565984296754431 -0.012834093892617341 -0.0013140902197650848 0.57268730093146214 -0.00048885242028762199 1.2649335464921456 0.57644534069926079 268.50000000000006 0.003183621493803379 0.0021084867699091036 0.035823856873275703 0.011248941277157592 -0.036704567099342493 0.64787500000000164 0.003496856227369451 0.0033323942514731394 -4.3942859836184001
decision_type=2 2 2 2 2 2 2 2 2 2 2 2 2 2 2 2 2 2 2 2 2 2 2 2 2 2 2 2 2 2
left_child=4 2 7 13 22 -6 -5 14 11 10 -8 12 -9 -4 15 -2 -10 18 19 20 -17 23 -1 -19 26 -26 27 28 -3 -30
right_child=1 24 3 6 5 -7 9 8 16 -11 -12 -13 -14 -15 -16 17 -18 21 -20 -21 -22 -23 -24 -25 25 -27 -28 -29 29 -31
leaf_value=-0.049246061020387567 -0.0065433571634796297 0.54510546763262679 0.022395442432480369 0.088694052173855245 1.0726611261949601 0.0038691725052061084 0.10485464669716738 0.79669347430136916 0.15316177855631852 0.15732295848541872 0.72331003330738253 0.029600455298269282 0.057908038291949418 0.15615983602770281 -0.0060890991657541124 -0.050569755462382272 0.60816375676832202 0.041118013584077975 0.73180475789000998 -0.006522702083201444 0.78657908365227758 0.46203422818076006 -0.025588719192736965 0.40854103623629678 0.047011585040476533 0.099260528445921314 0.041149534331764659 0.056449300004350084 0.016874852795253574 0.13335165674535901
leaf_weight=400.32796768657863 8.7276758858934063 0.41920794779435055 28.05182349216193 9.097992468159644 0.17793347220867772 32.215589618775994 0.60232332115992926 0.29497361369431019 0.48862240370362975 2.347012923564761 0.77175238262861967 6.2413417901843768 0.46144039602950204 4.0302657485008231 124.91926207253709 0.24272456904873285 0.5303012509830296 7.0234389342367631 0.25508718332275737 1.1347184642218051 0.41779694007709622 0.29257134115323413 95.086296362336725 0.32596320286393154 24.204439035616815 57.901535523124039 86.776802671607584 38.641642565838993 5.6201915526762631 16.261887565720826
leaf_count=82583 659 30 3091 281 9 4199 23 29 32 81 19 749 57 175 16672 26 31 566 19 118 30 26 17302 13 486 1592 4597 2298 266 853
internal_value=-0.00269316 0.0452101 0.0210641 0.0680416 -0.0413639 0.00973991 0.140225 0.00712778 0.105258 0.266216 0.452211 0.0638021 0.346007 0.0391994 0.00163955 0.0540531 0.389969 0.108619 0.241731 0.172096 0.478949 0.0729049 -0.0447054 0.0574141 0.0658292 0.0838578 0.0558085 0.0766815 0.111738 0.103436
internal_weight=953.891 426.083 196.257 44.9012 527.808 32.3935 12.8191 151.356 8.01668 3.72109 1.37408 6.99776 0.756414 32.0821 143.339 18.42 1.01892 9.6923 2.05033 1.79524 0.660522 7.64197 495.414 7.3494 229.826 82.106 147.72 60.9429 22.3013 21.8821
internal_count=136912 32819 22697 3670 104093 4208 404 19027 898 123 42 835 86 3266 18129 1457 63 798 193 174 56 605 99885 579 10122 2078 8044 3447 1149 1119
is_linear=0
shrinkage=0.05


Tree=9
num_leaves=31
num_cat=0
split_feature=11 10 4 13 8 6 11 4 12 13 13 14 11 3 12 17 3 10 4 11 13 11 4 4 27 27 3 13 29 27
split_gain=637.858 72.1953 34.9659 33.2511 34.5777 35.6715 28.6497 23.6305 20.199 48.3948 19.989 55.7622 81.8425 97.0283 21.211 36.0187 19.5494 66.3085 18.7327 20.727 18.4671 28.9392 38.5765 22.6467 24.2114 19.2638 32.0961 18.9967 22.7994 24.0005
threshold=0.0032227616009137413 0.002610748122622544 0.004510682463805084 244.50000000000003 0.80175252895035787 0.0012893939229266006 0.0044213505753515252 0.003075439033898729 0.12542142857142788 378.50000000000006 268.50000000000006 111.50000000000001 0.0041307279925670553 0.0017656406393924409 0.090228571428571783 1.0000000180025095e-35 -0.029668088393675015 0.0030463980464876506 0.011248941277157592 0.017560820205883284 323.50000000000006 0.0051424766267603493 0.0077139408805948504 0.0074566292620718939 0.66071881053127501 3.8041647095209581 0.021539648279596316 364.50000000000006 0.17741594749244197 0.87227807917971634
decision_type=2 2 2 2 2 2 2 2 2 2 2 2 2 2 2 2 2 2 2 2 2 2 2 2 2 2 2 2 2 2
left_child=2 7 -1 4 5 -4 16 -2 9 -8 -9 14 -13 -14 15 -12 17 -3 19 20 -10 -22 23 24 -23 26 27 28 29 -26
right_child=1 6 3 -5 -6 -7 8 10 18 -11 11 12 13 -15 -16 -17 -18 -19 -20 -21 21 22 -24 -25 25 -27 -28 -29 -30 -31
leaf_value=-0.044443693659166957 -0.029847514522293058 0.76991861931093497 0.071975592250844322 -0.0024206681874431352 -0.050626405707381888 0.69242343480856083 0.087325851539367449 -0.026954297714503597 0.030132746438480698 0.54919582437873105 0.078243342848279288 0.055310578228175492 0.25019907526232149 1.5552294706543102 0.02029661751627989 0.65521895911603611 0.0081469529592449793 0.05340299849292976 0.073268471073569402 0.073939810723414046 0.0022400456812133071 -0.0086868096208839469 0.035219082007235655 0.48426143335221455 0.38097343084140478 0.019176144703563873 0.73647534601030973 0.55618903406925546 0.44491807552220364 -0.050746951076915618
leaf_weight=473.9818486510776 38.971330100204796 0.3655875925905997 0.40746662812307366 31.223393537569791 0.64308423548936844 0.53691586805507541 27.204767687246207 12.776217880658804 143.81379657890648 0.57922758907079597 1.1531407721340716 0.94597786013036855 0.33264113217592239 0.24907706212252378 24.533166556153446 0.35338463401421893 48.31156843714416 2.7648594253696501 77.444634818471968 46.255894469562918 6.4960487028583911 1.186298486776648 4.9666298748925328 0.74134021345525969 0.46318283583969044 0.71579262753948558 0.38108705170452584 0.40906170941889275 0.600181059911847 1.0555907734669743
leaf_count=99885 6432 36 36 4081 61 30 1114 1757 10797 10 86 133 44 23 3061 19 4737 155 1830 1602 447 89 176 23 35 60 30 10 27 86
internal_value=-0.00267731 0.0411435 -0.0409882 0.00892882 0.232158 0.424723 0.050568 -0.00207956 0.056263 0.0969547 0.0247439 0.0487036 0.342294 0.80898 0.0314793 0.213584 0.0159931 0.137081 0.0522895 0.0444439 0.0359606 0.0852176 0.13646 0.227018 0.18738 0.251546 0.308721 0.244239 0.184017 0.0809155
internal_weight=949.863 443.07 506.793 32.8109 1.58747 0.944382 363.756 79.3149 312.314 27.784 40.3436 27.5674 1.5277 0.581718 26.0397 1.50653 51.442 3.13045 284.53 207.085 160.829 17.0152 10.5192 5.55253 4.81119 3.6249 2.9091 2.52802 2.11895 1.51877
internal_count=136912 32819 104093 4208 127 66 21264 11555 16336 1124 5123 3366 200 67 3166 105 4928 191 15212 13382 11780 983 536 360 337 248 188 158 148 121
is_linear=0
shrinkage=0.05


Tree=10
num_leaves=31
num_cat=0
split_feature=11 11 10 6 13 28 29 1 13 13 10 2 4 4 28 27 27 7 10 0 27 10 27 27 11 30 15 2 2 30
split_gain=556.632 61.9429 54.4083 30.8485 30.7827 20.6462 32.4395 20.2017 19.8108 29.5302 41.4132 57.6252 28.5666 29.5429 27.1375 25.296 21.1941 24.7744 22.1818 41.4399 20.745 19.492 19.3716 34.2977 20.057 19.0615 30.4876 49.5725 61.909 37.274
threshold=0.003962011192081092 0.0019752260304821919 0.002610748122622544 0.0011806546362471038 243.50000000000003 0.0065679729935379577 0.20512682464873702 -0.026063135497213726 267.50000000000006 271.50000000000006 0.0045787799157637867 -0.0012174548984393849 0.0013392603610533527 0.010405353403287848 0.029700406131526805 3.0237913739181703 2.0337464910928129 0.0017572261860406585 0.0026408464380807102 0.00083494411950846292 823075.50000000012 0.0031916170706096218 1.8985076172584157 1.9486966653011475 0.0054495730922607564 0.29508529399327499 0.28648133556858468 0.0033880839403509504 -0.014016562145215182 0.34911856465448438
decision_type=2 2 2 2 2 2 2 2 2 2 2 2 2 2 2 2 2 2 2 2 2 2 2 2 2 2 2 2 2 2
left_child=1 -1 3 -2 5 7 -7 -3 14 10 11 -10 -11 16 -4 -13 17 18 19 -14 -15 -18 24 -24 -19 -26 27 28 -27 -28
right_child=2 4 8 -5 -6 6 -8 -9 9 12 -12 15 13 20 -16 -17 21 22 -20 -21 -22 -23 23 -25 25 26 29 -29 -30 -31
leaf_value=-0.048532044150945343 -0.025067452681344748 0.44616959978003018 0.02512162387218695 0.052375630248265782 -0.015978777461441135 0.72673797726943823 0.1332059862483165 0.015229176209264526 0.85085677993509601 0.14767313407655533 0.057281482137118603 -0.050523778380385742 -0.050519027025867962 0.076790587644463837 0.09923085507644705 0.5784186891864771 0.10236285160558818 0.0052657219870586719 0.030389835208141813 0.89321555042776279 0.31301844868226186 -0.0044252836018387745 0.63359236343288128 0.075507188396695443 0.063309392762357322 0.22923627117281797 0.40195373494946129 0.025843463484297766 0.80780080700497503 0.058103908280681217
leaf_weight=351.97249356145039 43.339839500375092 0.29896008502691973 113.44280158588663 18.283949464559555 180.1865386608988 0.32124617323279359 0.81237071333453059 3.0103528434410687 0.49909083032980561 8.14944522641599 1.7308869864791629 0.49262436619028382 0.25786032760515709 64.098302500322461 13.862262610346077 0.23668180173262954 4.8674626755528143 7.6983844619244328 65.215603971388191 0.21191731095314026 0.94304675608873267 34.999545144382864 0.43824463570490368 0.74041558522731066 17.761988287791613 1.3747700890526178 0.88139724638312866 1.2574275499209759 0.69668384734541122 7.4497426217421889
leaf_count=79220 6733 6 6623 2139 30347 17 48 259 39 404 78 51 29 1516 182 8 410 474 4850 22 18 2107 28 31 841 44 38 55 34 320
internal_value=-0.00273841 -0.0362283 0.0412074 -0.00208987 -0.0127729 0.117244 0.301402 0.0541599 0.0488898 0.0579737 0.214854 0.436884 0.0558347 0.0522518 0.0331914 0.153587 0.0396082 0.0514917 0.0328559 0.375201 0.0802157 0.00861275 0.0834532 0.283012 0.0771167 0.0959168 0.145589 0.273493 0.423823 0.0944817
internal_weight=945.532 536.602 408.93 61.6238 184.629 4.44293 1.13362 3.30931 347.307 220.002 2.95928 1.2284 217.042 208.893 127.305 0.729306 143.851 103.984 65.6854 0.469778 65.0413 39.867 38.2991 1.17866 37.1204 29.422 11.66 3.32888 2.07145 8.33114
internal_count=136971 109897 27074 8872 30677 330 65 265 18202 11397 176 98 11221 10817 6805 59 9283 6766 4901 51 1534 2517 1865 59 1806 1332 491 133 78 358
is_linear=0
shrinkage=0.05


Tree=11
num_leaves=31
num_cat=0
split_feature=10 4 4 4 3 28 15 12 6 5 12 9 12 18 14 5 3 12 1 12 4 1 3 16 4 9 1 5 15 27
split_gain=484.295 49.8336 41.0463 37.189 21.5779 22.591 21.8662 21.4985 51.4494 26.9485 22.6647 23.7465 26.8001 18.6682 30.0837 18.5465 17.9709 29.4574 27.6396 39.8951 17.6958 13.8753 17.0749 13.7918 20.2238 17.0274 15.0938 13.5437 20.1848 13.0656
threshold=0.002610748122622544 0.0033232802502591832 0.0062696764697434309 0.0014448276809222867 0.091906577533202985 -0.013743134801048587 0.93999996240000649 1.6249107142857036 0.00042087542087546173 0.0011414275702635983 0.1089214285714285 0.51248580242236275 0.71018214285714476 0.0039383797449994333 113.50000000000001 0.00048103146891570096 0.012633232798427431 0.2388714285714284 -0.0010502810098466096 0.19927857142856556 0.0066072410900224502 -0.017309227172086935 -0.023598674273591743 1.0000000180025095e-35 0.012548326289258395 1.4278963538091218 0.032082549436914583 0.0012594458438286989 0.64999993499998621 1.3345756215237514
decision_type=2 2 2 2 2 2 2 2 2 2 2 2 2 2 2 2 2 2 2 2 2 2 2 2 2 2 2 2 2 2
left_child=1 13 3 16 5 7 15 9 -9 10 -5 12 -12 -1 -15 -6 27 18 -18 -20 -3 22 -22 -4 -25 26 -26 -2 -29 -19
right_child=2 20 23 4 6 -7 -8 8 -10 -11 11 -13 -14 14 -16 -17 17 29 19 -21 21 -23 -24 24 25 -27 -28 28 -30 -31
leaf_value=-0.043569024232725732 0.031519149372057145 -0.0090848148896627533 0.05465389415214901 0.35683026668482304 0.29390875941103384 0.00030778174832368646 -0.062798468772399904 0.66688047337582179 0.044008397848198488 -0.0064152105006714923 0.06429399324707788 0.018585903877939434 0.64929673090331963 -0.050401098897589328 0.77611388026279327 0.086462401838237737 0.48208355067709374 -0.063758473811344793 0.09789705065679187 0.47427316332142483 0.058405244937944689 0.044693824235409435 0.52608847817034343 -0.0048407524989023485 0.099666410933579128 0.033612368294387629 0.31746608280318656 0.66419086628007828 -0.050625018031369096 0.10650244509874712
leaf_weight=420.31417311681435 14.225182870402932 70.13357298495248 202.31326147634536 0.97224588692188163 1.2953050239011625 148.99809037288651 2.0386925972998142 0.48643459752201934 1.0410738820210097 8.905436054337768 0.43438004888594184 2.8764511314220726 0.35641425801441073 0.27994690835475822 0.18145791394636035 6.4056200571358204 0.74693450424820174 2.0717782876454294 4.4673873088322562 0.83579196128994215 0.44701050687581301 9.2281634369865042 0.34639543760567804 24.946002371609211 3.2426177673041812 9.7430514348670822 1.0540451239794491 0.20987222855910737 0.18653767323121428 2.4703110652044415
leaf_count=95753 1074 11875 7055 30 38 17143 63 19 58 655 31 209 14 43 22 189 36 74 144 25 23 561 19 1352 95 234 19 24 18 76
internal_value=-0.00271154 -0.036337 0.0355423 0.0187331 0.0105011 0.00620875 0.0828082 0.0645426 0.242362 0.0444893 0.1422 0.0852978 0.327957 -0.0432201 0.274645 0.121355 0.0754801 0.125075 0.197322 0.157215 -0.000204182 0.0619448 0.262592 0.0494065 0.0221756 0.0701788 0.153096 0.0395523 0.327822 0.0288415
internal_weight=941.254 500.931 440.323 199.024 173.81 164.071 9.73962 15.0724 1.52751 13.5449 4.63949 3.66725 0.790794 420.776 0.461405 7.70093 25.2138 10.5922 6.05011 5.30318 80.1551 10.0216 0.793406 241.299 38.9857 14.0397 4.29666 14.6216 0.39641 4.54209
internal_count=136971 108296 28675 19920 18449 18159 290 1016 77 939 284 254 45 95818 65 227 1471 355 205 169 12478 603 42 8755 1700 348 114 1116 42 150
is_linear=0
shrinkage=0.05


Tree=12
num_leaves=31
num_cat=0
split_feature=11 4 18 10 14 1 14 10 10 6 9 11 14 12 29 28 29 0 11 11 27 14 12 3 1 18 29 9 29 14
split_gain=466.511 61.4002 32.4936 28.7083 23.7373 30.4317 21.4206 37.0791 92.4554 29.3093 20.6905 20.0564 23.8377 18.7247 18.684 27.5628 66.957 19.4229 21.0207 29.4436 18.4437 22.6293 16.0004 18.3527 30.1761 20.9835 31.2478 14.6405 18.662 17.6807
threshold=0.0025459658847526742 0.0047154264384162035 0.0024421727920248787 0.0042104970273267083 146.50000000000003 0.0097521678631052894 12.500000000000002 0.0019684698492732481 0.0017851876775924441 0.00086132644272179882 1.4590262749632523 0.0051424766267603493 61.500000000000007 1.8803214285714349 -0.78316984092846154 -0.0090878357576391119 -0.80687087128938728 -0.0024509386761818459 0.0054495730922607564 0.0044213505753515252 2.6642931182725071 90.500000000000014 0.24834642857142916 0.023007957383952341 -1.0000000180025095e-35 0.0025869478822432442 -0.047898201451717241 1.6064764685533233 0.058779337797561955 46.500000000000007
decision_type=2 2 2 2 2 2 2 2 2 2 2 2 2 2 2 2 2 2 2 2 2 2 2 2 2 2 2 2 2 2
left_child=3 2 6 4 -1 -6 7 8 9 -2 -9 -3 27 14 15 16 -8 18 19 -17 21 -5 23 25 -25 26 -4 28 -13 -30
right_child=1 11 22 20 5 -7 13 10 -10 -11 -12 12 -14 -15 -16 17 -18 -19 -20 -21 -22 -23 -24 24 -26 -27 -28 -29 29 -31
leaf_value=-0.045609630754509967 -0.050257283431689642 0.018216644868515663 0.78070164183803414 0.73840755085629706 0.069468779693105137 0.75646372120250849 0.085456639425617084 -0.018455831790873498 1.8451812666427398 0.9217200517316777 0.58411462652093038 0.066942100182553574 0.04279840598920371 0.065906857912284511 -0.010134961900887746 0.12537895221798045 0.77251529996603174 -0.0081531362710644834 0.025031163898296599 0.90756830529622468 -0.051296944330468046 0.15476257490737444 -0.00066433747169464534 0.46672496390985735 0.12031631905318561 0.041894006151658066 -0.0505004622114687 -0.038977607907907566 0.095807390253169478 0.23764979568399547
leaf_weight=390.82467420771718 0.3152944403700525 76.109872928354889 0.24054183671250939 0.25335132610052713 1.2262707981280971 0.18559520738199342 2.159862673375756 1.484444581903517 0.10550838895142078 0.10286233201622963 0.15758431050926436 11.192787669599062 234.46045747818425 9.6480116774328035 165.76452940655872 0.2841898719780136 0.42426364729180832 9.2896131114102882 0.66063407901674509 0.20863774698227644 0.44746942119672894 0.48212614096701145 6.1951760444790116 0.76404439331963647 3.548283649608492 9.3754289518110436 0.21336368937045591 1.8033542176708568 4.5523946108296496 4.2462040418758988
leaf_count=94003 63 5860 22 21 129 11 151 180 18 16 21 333 9333 940 23260 35 29 1144 62 14 33 32 404 21 83 452 27 45 109 120
internal_value=-0.00266285 0.0273633 0.00626449 -0.0441286 -0.0448703 0.159777 -0.000145556 0.156207 0.52256 0.188839 0.0393724 0.0407541 0.0474479 -0.00194248 -0.00560379 0.0520531 0.198258 0.0158748 0.209388 0.456518 0.201816 0.355812 0.0663422 0.0956964 0.181692 0.0579684 0.389985 0.0974658 0.109774 0.164261
internal_weight=936.727 543.307 210.942 393.419 392.237 1.41187 190.605 2.16569 0.523665 0.418157 1.64203 332.365 256.255 188.44 178.792 13.0272 2.58413 10.4431 1.15346 0.492828 1.18295 0.735477 20.3368 14.1417 4.31233 9.82933 0.453906 21.7947 19.9914 8.7986
internal_count=136971 42742 26942 94229 94143 140 25933 298 97 79 201 15800 9940 25635 24695 1435 180 1255 111 49 86 53 1009 605 104 501 49 607 562 229
is_linear=0
shrinkage=0.05


Tree=13
num_leaves=31
num_cat=0
split_feature=11 4 10 4 29 11 30 27 4 14 29 28 2 13 11 7 18 4 7 4 1 2 10 4 2 29 9 11 30 28
split_gain=429.345 53.5353 26.3072 24.1447 18.6988 17.6444 19.6566 16.8294 24.1182 15.8191 14.4358 13.6065 24.1532 22.9561 25.4176 12.9762 15.5143 18.499 15.8001 15.7482 18.4164 14.0857 12.7405 12.6319 14.1599 33.8554 11.3164 12.8036 13.0933 10.9712
threshold=0.0025459658847526742 0.0062696764697434309 0.0044440501663001513 0.0067908855276330353 4.0584144929014219 0.024661439823765157 0.88721313030864613 1.0038278071265065 0.0043204217521315537 12.500000000000002 8.0152071304756127 0.0015365647174806838 -0.00054455583802404106 381.50000000000006 0.0031226304004331519 0.0014555971897110475 0.0027565984296754431 0.0032234997517982997 0.0011859051021485339 0.0023481776842206245 -0.0012634903957103314 0.087537310878471733 0.035823856873275703 0.00030286969205228737 0.010803889307774319 -0.60161893226259766 0.082520487869192236 0.0091935674934314395 0.83438045968068553 -0.0035761281236062667
decision_type=2 2 2 2 2 2 2 2 2 2 2 2 2 2 2 2 2 2 2 2 2 2 2 2 2 2 2 2 2 2
left_child=3 2 9 -1 5 22 7 8 -7 11 -5 12 -2 14 -14 16 23 19 -19 -18 -21 -17 26 24 29 -26 27 28 -4 -11
right_child=1 -3 4 10 -6 6 -8 -9 -10 15 -12 -13 13 -15 -16 21 17 18 -20 20 -22 -23 -24 -25 25 -27 -28 -29 -30 -31
leaf_value=-0.044998387364823193 0.06383138707510061 0.041339315023017881 0.38127582137632415 0.035327143997386561 -0.017445285057980361 0.057872194060039711 -0.073427616699164408 0.073969379243201433 0.34995870698665849 0.12205443004032937 0.29052055822360412 -0.050645537468797366 0.84203054656796705 -0.050710600713425674 0.16309890833076823 0.017215158469351337 0.092347566032031259 -0.0083811695801509854 0.43909753458942175 0.60158347164336046 0.096048275985510745 0.17079845474846167 0.17135122224849703 -0.014777617421973447 -0.050708105859207757 0.59948889434489194 0.026140042481278832 0.0317854651150613 0.10845243303694224 -0.050632629114675601
leaf_weight=373.65887373802252 1.7321756994351749 268.34662356134504 0.68779122829437156 2.3174520991742606 14.980079315602778 1.1486285086721175 1.1486248746514318 3.3179256627336144 1.8371077822521327 1.7070339983329179 0.72833436308428634 0.99637140100821842 0.33584679849445742 0.20768705196678638 0.23383825458586216 41.853320899885148 2.0868257605470704 5.8388593192212284 0.2041644756682216 0.3819425068795681 0.34099056338891376 1.5481157992035139 1.6811748696491111 141.25997118791565 0.41798946168273687 0.3842555978335439 58.239614601247013 2.3094730582088232 1.2195248529314993 1.9942989605478931
leaf_count=93997 162 9195 20 196 1164 20 9 59 41 139 36 119 27 23 25 4880 150 585 19 26 39 30 37 21312 38 30 4247 55 38 253
internal_value=-0.00263559 0.0252699 0.010302 -0.0438555 0.0333545 0.0439843 0.116806 0.151469 0.237591 0.000399108 0.0963512 0.10568 0.167746 0.399294 0.56335 -0.0014649 -0.00824624 0.0560216 0.00673697 0.162019 0.363134 0.0226934 0.0355231 -0.0121495 0.0702854 0.26072 0.0318669 0.110963 0.206834 0.0290097
internal_weight=933.145 556.44 288.094 376.705 86.5699 71.5899 7.45229 6.30366 2.98574 201.524 3.04579 3.50592 2.50955 0.777372 0.569685 198.018 154.616 8.85278 6.04302 2.80976 0.722933 43.4014 64.1376 145.764 4.50358 0.802245 62.4564 4.21679 1.90732 3.70133
internal_count=136971 42742 33547 94229 5690 4526 129 120 61 27857 232 356 237 75 52 27501 22591 819 604 215 65 4910 4397 21772 460 68 4360 113 58 392
is_linear=0
shrinkage=0.05


Tree=14
num_leaves=31
num_cat=0
split_feature=11 4 4 9 3 11 12 3 28 26 12 2 9 3 12 3 7 27 13 12 0 12 8 28 9 5 12 3 27 28
split_gain=396.282 46.486 21.6026 19.4879 17.565 16.0028 14.1477 18.4925 22.0887 35.2577 14.0464 15.5678 12.4994 14.9208 18.0276 37.9676 20.663 12.235 16.5177 23.5177 31.2138 20.3364 26.7426 19.9142 18.1106 16.286 13.6893 14.7303 23.497 17.744
threshold=0.0025459658847526742 0.0047154264384162035 0.0067908855276330353 0.14239599444418397 0.091906577533202985 0.003962011192081092 0.061257142857141449 -0.012568144845169769 -0.012834093892617341 1.0000000180025095e-35 0.038928571428570792 0.00069246570573933141 1.7828713005214161 -0.016128487543388022 0.38492499999999863 -0.022389380692845014 0.0019201787284105951 0.49299972329311653 259.50000000000006 1.6249107142857036 -0.0060730030257086223 2.3190964285714308 0.6872331017902894 0.0086136561536719735 1.4749572965323765 0.010097451086393887 2.3190964285714308 0.12343915402399154 1.6014460450517276 0.010332618604832382
decision_type=2 2 2 2 2 2 2 2 2 2 2 2 2 2 2 2 2 2 2 2 2 2 2 2 2 2 2 2 2 2
left_child=2 3 -1 -2 6 12 7 8 -5 10 -10 -12 -3 14 -14 -16 -17 18 -7 -20 25 22 -22 24 -24 -21 27 -19 29 -29
right_child=1 5 -4 4 -6 17 -8 -9 9 -11 11 -13 13 -15 15 16 -18 26 19 20 21 -23 23 -25 -26 -27 -28 28 -30 -31
leaf_value=-0.04475090559063049 0.057906420919930979 -0.010236232689931284 0.083002006891649383 0.048116516131130924 0.07286801631110737 0.022810678311409149 -0.005647225903258662 0.005164553876769392 0.028024863773907789 0.89175694085085144 0.19338241247613211 0.74184589470095463 -0.0035320785138786056 0.012671537109546636 0.089854063771082432 0.93502238143657657 0.31024908648191568 0.031211915878206875 0.052832030728356461 0.38839575639803647 -0.063304699307954487 0.011196237084799733 0.27372008687617655 0.46129061916341751 -0.051936457231487043 0.17025765631188358 -0.010164487335418446 -0.010852923832785941 0.035328482983720148 0.20464957442500406
leaf_weight=357.35196060407907 16.141394021455199 30.779681046959013 3.3399817203171542 2.3666927334852521 8.103855262976138 32.076862778514624 179.40441887499765 7.0377217731438559 0.62622079066932179 0.21213777875527728 0.40923306345939636 0.18919638311490417 1.0447850530035796 5.4962774286977929 1.048847595695406 0.25357260229066003 0.27680250164121389 178.47089477209374 57.92052669916302 1.3608936704695218 0.92974070739000891 4.9562455751001835 1.2259413753636184 0.77643929608166207 0.65504027716815461 2.3046407606452703 18.056895179208368 1.1997383106499935 10.228586075361816 4.6859820494428277
leaf_count=93997 735 2991 232 47 276 1257 25123 622 59 19 40 21 62 426 56 20 20 7727 2024 37 27 155 48 15 22 30 627 34 158 64
internal_value=-0.00257795 0.0234406 -0.0435679 0.00507484 0.000775482 0.0345764 -0.00229543 0.0531714 0.142 0.296646 0.19356 0.366782 0.00432147 0.059502 0.157594 0.264191 0.608954 0.0383145 0.0525314 0.0661256 0.129191 0.0768245 0.167501 0.248251 0.160312 0.251245 0.0314811 0.0353457 0.0811282 0.160722
internal_weight=928.931 568.239 360.692 214.491 198.349 353.748 190.246 10.8412 3.80348 1.43679 1.22465 0.598429 38.9 8.12029 2.62401 1.57922 0.530375 314.848 102.206 70.1295 12.2089 8.54341 3.58716 2.65742 1.88098 3.66553 212.642 194.585 16.1143 5.88572
internal_count=136971 42742 94229 26942 26207 15800 25931 808 186 139 120 61 3575 584 158 96 40 12225 3615 2358 334 267 112 85 70 67 8610 7983 256 98
is_linear=0
shrinkage=0.05


Tree=15
num_leaves=31
num_cat=0
split_feature=10 4 18 10 4 0 12 3 12 3 12 28 4 28 30 4 1 13 12 9 28 13 2 28 15 15 18 12 12 9
split_gain=329.702 47.2443 31.4897 30.5316 28.1784 27.9722 27.4869 34.1421 34.0903 23.3877 27.5039 20.1805 19.0538 16.4628 38.3003 31.8442 14.5951 12.5715 11.6194 22.0028 10.456 19.4121 10.2767 9.88454 17.6151 12.012 11.3633 11.1734 18.9492 27.5628
threshold=0.0023464099208541926 0.0030464380368957354 0.0039383797449994333 0.0040135868466597549 0.00099949559387473583 0.0060363609571458818 0.10617500000000012 -0.017526634154008954 0.092857142857142791 0.015629595666036725 0.090228571428571783 0.015396744411665804 0.0047154264384162035 0.0098266940361600753 0.7632788563520706 0.0097431375384163747 -0.0012259392343862972 208.50000000000003 0.1048321428571428 1.1002553509512609 -0.0087372927391277319 329.50000000000006 0.066270877725264979 0.0122787033725983 0.76344084790149302 0.89743588401270202 0.0097171514408776784 0.23400714285714336 0.15751071428571453 0.4115944539690139
decision_type=2 2 2 2 2 2 2 2 2 2 2 2 2 2 2 2 2 2 2 2 2 2 2 2 2 2 2 2 2 2
left_child=1 2 22 6 -4 13 7 8 20 11 17 18 -8 -3 15 16 -15 -11 -9 -20 -2 -22 -1 24 -5 27 -26 28 -25 -30
right_child=3 5 4 23 -6 -7 12 9 -10 10 -12 -13 -14 14 -16 -17 -18 -19 19 -21 21 -23 -24 25 26 -27 -28 -29 29 -31
leaf_value=-0.044764680286706673 0.10056651157773831 -0.010037469903368255 -0.050937586139812419 0.033366312762727501 0.70831420000025591 0.39369975548538583 -0.016309514658885409 -0.02005816041730988 0.59065164916900481 0.36185540840698072 0.5208276121089408 0.53686365070265174 0.019232119934257871 0.25195428482414667 0.7929300879667025 0.51474717585452401 0.0039681408849025204 0.042112956700555128 -0.050332384786493593 0.85657590304627651 0.61820944414118861 0.079147411091817235 0.13547840855825719 0.057454725055303663 -0.0085049591588377774 0.025258900984473871 0.17259046262671598 0.053732185257133129 0.46648550854665988 0.11678642707038836
leaf_weight=331.32038337690756 3.1789097816217691 66.724470662884414 0.22788308328017493 220.82204134296626 0.26351673225872219 0.44903824105858703 81.704226623522118 11.196208518696944 0.46756649645976711 0.36116256751120079 0.43645216012373556 0.16989206336438734 70.030324453487992 0.65438310522586096 0.17785258730873454 0.35157248564064492 6.3588124488014719 2.0657500056549907 0.17031553084962148 0.11012135492637753 0.29880870413035454 0.37862426554784179 0.79271377250552078 4.2653205893002442 35.66446108976379 36.305406540632248 0.88778212293982406 45.760143949650228 0.8297160831280056 1.7560061905533073
leaf_count=89602 111 12443 17 9303 34 18 12704 1508 37 9 34 6 5383 28 22 7 749 120 30 12 21 25 29 126 2154 1122 28 1162 21 68
internal_value=-0.00203068 -0.0356718 -0.0437427 0.0244808 0.356217 0.000256227 0.00716556 0.0641369 0.187459 0.0273874 0.155411 -0.00408804 9.40809e-05 -0.00212264 0.0678946 0.0503856 0.0271071 0.0896956 -0.0120959 0.30579 0.138573 0.316922 -0.0443345 0.0330096 0.0280444 0.0473817 -0.00410651 0.062648 0.122199 0.228999
internal_weight=924.18 407.321 332.604 516.859 0.4914 74.7161 170.568 18.8338 4.32391 14.5099 2.86336 11.6465 151.735 74.2671 7.54262 7.36477 7.0132 2.42691 11.4766 0.280437 3.85634 0.677433 332.113 346.291 257.374 88.9166 36.5522 52.6112 6.85104 2.58572
internal_count=136933 102949 89682 33984 51 13267 20000 1913 194 1719 163 1556 18087 13249 806 784 777 129 1550 42 157 46 89631 13984 11485 2499 2182 1377 215 89
is_linear=0
shrinkage=0.05


Tree=16
num_leaves=31
num_cat=0
split_feature=11 4 11 18 29 30 2 3 18 4 5 27 5 27 29 18 18 3 11 11 13 12 27 13 18 8 9 3 1 12
split_gain=348.245 29.5417 21.3553 16.7859 14.797 16.6566 14.9087 36.7723 14.5021 13.9972 22.7256 22.3627 18.6404 13.096 17.1483 12.4261 11.9312 16.0287 32.0228 19.0241 16.5201 16.9315 12.1327 11.7746 13.7276 16.1449 11.9781 11.5271 15.6692 11.4473
threshold=0.0027268724131447228 0.004793140483774644 0.0019263680864311306 0.0024421727920248787 -0.7946659743056449 0.80768938231663523 -0.0081519163404079591 -0.022389380692845014 0.01396710119907636 0.0032234997517982997 0.00030766666308390159 0.045450130356360037 0.00048838844147649975 1.0285648395037665 0.94963252865768144 2.0607939524606284e-05 0.0027565984296754431 -0.016128487543388022 0.012412462333338337 0.005770168316186969 333.50000000000006 2.0703357142857137 3.9962219520064726 301.50000000000006 0.0097171514408776784 0.89550328497716325 1.4590262749632523 0.091906577533202985 -0.010320077624259792 2.7265250000000099
decision_type=2 2 2 2 2 2 2 2 2 2 2 2 2 2 2 2 2 2 2 2 2 2 2 2 2 2 2 2 2 2
left_child=2 3 -1 4 5 6 7 -2 -4 10 -5 -12 -13 -14 -15 29 -17 18 19 -18 21 23 -19 24 25 26 -21 -6 -29 -3
right_child=1 15 8 9 27 -7 -8 -9 -10 -11 11 12 13 14 -16 16 17 22 -20 20 -22 -23 -24 -25 -26 -27 -28 28 -30 -31
leaf_value=-0.048109934631459544 0.030690896993783308 0.040292681240397338 -0.020726010637548108 0.027567125152290841 -0.0053055697496440348 0.029897589232655952 0.017045022048340987 0.60828684679787937 0.37590078088081136 -0.022270011377374686 0.40551643565485745 0.34350692332268684 -0.051050803471117692 0.058592726232257752 0.33730468496376514 0.0017334485323988983 0.035370833971346875 -0.0018653680969598974 -0.0052592854043465066 0.12573287057416344 0.297309858129433 0.3521940369014383 0.059575479837953665 0.025302909583933848 0.34835757203417739 0.052953759108114833 0.46577970997739371 0.31647101708570508 0.037286700697502201 -0.0049728997962622491
leaf_weight=264.74607713799924 0.5758312800899148 222.96523846220225 87.823430403368548 10.052635654341431 157.65473703527823 12.676437366288154 0.73987783584743638 0.52843397716060259 0.23107194900512595 5.1482331329025319 0.75804031873121758 0.74831943353638042 1.4162702038884161 1.9844250357709827 0.76450019748881448 59.428976972587407 5.8314504167065051 32.296396670397371 10.429091951809822 0.56286283489316546 1.5788298547267903 0.72688270919024933 10.695961107499896 3.1580426003783941 0.73660447075963009 2.9181246533989906 0.47965687420219183 0.53830647375434626 7.5723323412239534 14.900511513464151
leaf_count=77632 24 8908 20059 230 21893 1162 95 25 4 429 21 19 102 93 27 3133 237 1222 239 27 25 20 357 109 11 86 14 10 247 473
internal_value=-0.00200154 0.0222368 -0.0410155 0.00683908 0.00192459 0.0503229 0.190725 0.307093 -0.0196852 0.0492881 0.0727168 0.152743 0.113746 0.0724673 0.136105 0.0306832 0.0181774 0.0322559 0.0629047 0.107356 0.148669 0.121324 0.0134203 0.0999606 0.150154 0.113292 0.282186 -0.00231497 0.0558163 0.0374571
internal_weight=920.668 567.867 352.801 201.158 180.286 14.5206 1.84414 1.10427 88.0545 20.8724 15.7242 5.67156 4.91351 4.1652 2.74893 366.709 128.843 69.4139 26.4215 15.9925 10.161 8.58217 42.9924 7.85529 4.69725 3.96064 1.04252 165.765 8.11064 237.866
internal_count=136933 39238 97695 24377 23456 1306 144 49 20063 921 492 262 241 222 120 14861 5480 2347 768 529 292 267 1579 247 138 127 41 22150 257 9381
is_linear=0
shrinkage=0.05


Tree=17
num_leaves=31
num_cat=0
split_feature=11 11 13 28 10 10 1 15 15 0 6 1 14 15 6 15 3 15 15 27 6 11 7 15 3 10 0 3 28 9
split_gain=321.775 27.5379 26.0576 20.4369 21.4664 15.1042 18.6568 12.4067 18.0721 14.7726 16.688 33.2787 18.2741 12.3432 12.5791 12.3308 12.0423 11.9949 10.4202 12.0813 10.3693 14.8762 9.77661 12.4791 22.4153 27.3973 60.3276 18.4426 16.8901 14.3055
threshold=0.0025459658847526742 0.0044213505753515252 329.50000000000006 0.0122787033725983 0.0018274654952018566 0.0034804381826572281 0.010438183707405681 0.29166665451387591 0.074074073339228191 -0.0036220499719786798 0.0013726835964310545 -0.0054468520339877027 40.500000000000007 0.76344084790149302 0.0036328275519999526 0.85029937743674056 0.033853589985710426 0.34426228379469265 0.89743588401270202 318192.50000000006 1.0000000180025095e-35 0.024661439823765157 0.00082932190422883953 0.79999995999998263 0.016370826091893557 0.0021318655706091022 -0.0011559855116719529 0.017180063178162567 0.0098266940361600753 2.3974190456306705
decision_type=2 2 2 2 2 2 2 2 2 2 2 2 2 2 2 2 2 2 2 2 2 2 2 2 2 2 2 2 2 2
left_child=5 22 3 4 -3 16 -7 8 -4 -10 11 12 -11 -6 20 -16 -1 -9 19 -5 21 -15 -2 24 -24 26 -26 -27 -28 -29
right_child=1 2 7 18 13 6 -8 17 9 10 -12 -13 -14 14 15 -17 -18 -19 -20 -21 -22 -23 23 -25 25 27 28 29 -30 -31
leaf_value=-0.043848216441408593 -0.010955295481310291 -0.032192600021950735 0.018455073534701379 0.050297185939703531 0.023456796201909436 0.011946698755969607 0.33139570683779251 -0.072843799147288696 0.064109620773605561 0.31168014670323235 0.12727225622640692 0.65102291601159434 -0.051381244021625194 0.016177878077192408 0.021187099436840509 0.21571668945888664 0.56477592130560572 0.050803934334621985 0.02115540951766268 0.20213716862660533 -0.027623499412313943 0.27127984457521243 0.015297644649485291 -0.029989517971687609 1.0715221134991795 0.42034983324523306 -0.050916412876932271 -0.0040111499752870016 0.34145063045002644 0.42006947395701993
leaf_weight=315.61187284556217 80.519011021591723 21.999015423003584 5.4306097058579352 63.079173930454999 242.29824472684413 3.9335380923002949 0.51715119648724783 2.1530954991467324 5.2891653012484321 0.95025084400549509 5.2550473930314183 0.49835482239722928 0.5455842399969697 8.1038982169702614 2.6484105344861741 1.1765141328796742 0.081294890958814814 22.028285338077694 40.794970035552979 1.3378127152100194 30.683328737970442 0.6148430793546148 44.336737223900855 12.098459740169345 0.22282431973144401 0.31854538526386056 0.48631753819063195 3.1851665154099469 0.62904643919318914 0.21210115961730469
leaf_count=93990 11201 3880 145 1834 12507 434 14 58 111 28 101 28 31 613 86 34 16 846 1382 35 2435 17 5099 1535 34 36 75 292 25 11
internal_value=-0.00196032 0.0197305 0.0257311 0.0219068 0.015399 -0.042402 0.0490653 0.0631784 0.094647 0.127647 0.174005 0.297154 0.179259 0.0190658 -0.00554692 0.0810227 -0.0436915 0.0397944 0.0409284 0.0534506 -0.0139506 0.0341676 0.000509271 0.0155219 0.0266701 0.126436 0.320424 0.0565748 0.170372 0.0224654
internal_weight=917.039 596.895 454.887 412.736 307.524 320.144 4.45069 42.1504 17.969 12.5384 7.24924 1.99419 1.49584 285.525 43.227 3.82492 315.693 24.1814 105.212 64.417 39.4021 8.71874 142.008 61.4892 49.3907 5.054 1.33819 3.71581 1.11536 3.39727
internal_count=136933 42479 24171 22823 19572 94454 448 1348 444 299 188 87 59 15692 3185 120 94006 904 3251 1869 3065 630 18308 7107 5572 473 134 339 100 303
is_linear=0
shrinkage=0.05


Tree=18
num_leaves=31
num_cat=0
split_feature=11 4 18 11 2 27 3 12 13 0 4 26 12 18 5 4 2 0 14 12 13 5 5 13 13 18 12 17 3 7
split_gain=297.945 28.4257 18.6571 15.4339 13.1883 15.744 24.2204 40.0002 87.7902 12.1428 20.486 22.4024 13.0982 11.38 11.2941 11.8196 16.5488 15.8205 13.578 11.2859 12.6506 24.8348 11.25 13.9076 23.3729 28.7825 11.1855 11.0198 12.1857 10.5714
threshold=0.0025459658847526742 0.0046428315622017305 0.0024421727920248787 0.0019263680864311306 0.0088137756169622845 5.9167843592966198 0.0117022634971532 0.25860357142857032 337.50000000000006 -0.0026885082385180166 0.0032234997517982997 1.0000000180025095e-35 0.038928571428570792 0.00010570037421594998 0.00012709710423909992 0.0033232802502591832 -0.077572921248404411 -0.0055221243999460925 12.500000000000002 2.7265250000000099 261.50000000000006 0.00099759745287010646 0.0086462669977740731 268.50000000000006 271.50000000000006 0.0030253358715607533 0.62607142857142972 1.0000000180025095e-35 -0.02013892193726163 0.0015632957118149216
decision_type=2 2 2 2 2 2 2 2 2 2 2 2 2 2 2 2 2 2 2 2 2 2 2 2 2 2 2 2 2 2
left_child=3 2 14 -1 -5 -6 7 8 -7 -4 11 12 -11 27 -2 16 -16 -17 26 -20 21 -21 23 -15 25 -25 -18 -3 -29 -30
right_child=1 13 9 4 5 6 -8 -9 -10 10 -12 -13 -14 22 15 17 18 -19 19 20 -22 -23 -24 24 -26 -27 -28 28 29 -31
leaf_value=-0.047895387466152545 0.031686152685716111 0.031611491601873869 0.0036141071278289493 -0.028075122484483763 -0.0067798973927894 0.23043655412401984 0.024025114229233136 -0.050193861773981829 1.7013431696570462 -0.051943051939880802 -0.051295344953964012 0.38555669319144559 0.11364587060338512 -0.02554754392483842 0.28798063070659241 0.45673487247092653 0.054889947563423296 0.0081027918755260248 -0.023968629122753167 0.61585181788924004 0.0015064396015136072 -0.050469273352022774 0.034485328144458587 0.020783977104503581 0.012875442444489772 0.50921135252641525 0.36952563727418275 -0.051634886810410369 0.13562577915689497 0.48196094833964348
leaf_weight=241.65599853103049 22.361082782968879 260.20254833484069 9.3790457709692436 58.636860423488542 4.5205700667574993 0.35066924779675934 1.31314872787334 0.33789805439300835 0.14273052359931171 1.3959110435098381 2.4567896500229827 0.6853269664570697 8.2657600911334139 27.385223197750747 0.44066223967820306 0.19706066744401951 1.3649135641753662 70.015786328352988 90.986859903205186 0.29704621993005165 0.92882357398048043 0.26423531631007791 46.336836748756468 0.69330778345465549 60.710411434527487 0.533901899587363 0.3561903666704892 0.40421726740896702 0.53482591733336338 0.37469456344842911
leaf_count=77632 2152 10211 358 15466 975 38 216 90 37 70 227 34 265 1409 25 17 117 8493 14375 17 119 34 985 48 3404 23 28 18 34 16
internal_value=-0.00192715 0.0183859 0.00347881 -0.0420672 -0.0204995 0.0461484 0.157723 0.368917 0.65594 0.0468366 0.078498 0.109316 0.0897217 0.0262451 -0.00165866 -0.00618167 -0.0177135 0.00936193 -0.0191436 -0.0217333 0.114757 0.302167 0.0144941 0.00412355 0.0172424 0.233276 0.120005 0.0323408 0.176788 0.278305
internal_weight=913.529 606.571 209.395 306.958 65.3019 6.66502 2.14445 0.831298 0.4934 22.1828 12.8038 10.347 9.66167 397.176 187.213 164.852 94.6387 70.2128 94.1981 92.477 1.49011 0.561282 135.66 89.3228 61.9376 1.22721 1.7211 261.516 1.31374 0.90952
internal_count=136933 42479 26331 94454 16822 1356 381 165 75 954 596 369 335 16148 25377 23225 14715 8510 14690 14545 170 51 5869 4884 3475 71 145 10279 68 50
is_linear=0
shrinkage=0.05


Tree=19
num_leaves=31
num_cat=0
split_feature=10 7 10 12 3 4 10 4 6 2 15 8 30 0 3 15 28 1 2 4 18 15 10 14 5 8 12 14 27 13
split_gain=240.825 36.138 23.7916 18.2618 22.6157 18.4909 16.2923 16.1922 14.101 16.2972 25.2683 22.9813 32.5592 17.6198 17.0901 14.4814 13.2141 26.1987 12.8816 12.4896 13.6548 11.3323 10.809 10.4839 10.369 10.8455 9.80577 10.0415 9.48423 13.8592
threshold=0.002092828440022117 0.001357105294797637 0.0040135868466597549 0.10617500000000012 -0.024936997905101951 0.0067908855276330353 0.0030463980464876506 0.0033232802502591832 0.00097493979175582916 -0.0066976441096473485 0.4166666633522802 0.7983135588428848 0.57115409125016114 0.0023085398492519453 0.0081503014254334944 0.86146318688253498 0.0089848257999198527 0.0059955979437260618 -0.0099975793313913913 0.0031921275069013498 0.0049998644763109149 0.7476420014998556 0.0033022351511185614 18.500000000000004 0.00097677855096186682 1.0198262188376572 0.10352142857142878 11.500000000000002 5.7013735645927204 244.50000000000003
decision_type=2 2 2 2 2 2 2 2 2 2 2 2 2 2 2 2 2 2 2 2 2 2 2 2 2 2 2 2 2 2
left_child=1 19 3 4 5 6 18 -5 -3 -10 11 12 14 -12 -11 -15 22 21 -2 -1 -21 -18 -6 -13 -25 -26 27 -24 -9 -30
right_child=2 8 -4 7 16 -7 -8 28 9 10 13 23 -14 15 -16 -17 17 -19 -20 20 -22 -23 26 24 25 -27 -28 -29 29 -31
leaf_value=-0.045097735088918303 0.48806221224822299 -0.0068393780229815864 0.024756322650251683 -0.024005208713960349 -0.020675932079961323 -0.055323856715623336 0.096885312412845537 0.004064986694707712 -0.051052510247531324 0.40016168311653894 -0.021631349078646989 0.50826451709125409 -0.051854022658150617 0.45609018329111861 1.0126946667867802 0.047417823727470526 0.13330920170296337 -0.021576334861230742 0.18120255343875905 -0.014373951072436587 0.36431554109615338 0.40281702661598573 0.26472850783207191 -0.050535880326699423 0.38830338838376188 0.078377486270551217 0.28884619282103102 0.024770783952134751 0.35934422938302057 0.043009087956567667
leaf_weight=265.57901835604571 0.7350525259971622 20.55502413073555 378.08741704467684 56.660636914893985 11.566570708760997 0.74964549392461766 1.2699249424040315 114.62341756327078 2.2010337575338781 0.2212757866363958 3.4224963311571628 0.17865418666042421 0.19847924937494099 0.39097358915023495 0.23461039247922599 0.48650823906064034 0.79763952316716247 1.6283566353376953 0.6395904216915399 30.462943667778749 0.23991915723308821 0.76330000534653664 0.47269418835639854 0.6682377909310161 0.4528994266875086 0.74927150900475681 0.43610590370371927 5.6134146526455879 0.35859177401289244 10.055071078008039
leaf_count=84924 28 4171 13984 11101 2102 15 34 11801 226 23 463 14 19 24 22 21 28 109 25 6393 12 20 27 103 24 53 20 319 8 820
internal_value=-0.00190287 -0.0363316 0.0173033 0.00364874 0.0440122 0.16387 0.226004 -0.00183211 0.0161921 0.0676252 0.104923 0.224702 0.48267 0.0296176 0.715386 0.229507 0.0248928 0.118731 0.345287 -0.0416073 -0.0114148 0.265099 0.00834784 0.14232 0.107366 0.195137 0.0598189 0.0434078 0.00821564 0.053902
internal_weight=910.499 326.041 584.457 206.37 24.6723 3.39421 2.64457 181.698 29.7595 9.20444 7.00341 2.70343 0.654365 4.29998 0.455886 0.877482 21.2781 3.1893 1.37464 296.282 30.7029 1.56094 18.0888 2.04906 1.87041 1.20217 6.52221 6.08611 125.037 10.4137
internal_count=136933 96492 40441 26457 2727 102 87 23730 5163 992 766 258 64 508 45 45 2625 157 53 91329 6405 48 2468 194 180 77 366 346 12629 828
is_linear=0
shrinkage=0.05


Tree=20
num_leaves=31
num_cat=0
split_feature=11 11 10 12 3 7 28 15 6 3 7 12 10 12 3 5 11 15 28 28 13 10 10 8 15 27 14 13 11 13
split_gain=235.788 27.3199 19.1498 21.022 20.9838 17.544 16.4095 40.3296 16.1152 19.4043 16.0142 15.983 14.6726 14.7515 13.6975 24.8997 46.9925 13.3764 10.8131 30.1289 72.8258 12.9682 26.1559 12.609 10.7924 12.8909 16.4337 11.078 10.7254 10.503
threshold=0.0030362307510054072 0.0019263680864311306 0.0040135868466597549 0.082500000000000864 -0.010424076949099468 0.0011859051021485339 0.016986601521811046 0.98795178937433803 0.0011806546362471038 0.091906577533202985 0.0017208881874555175 0.077507142857143177 0.0018274654952018566 1.3861999999999977 0.005747772231372795 8.4219391850894683e-05 0.0024924165780837652 0.44036949966590427 0.0053979291022981154 0.0038585484104342893 330.50000000000006 0.0015795804251889363 0.0013152621000483559 0.4429790993157709 0.99999998306518723 4.8920784875880683 81.500000000000014 316.50000000000006 0.0035760733848327836 243.50000000000003
decision_type=2 2 2 2 2 2 2 2 2 2 2 2 2 2 2 2 2 2 2 2 2 2 2 2 2 2 2 2 2 2
left_child=1 29 3 4 5 -2 10 -8 24 -10 -3 -6 -11 -14 -12 16 -16 -13 19 21 -21 22 -17 -20 -5 -26 27 -27 -4 -1
right_child=2 6 28 8 11 -7 7 -9 9 12 14 17 13 -15 15 18 -18 -19 23 20 -22 -23 -24 -25 25 26 -28 -29 -30 -31
leaf_value=0.13415347977102005 0.074419388269886241 -0.025106779348389993 -0.030044969289114015 -0.01587835896810072 -0.012055042532942574 0.25432253657536369 -0.050458656894613242 0.95870286384763781 0.010303271211721681 0.34070536536418983 -0.00015987218780919992 -0.052119156907424913 -0.012017637595482468 0.18131174615419551 1.4094049225772913 -0.050263591295651958 -0.050334897709710995 0.33939239470901428 0.35143448014904255 0.11830148312655919 1.5616609075434296 -0.050447193440849185 1.0221628453640732 -0.027524021495996177 -0.019193329155619297 0.57349898265834109 0.01735024162646058 0.18347195106052633 0.023731384150200329 -0.048100406854575325
leaf_weight=0.79335334617644448 4.657129712868481 93.092444811714813 9.5117773283272964 109.77305146027356 8.3720953869633341 1.9113364089280365 0.29667817940935393 0.14858455210924149 64.586216517724097 0.6308170803822567 8.9034621461760235 0.33457353943958956 2.0500564421527092 1.9022333165630696 0.10276451124809627 0.14568114117719255 0.11895234859548509 0.62705583777278662 0.24584927875548634 0.2956457131076603 0.12406715820543468 0.81785329454578459 0.093248417833819985 2.0481044782791287 1.5966253280639642 0.31991881644353248 0.72914957255125046 0.42249113600701094 367.77922848286107 219.77575793792494
leaf_count=62 253 22179 784 14367 580 53 38 16 5724 23 1361 22 63 43 24 31 20 30 10 39 21 129 20 264 207 28 71 37 12570 77337
internal_value=-0.00350459 -0.0374056 0.0157681 0.00317181 0.0583021 0.126769 -0.0166006 0.286299 -0.0016449 0.0173579 -0.0178731 0.0101197 0.116773 0.0810316 0.0343461 0.111302 0.626246 0.203176 0.0810217 0.186564 0.544959 0.0442231 0.368278 0.01309 -0.0132932 0.0791982 0.185952 0.351542 0.0223756 -0.0474449
internal_weight=902.206 327.002 575.204 197.913 15.9022 6.56847 106.433 0.445263 182.011 69.1693 105.988 9.33372 4.58311 3.95229 12.8956 3.99217 0.221717 0.961629 3.77045 1.4765 0.419713 1.05678 0.23893 2.29395 112.841 3.06818 1.47156 0.74241 377.291 220.569
internal_count=136406 101551 34855 21501 938 306 24152 54 20563 5853 24098 632 129 106 1919 558 44 52 514 240 60 180 51 274 14710 343 136 65 13354 77399
is_linear=0
shrinkage=0.05


Tree=21
num_leaves=31
num_cat=0
split_feature=11 10 12 2 13 7 11 7 29 6 0 10 6 0 11 1 27 27 4 10 11 29 10 12 11 0 10 27 12 7
split_gain=219.247 22.8065 18.9834 23.0278 29.7318 15.1085 14.4742 14.2237 32.4451 14.1786 13.7555 30.6543 12.8395 11.8046 11.1813 10.8803 10.8089 17.1146 26.9879 15.4997 28.1476 10.5249 9.30877 9.30855 11.0884 18.4485 11.4023 9.00473 15.2711 14.5368
threshold=0.0025179250346079522 0.0040135868466597549 0.10617500000000012 -0.0089921930243175279 323.50000000000006 0.0017208881874555175 0.0035760733848327836 0.0017572261860406585 -0.18424094647807512 0.00084327911308438653 0.00030493227981975851 0.0035492023427493029 0.0019913983312487187 0.010564643703002587 0.017560820205883284 0.0025655540627318456 2.152998863736324 3.3841708726501358 0.0054109626221379324 0.0014550984238726886 0.0020413221080866416 -0.52624126048827646 0.003616594170223602 1.0837035714285699 0.019271163712911949 0.00097171544650342956 0.0033637195726599896 1.5458190818923163 0.7986892857142841 0.0037573856273372748
decision_type=2 2 2 2 2 2 2 2 2 2 2 2 2 2 2 2 2 2 2 2 2 2 2 2 2 2 2 2 2 2
left_child=5 2 3 4 -2 -1 -3 8 -7 13 21 -12 16 -4 -11 -14 -9 18 19 20 -18 -6 23 -16 25 -25 -26 -8 -29 -30
right_child=1 6 9 -5 10 7 27 12 -10 14 11 -13 15 -15 22 -17 17 -19 -20 -21 -22 -23 -24 24 26 -27 -28 28 29 -31
leaf_value=-0.043447867402294643 -0.052470296105237985 -0.029587115300856389 -0.017627011702232045 0.01243590557204473 -0.052493478762450529 0.84329061491115187 0.027934915144004199 -0.050338632023237385 -0.050173671133170096 0.0035608232034502873 0.60371006788064407 0.048574689409368522 -0.050714157734481125 0.31554469468190571 0.003369619423843671 0.27569240282795721 -0.050198863318826975 -0.019141824713214586 0.8210331256861606 -0.050429697455103867 1.2030511069181655 0.1712297073467357 -0.051816038604449902 0.040973445179031752 0.046158353004146037 0.4485256391471002 0.25348416729769935 0.025903964512832924 -0.022878366368529589 0.03621095002882789
leaf_weight=259.64746642485261 1.9030549922026718 14.043816201854495 110.06235308409669 19.994952063541859 0.61416030023246948 0.16779301362112164 239.64486551843584 6.0066487344447506 0.2576089296489944 92.093232658691704 0.53381392126902927 0.4655514182522893 0.38733435049652942 0.26650413870811362 2.7030556490644795 0.7490154248662293 0.10219556232914362 1.5794887156225739 0.17145023541525006 0.43447720631957054 0.079777513397857547 3.6497741444036369 1.5929653225466598 0.52280623046681263 3.8499051374383271 0.59220601664856076 0.80117600038647641 79.245836486108601 42.001148680690676 13.837814064696429
leaf_count=91590 108 1265 16031 1964 36 37 8036 1346 77 10284 39 10 41 2 188 26 29 261 7 89 14 123 65 31 134 19 20 2828 1469 237
internal_value=-0.00341198 0.0127696 0.000637377 0.0399979 0.116899 -0.0411324 0.020248 0.0193773 0.302239 -0.00439397 0.178138 0.345102 0.00672484 -0.0168222 0.00902866 0.164434 -0.0146762 0.0758083 0.266153 0.111827 0.499229 0.139006 0.0590729 0.0799301 0.11582 0.257433 0.0818714 0.0221157 0.0117922 -0.00823506
internal_weight=898.002 628.419 239.646 27.1613 7.16635 269.583 388.773 9.93579 0.425402 212.484 5.2633 0.999365 9.51039 110.329 102.155 1.13635 8.37404 2.36739 0.787901 0.61645 0.181973 4.26393 10.0621 8.46915 5.76609 1.11501 4.65108 374.73 135.085 55.839
internal_count=136406 42889 29054 2280 316 93517 13835 1927 114 26774 208 49 1813 16033 10741 67 1746 400 139 132 43 159 457 392 204 50 154 12570 4534 1706
is_linear=0
shrinkage=0.05


Tree=22
num_leaves=31
num_cat=0
split_feature=10 4 6 0 0 6 3 4 13 27 10 29 12 27 8 12 8 5 13 0 5 12 29 1 1 5 12 10 0 16
split_gain=183.553 36.3051 16.2192 14.2301 13.9414 9.56391 9.45442 31.2168 27.2555 17.4489 13.0599 12.5558 10.6639 12.928 13.349 9.6579 15.2367 9.59713 9.61147 9.48854 26.9094 21.3725 8.73978 13.7192 9.65358 9.03592 8.99267 11.3389 11.6951 17.0375
threshold=0.002524811889858166 0.0023679190925926684 0.0019395046380089715 0.0050776891005320799 -0.0042177381654250326 0.0017015070491005933 0.016370826091893557 0.0024069356511459091 312.50000000000006 1.0000000180025095e-35 0.0018735212893034316 -0.88610463568843489 0.76671428571428746 318192.50000000006 1.0063713705674935 0.7986892857142841 0.89934590755304367 0.0013558442448056353 243.50000000000003 -0.0017749001085081149 0.0013144619414732816 0.067478571428571513 -0.30306688407472088 -0.034626224692544998 -0.050001196620937265 0.0065646423390474029 0.25860357142857032 0.0035492023427493029 -0.0068405738356530068 1.0000000180025095e-35
decision_type=2 2 2 2 2 2 2 2 2 2 2 2 2 2 2 2 2 2 2 2 2 2 2 2 2 2 2 2 2 2
left_child=1 4 22 6 -1 -5 17 8 -8 10 -9 -11 -13 15 -15 16 -14 18 -3 20 21 -20 23 24 -2 -24 27 -25 -29 -30
right_child=2 3 -4 5 -6 -7 7 9 -10 11 -12 12 13 14 -16 -17 -18 -19 19 -21 -22 -23 25 26 -26 -27 -28 28 29 -31
leaf_value=0.65901085591400643 0.047735486493171969 0.20660955237236225 0.026884481287267111 0.06954018214450336 -0.044447414264751892 0.35065470034289781 0.14584542418875032 0.050254229405822338 1.0160249312545797 0.35611996121820283 0.43142675898632243 -0.032108839521683988 0.68033761757837041 0.41752127124932853 0.06813990849634935 0.0028751435778000944 -0.050357855903103189 -0.030381809150618985 0.59744687409772135 -0.0058572251732514477 0.91276250785113722 -0.050347086823590174 -0.0028931151819503796 -0.0070882032154973539 0.21725278342087773 0.018227424190331357 0.0075612239490487482 -0.018152614664272083 0.098300510720550238 -0.0024476196223426018
leaf_weight=0.070454776287077858 2.0353499371558428 0.56569568859413166 181.53307342459448 1.6485826871357852 218.5444345427677 0.37056711222976435 0.24985896702856081 0.49461493338458495 0.1406358745880425 0.244241212494681 0.41181551991030574 13.413712359732012 0.13683470664545705 0.42349198646843411 0.77136152470484376 6.9937503184191883 0.14906416437588632 66.599068520590663 0.15406315145082672 32.567920953035355 0.10383324138820171 0.73371423850767314 175.14959164755419 10.155626048333941 1.4298446346074336 71.238063231576234 81.496090136701241 4.4699603738263276 15.403005325235428 5.7676635454408816
leaf_count=10 25 16 5795 99 79060 10 28 61 25 11 23 2106 19 18 32 753 26 16192 19 7757 24 147 14147 1309 25 1863 5839 64 720 183
internal_value=-0.00330605 -0.0318947 0.014659 -0.010538 -0.0442207 0.121132 -0.0126794 0.0159291 0.459239 0.00841524 0.223431 -0.000390687 -0.00436884 0.0395389 0.191971 0.0145193 0.299362 -0.019334 0.00222708 -0.00121809 0.151147 0.0620698 0.00861415 0.0196334 0.117683 0.00321347 0.0167367 0.0376263 0.0553366 0.070853
internal_weight=893.466 344.788 548.678 126.173 218.615 2.01915 124.154 23.4294 0.390495 23.0389 0.90643 22.1325 21.8882 8.4745 1.19485 7.27965 0.285899 100.724 34.1252 33.5595 0.991611 0.887777 367.145 120.758 3.46519 246.388 117.292 35.7963 25.6406 21.1707
internal_count=136406 106436 29970 27366 79070 109 27257 3102 53 3049 84 2965 2954 848 50 798 45 24155 7963 7947 190 166 24175 8165 50 16010 8115 2276 967 903
is_linear=0
shrinkage=0.05


Tree=23
num_leaves=31
num_cat=0
split_feature=11 11 10 10 13 11 4 13 11 13 27 13 11 10 8 5 8 30 11 2 10 12 12 12 30 28 1 12 28 3
split_gain=193.699 26.2917 20.8301 19.8475 13.7563 13.7079 17.1618 13.2731 13.2178 11.9975 14.7888 12.3308 16.1611 24.2105 25.0363 27.2119 43.2129 35.8683 15.7477 15.5499 14.4092 21.6968 12.2051 32.6643 13.6165 11.7262 11.661 18.0228 23.6213 11.5832
threshold=0.0021084867699091036 0.0040393389722306579 0.0042104970273267083 0.0014993052854436709 326.50000000000006 0.0046423708686138872 0.0077139408805948504 243.50000000000003 0.0094878846421626809 313.50000000000006 0.10887950583530349 260.50000000000006 0.0048745065047068221 0.0016878840024270394 0.53699476759471898 0.002045512748756351 0.46362252832037515 0.79555240138205985 0.017560820205883284 0.0036307735354756958 0.0082753560642425204 0.34241785714285561 0.4324928571428574 0.45441428571428188 0.15298908867909947 -0.013743134801048587 0.06312705025761535 0.62607142857142972 0.022712962907740851 0.016370826091893557
decision_type=2 2 2 2 2 2 2 2 2 2 2 2 2 2 2 2 2 2 2 2 2 2 2 2 2 2 2 2 2 2
left_child=2 29 7 -3 9 -6 8 -1 -7 11 -11 18 13 19 15 16 17 -15 25 -13 22 -22 -16 -24 -25 -5 -27 -28 -29 -2
right_child=1 3 -4 4 5 6 -8 -9 -10 10 -12 12 -14 14 20 -17 -18 -19 -20 -21 21 -23 23 24 -26 26 27 28 -30 -31
leaf_value=0.099229699537510471 -0.012919765371693499 -0.03894911343971795 0.4854470046792872 0.030943465191069261 -0.0057333597524332194 0.078522486646201178 0.025150422289671865 -0.046344320475763867 0.29727679750580177 0.098147933638936133 -0.011548529032041014 0.65240101939701001 0.020813363197709711 0.034739389395924983 -0.051858191774357493 0.031602972075225805 0.73701393601426002 0.59159004925856806 0.031385711040722714 0.12420297524139134 -0.00017376934346588981 0.3422649717751457 0.43657346246579243 0.071523294733298534 -0.051102567428980589 -0.013545105161678426 -0.031644677615087539 0.038137635214078702 0.39796191579077272 0.02990146536265615
leaf_weight=1.5775350388139475 139.00976685457863 16.328650179551914 0.18505163444206019 21.313091913703829 13.072362592909483 20.0839356482029 26.078561294823885 211.05683270632289 0.71512242220342059 3.2360923918895415 60.763491571880877 0.28282706672325986 192.67415047017857 1.1355634706560551 4.6184352086856988 1.7390804942697284 0.44418424414470781 0.38798822835087765 47.800836443435401 0.27465153904631734 0.96823612693697103 0.88568492792546749 0.5089305080473413 6.0437974785454553 3.6195917217992246 92.931163785979152 1.9342983923852437 1.1131015578284857 0.77273887209594239 17.816509995842353
leaf_count=87 24621 2935 5 728 816 733 444 83257 25 142 3809 27 7597 81 373 90 38 16 1068 18 47 34 25 386 300 6444 39 41 12 2168
internal_value=-0.00319869 0.00988849 -0.0448028 0.0153029 0.0170627 0.0395424 0.0521681 -0.0452643 0.0860438 0.0140236 -0.00600181 0.0174012 0.0253442 0.0670952 0.0581905 0.175706 0.303063 0.176547 0.00717307 0.392175 0.0320195 0.163422 0.0155492 0.0461534 0.0255916 -0.00262992 -0.0100257 0.0755893 0.185579 -0.00805499
internal_weight=889.372 676.553 212.819 519.727 503.398 59.95 46.8776 212.634 20.7991 443.448 63.9996 379.448 213.583 20.909 20.3515 3.70682 1.96774 1.52355 165.865 0.557479 16.6447 1.85392 14.7908 10.1723 9.66339 118.064 96.7513 3.82014 1.88584 156.826
internal_count=136406 53057 83349 26268 23333 2018 1202 83344 758 21315 3951 17364 9032 1435 1390 225 135 97 8332 45 1165 81 1084 711 686 7264 6536 92 53 26789
is_linear=0
shrinkage=0.05


end of trees

feature_importances:
atr=70
volatility_20=69
range_pct=54
volatility_5=51
time_since_open=51
distance_from_vwap=37
returns_20=36
pressure_ratio=35
body_pct=31
returns_10=28
lower_wick=28
price_position=28
returns_5=27
returns=25
upper_wick=25
volume_momentum=24
fvg_size_pct=23
volume_ratio_20=22
time_to_close=21
volume_ratio=16
pv_divergence=10
fvg_up=3
fvg_down=2
bos_down=2
displacement_down=1
bos_up=1

parameters:
[boosting: gbdt]
[objective: binary]
[metric: auc]
[tree_learner: serial]
[device_type: cpu]
[data_sample_strategy: bagging]
[data: ]
[valid: ]
[num_iterations: 500]
[learning_rate: 0.05]
[num_leaves: 31]
[num_threads: 0]
[seed: 0]
[deterministic: 0]
[force_col_wise: 0]
[force_row_wise: 0]
[histogram_pool_size: -1]
[max_depth: -1]
[min_data_in_leaf: 20]
[min_sum_hessian_in_leaf: 0.001]
[bagging_fraction: 0.8]
[pos_bagging_fraction: 1]
[neg_bagging_fraction: 1]
[bagging_freq: 5]
[bagging_seed: 3]
[bagging_by_query: 0]
[feature_fraction: 0.8]
[feature_fraction_bynode: 1]
[feature_fraction_seed: 2]
[extra_trees: 0]
[extra_seed: 6]
[early_stopping_round: 0]
[early_stopping_min_delta: 0]
[first_metric_only: 0]
[max_delta_step: 0]
[lambda_l1: 0]
[lambda_l2: 0]
[linear_lambda: 0]
[min_gain_to_split: 0]
[drop_rate: 0.1]
[max_drop: 50]
[skip_drop: 0.5]
[xgboost_dart_mode: 0]
[uniform_drop: 0]
[drop_seed: 4]
[top_rate: 0.2]
[other_rate: 0.1]
[min_data_per_group: 100]
[max_cat_threshold: 32]
[cat_l2: 10]
[cat_smooth: 10]
[max_cat_to_onehot: 4]
[top_k: 20]
[monotone_constraints: ]
[monotone_constraints_method: basic]
[monotone_penalty: 0]
[feature_contri: ]
[forcedsplits_filename: ]
[refit_decay_rate: 0.9]
[cegb_tradeoff: 1]
[cegb_penalty_split: 0]
[cegb_penalty_feature_lazy: ]
[cegb_penalty_feature_coupled: ]
[path_smooth: 0]
[interaction_constraints: ]
[verbosity: -1]
[saved_feature_importance_type: 0]
[use_quantized_grad: 0]
[num_grad_quant_bins: 4]
[quant_train_renew_leaf: 0]
[stochastic_rounding: 1]
[linear_tree: 0]
[max_bin: 255]
[max_bin_by_feature: ]
[min_data_in_bin: 3]
[bin_construct_sample_cnt: 200000]
[data_random_seed: 1]
[is_enable_sparse: 1]
[enable_bundle: 1]
[use_missing: 1]
[zero_as_missing: 0]
[feature_pre_filter: 1]
[pre_partition: 0]
[two_round: 0]
[header: 0]
[label_column: ]
[weight_column: ]
[group_column: ]
[ignore_column: ]
[categorical_feature: ]
[forcedbins_filename: ]
[precise_float_parser: 0]
[parser_config_file: ]
[objective_seed: 5]
[num_class: 1]
[is_unbalance: 0]
[scale_pos_weight: 1]
[sigmoid: 1]
[boost_from_average: 1]
[reg_sqrt: 0]
[alpha: 0.9]
[fair_c: 1]
[poisson_max_delta_step: 0.7]
[tweedie_variance_power: 1.5]
[lambdarank_truncation_level: 30]
[lambdarank_norm: 1]
[label_gain: ]
[lambdarank_position_bias_regularization: 0]
[eval_at: ]
[multi_error_top_k: 1]
[auc_mu_weights: ]
[num_machines: 1]
[local_listen_port: 12400]
[time_out: 120]
[machine_list_filename: ]
[machines: ]
[gpu_platform_id: -1]
[gpu_device_id: -1]
[gpu_use_dp: 0]
[num_gpu: 1]

end of parameters

pandas_categorical:[]
