tree
version=v4
num_class=1
num_tree_per_iteration=1
label_index=0
max_feature_idx=30
objective=binary sigmoid:1
feature_names=returns returns_5 returns_10 returns_20 range_pct body_pct upper_wick lower_wick volume_ratio volume_ratio_20 volatility_5 volatility_20 atr time_since_open time_to_close price_position fvg_up fvg_down fvg_size_pct displacement_up displacement_down order_block_bull order_block_bear liquidity_grab_high liquidity_grab_low bos_up bos_down pressure_ratio distance_from_vwap volume_momentum pv_divergence
feature_infos=[-0.14263445050662515:1.3809523809523809] [-0.34662998624484176:3.2676518883415433] [-0.46600559237779615:4.5812807881773407] [-0.46601941747572817:4.5683690280065887] [0:0.42298483639265771] [0:0.42138866719872303] [0:0.14170792079207917] [0:0.21311475409836064] [0.002261614521374519:4.9977456721076479] [0.00069638707422023805:19.864151815121129] [0:0.63608277400300628] [0.00014868854196793893:0.34339939575867112] [0.0025000000000001371:9.9736928571428543] [0:383] [7:390] [0:0.99999999983145116] [0:1] [0:1] [0:0.57931034482758625] [0:1] [0:1] [0:1] [0:1] [0:1] [0:1] [0:1] [0:1] [0:26385010] [-0.34332722358685963:0.94689106818769619] [-0.99967961726785204:13894.879999999999] [-13894.8921558813:1.2110919793966151]
tree_sizes=3388 3435 3435 3416 3437 3452 3447 3438 3462 3460 3465 3451 3479 3476 3461 3448 3465 3460 3459 3481 3478 3465 3501 3480

Tree=0
num_leaves=31
num_cat=0
split_feature=10 4 13 13 4 4 29 11 3 2 13 15 12 11 2 13 12 3 10 11 13 11 15 3 14 2 11 12 14 4
split_gain=7182.52 2456.47 995.803 920.892 530.616 437.827 328.786 391.022 322.653 335.591 277.846 266.429 264.76 258.304 241.594 209.011 209.497 259.501 205.133 179.428 170.629 161.142 155.839 152.406 152.12 148.023 145.644 151.306 143.552 141.703
threshold=0.0049743356633653998 0.011929747190739739 239.50000000000003 241.50000000000003 0.0053574692633850977 0.023220446142827231 5.2118491629412178 0.0094207874943532006 -0.066342870847311483 -0.055354229314295615 224.50000000000003 0.083333326388873447 0.45091071428571494 0.0059151188219663713 0.051782158212551728 238.50000000000003 0.68802142857142568 0.00027845624714384348 0.0081188094300064118 0.0030121101909953321 172.50000000000003 0.01644683035906171 0.33290287159154058 0.086967542545195134 295.50000000000006 0.013321682832086902 0.0045974847336578036 0.11821428571428404 162.50000000000003 0.0083547391777768001
decision_type=2 2 2 2 2 2 2 2 2 2 2 2 2 2 2 2 2 2 2 2 2 2 2 2 2 2 2 2 2 2
left_child=3 2 12 10 19 6 7 -3 9 -4 -1 -11 14 -12 20 25 17 -17 -13 -5 -2 -7 -15 28 -16 -9 -10 -28 -23 -29
right_child=1 5 8 4 -6 21 -8 15 26 11 13 18 -14 22 24 16 -18 -19 -20 -21 -22 23 -24 -25 -26 -27 27 29 -30 -31
leaf_value=-4.0913306063895751 -3.9982375511111492 -3.8531816503130862 -4.0867816828509165 -4.3132819625872054 -4.1882880969702185 -3.4853557879350765 -3.9403479204874694 -3.2068731514497166 -4.2467221915485371 -2.3372252738488792 -3.9269007595733756 -3.9568105715150468 -2.8990623008906655 -2.6750540034709887 -3.0866012391329281 -3.0992711153627086 -3.78059207086948 -3.7382895586878342 -3.0271571864574121 -4.2721162970962405 -3.7103110993269293 -3.0312555177063008 -3.6265727793353397 -3.6077430963638308 -3.8792277792067837 -1.8265920304079502 -4.0117183023044332 -4.1790090188853215 -2.1369492232191307 -4.0231854818774995
leaf_weight=23.323663230985407 10.528421751223513 7.8792468877509299 3.9191401330754161 1495.8961877273396 101.06465548742563 4.1512843221426001 9.5725339138880354 0.45063283760100503 22.95496363658458 0.50525499973446075 3.8508624304085961 1.529420539736748 0.84664351306855579 0.79202135093510129 1.7888758098706596 4.9706167541444284 3.3592629712074995 2.3350974312052131 0.96954337786883105 321.61529064178467 10.064133373089133 2.0619866205379376 0.94223229680210352 0.84664351306855667 0.91492121573537577 0.34138851333409548 29.700800660066307 63.675785507075489 0.57353270240128029 18.926579179242253
leaf_count=1708 771 577 287 109545 7401 304 701 33 1681 37 282 112 62 58 131 364 246 171 71 23552 737 151 69 62 67 25 2175 4663 42 1386
internal_value=-4.26608 -3.98295 -4.06451 -4.29558 -4.2998 -3.61176 -3.70069 -3.58205 -4.11492 -3.782 -4.01548 -3.3844 -3.76761 -3.69871 -3.79918 -3.39559 -3.45379 -3.30352 -3.59613 -4.306 -3.85752 -3.27495 -3.19202 -3.02412 -3.35481 -2.61192 -4.13196 -4.1085 -2.83664 -4.14331
internal_weight=2150.35 202.867 166.324 1947.48 1918.58 36.5422 28.9088 19.3362 142.181 6.92336 28.9088 3.00422 24.143 5.58512 23.2964 11.457 10.665 7.30571 2.49896 1817.51 20.5926 7.63345 1.73425 3.48216 2.7038 0.792021 135.258 112.303 2.63552 82.6024
internal_count=157471 14856 12180 142615 140498 2676 2117 1416 10412 507 2117 220 1768 409 1706 839 781 535 183 133097 1508 559 127 255 198 58 9905 8224 193 6049
is_linear=0
shrinkage=1


Tree=1
num_leaves=31
num_cat=0
split_feature=13 28 6 18 5 13 28 7 7 13 28 28 5 5 12 0 13 5 7 7 3 0 3 3 28 5 9 2 13 1
split_gain=2409.73 1210.22 724.524 576.332 386.612 262.443 303.001 205.059 195.584 162.271 136.736 127.865 107.671 107.09 104.421 101.438 88.4899 104.668 86.8895 79.2331 88.3192 72.5449 66.4849 64.2382 62.724 73.0199 59.6519 99.8484 59.2136 58.9186
threshold=253.50000000000003 -0.016368635024024972 0.0023866348448687009 0.0068407018135175001 0.0050305645609355909 241.50000000000003 -0.016368635024024972 0.0017840248734395192 0.0029448559127680666 297.50000000000006 0.012051805443663218 0.029008654957295217 0.0054148318114423709 0.0091160015102436705 0.61034999999999495 0.0055479650584782112 246.50000000000003 0.0044116999051317359 0.0032617559617231021 0.0043079583129546776 0.053715976101705983 -0.0060794860808988651 0.086967542545195134 -0.066342870847311483 0.024051694912675562 0.0065940708871060957 0.52661777360210216 -0.0010679957280170236 78.500000000000014 -0.011741694695585557
decision_type=2 2 2 2 2 2 2 2 2 2 2 2 2 2 2 2 2 2 2 2 2 2 2 2 2 2 2 2 2 2
left_child=3 9 4 5 8 19 16 24 10 14 21 12 18 -6 -2 -9 -7 -18 -8 20 23 -3 -13 -1 -4 -26 27 -14 -22 -23
right_child=1 2 7 -5 13 6 11 15 -10 -11 -12 22 26 -15 -16 -17 17 -19 -20 -21 28 29 -24 -25 25 -27 -28 -29 -30 -31
leaf_value=0.38093541208554665 0.38671914698792426 0.22973656801464448 0.079293622826688809 0.34434718933557229 0.053720274707400387 0.19288171440157936 0.0058768679620840999 0.24640096366234979 0.10481601644517258 0.14970464002875233 0.06089435664168772 0.20176884630567976 1.0233395159314371 0.20751977528781099 0.056931872404762378 0.59696731009492399 0.26309075882131711 0.7162661995580516 0.16265720612642606 0.36662339945598671 0.045012792833274348 0.052891795624860287 0.72888833711027834 0.14400058780359223 0.09354311733646109 0.71989429004008099 0.13017646447869746 0.096972594845922952 0.38479033746077707 -0.040987842562266716
leaf_weight=3.0009174346923819 17.790132870897654 2.49525789823383 44.193444602191448 32.417177279479802 51.654788844287395 5.9415574148297292 87.430307204835117 12.606049173511563 24.421072418801486 23.399685660377145 34.488862589932978 1.5828454252332442 0.5118755865842104 14.494099797680972 2.7746240096166721 2.4673539362847796 2.7044323841109872 2.4092305079102516 9.8311111778020841 5.850100588053464 1.5599969271570424 16.879987368360162 0.96161817666143168 61.234075551852584 1.039010927081107 0.8427178282290696 17.106722758151591 0.67374864034354931 7.2018682928755879 1687.466243959032
leaf_count=116 782 164 2961 1286 3366 314 6153 709 1647 1303 2438 91 27 704 165 101 154 99 587 230 80 1171 50 3265 66 35 945 35 234 128193
internal_value=-0.00105015 -0.0195811 -0.0256041 0.148252 -0.0312555 0.11769 0.073807 0.143702 -0.0357013 0.239757 -0.037672 0.0503754 0.0426552 0.0874198 0.342224 0.303785 0.324117 0.476598 0.0217241 0.189571 0.175382 -0.0396636 0.400981 0.15507 0.0913316 0.37405 0.153947 0.496918 0.324295 -0.0400581
internal_weight=2177.43 1937.01 1893.05 240.418 1831.9 208 129.153 61.1486 1765.75 43.9644 1741.33 118.098 115.554 66.1489 20.5648 15.0734 11.0552 5.11366 97.2614 78.847 72.9969 1706.84 2.54446 64.235 46.0752 1.88173 18.2923 1.18562 8.76187 1704.35
internal_count=157471 143805 141555 13666 137683 12380 8455 3872 133613 2250 131966 7888 7747 4070 947 810 567 253 6740 3925 3695 129528 141 3381 3062 101 1007 62 314 129364
is_linear=0
shrinkage=0.05


Tree=2
num_leaves=31
num_cat=0
split_feature=10 13 13 28 10 28 6 6 7 1 9 13 7 1 6 14 30 18 0 5 28 8 28 6 18 6 5 27 6 7
split_gain=3851.71 424.65 265.549 193.186 170.069 151.941 123.203 96.3656 102.39 79.1406 72.215 66.9205 64.0951 63.867 59.0954 55.4943 65.5567 59.6593 54.7827 54.5408 53.5174 49.8272 47.2337 47.1152 45.9652 45.9132 45.4183 44.879 44.0177 43.001
threshold=0.0040623860879019759 244.50000000000003 299.50000000000006 -0.015134737023125925 0.0021971651931566266 0.0099302404619980734 0.0019238193365825097 0.0024656991947746613 0.0039816021370696801 -0.012696855836721031 0.68805531670163056 245.50000000000003 0.0047438867346920851 -0.0059699517140157634 0.0053043898218400262 95.500000000000014 -0.040205148578158371 0.021221107715674332 0.015498776508972247 0.0034510856619573969 0.020798193388308003 1.258275180089772 -0.027918397853458284 0.0013781667105017042 0.0041477353919657069 0.0023866348448687009 0.0082439749446003661 4.540445503632891 0.0063777231485189758 0.00097560975609756911
decision_type=2 2 2 2 2 2 2 2 2 2 2 2 2 2 2 2 2 2 2 2 2 2 2 2 2 2 2 2 2 2
left_child=1 13 3 11 28 7 12 18 -9 29 14 -2 22 -1 -8 16 -7 -17 -5 -16 25 -20 -4 -14 -22 -11 -12 -10 -3 -6
right_child=2 4 6 5 9 15 10 8 27 20 26 -13 23 -15 19 17 -18 -19 21 -21 24 -23 -24 -25 -26 -27 -28 -29 -30 -31
leaf_value=0.26432720929685311 0.19080868425760755 -0.044875722583792292 0.22819236433267404 0.08190755144356425 0.033172771497636325 0.9900016167063157 0.22117534865743049 0.15081672391389397 0.49540144239271755 -0.017333084168633692 0.089658312956481467 0.29450936805158345 0.1514423777037204 0.099945842340655858 0.85952487057668836 0.17963195086955538 0.23253121199551999 0.33030474868058701 0.47066845506784755 0.28457764936199215 0.12528118949911662 0.0058168141776560392 0.038359111934209933 0.53367913796884447 0.76442782111873064 0.057846732806938729 0.23217432908522856 0.076467828412173311 0.51139157654902434 0.22304588147831714
leaf_weight=7.2772944178432217 29.801526235416532 1368.220828874968 3.3942461088299742 96.225113268941641 6.5472168121486884 0.48015317972749472 7.523825843818484 18.787382128648463 3.5626217797398558 332.81859996542335 24.858805943280458 32.549013630487025 5.6693653678521505 31.426062177866697 0.76832686550915219 66.493619902990758 0.70512642245739587 7.2900159638375035 1.7215791586786502 0.8906197976320982 3.4073896771296854 0.86668030638247717 94.682406055741012 0.93983300495892752 0.30661125294864167 21.628104645758867 7.2123636584728947 0.77908181026577938 0.35572390910237928 5.4758123308420181
leaf_count=320 1032 108213 144 5348 417 23 389 924 124 25165 1302 958 251 1553 32 2762 38 179 52 25 222 29 5904 40 18 1396 234 26 22 329
internal_value=-0.00123913 -0.0329522 0.137874 0.168242 -0.0365984 0.143955 0.0839242 0.109518 0.201389 -0.00653148 0.157106 0.244944 0.0550851 0.130854 0.280736 0.199971 0.53938 0.194519 0.0880134 0.55086 -0.0107672 0.315013 0.0449289 0.205797 0.178046 -0.0127457 0.121708 0.420227 -0.0447311 0.119649
internal_weight=2182.67 1777.46 405.202 259.262 1738.76 196.911 145.94 121.942 23.1291 370.184 41.2539 62.3505 104.686 38.7034 9.18277 74.9689 1.18528 73.7836 98.8134 1.65895 358.161 2.58826 98.0767 6.6092 3.714 354.447 32.0712 4.3417 1368.58 12.023
internal_count=157471 137655 19816 11495 135782 9505 8321 6503 1074 27547 1982 1990 6339 1873 446 3002 61 2941 5429 57 26801 81 6048 291 240 26561 1536 150 108235 746
is_linear=0
shrinkage=0.05


Tree=3
num_leaves=31
num_cat=0
split_feature=11 4 13 4 13 12 18 9 11 5 14 15 27 12 18 11 8 2 2 15 18 11 2 12 11 7 6 9 9 12
split_gain=3058.4 569.036 434.759 164.2 143.554 134.943 95.6403 82.3099 72.6629 53.3666 52.3264 62.138 50.3428 49.1453 49.9813 47.5025 45.6091 44.5594 55.2283 43.7048 41.976 41.4909 41.2038 39.0495 36.9455 36.151 36.0975 35.1868 39.3206 37.2478
threshold=0.0039091804349005504 0.0092043131330742153 240.50000000000003 0.0052572806424550219 241.50000000000003 0.15655357142857187 0.0077857096658228379 0.74429143479898552 0.0028629340941208029 0.0015293896430228658 192.50000000000003 0.99999998428899395 0.66503619700818406 0.054292857142857275 0.0023932620474159819 0.0070112358361489801 0.27030453756871592 0.01854317247654336 -0.0077497203596903477 0.14285712244898707 0.021221107715674332 0.019701760989028944 -0.030384576473371002 1.2098964285714298 0.0067137828144380662 0.0064700660395173833 0.00091946370334131675 0.97396218624170172 0.9312206123404313 0.11535714285714403
decision_type=2 2 2 2 2 2 2 2 2 2 2 2 2 2 2 2 2 2 2 2 2 2 2 2 2 2 2 2 2 2
left_child=4 2 10 5 -1 6 -4 9 -6 23 11 12 19 14 -11 -3 -8 18 -15 21 -12 24 -10 -5 -2 -24 -17 28 29 -28
right_child=1 15 3 7 8 -7 16 -9 22 13 20 -13 -14 17 -16 26 -18 -19 -20 -21 -22 -23 25 -25 -26 -27 27 -29 -30 -31
leaf_value=0.073396774796053263 0.43832500143624814 0.11425080674226279 0.05433763937492634 0.30816978613620849 -0.047054859835188687 -0.008035880489021905 0.67305877638094858 0.058934737479708545 0.53967363538848467 0.54127639483137324 0.11631821760862114 0.51166306456069199 0.12808124215804648 0.16126031535253676 -0.051024819594977705 0.14546798016503956 0.22683887114743095 0.23943379608278878 0.022047636133282297 0.18421773813244105 0.25191339143585828 0.58312446258668282 -0.013729262654734623 -0.051156482551183657 0.18584853693096492 0.47404545930611708 0.063074395296271693 0.17724193334861477 0.45588603624459251 0.25084910868420091
leaf_weight=26.883803140372038 2.4432586021721461 34.684504244476557 107.45121758431196 6.3977917749434701 1317.9834234984592 179.0246551213786 0.75931611470878069 95.470399519428611 0.33848331682383914 1.2664607604965556 43.719635033980012 1.6822460647672404 13.592094877734779 12.22173079010099 0.49553706124424923 48.493359704501927 2.3295091278851032 5.1615211665630332 17.081592027097944 9.1003678217530233 6.5645877737551919 1.4930967334657905 159.57126298360527 0.85742852184921492 3.5605515390634537 0.38076473399996658 2.9900953797623577 57.628168907016516 2.0620095487684003 22.619910678826272
leaf_count=1195 68 1383 7271 305 108972 12731 33 5321 16 73 1587 36 416 597 26 1297 97 268 991 291 158 34 11872 43 94 18 78 1656 49 495
internal_value=-0.00136437 0.0867138 0.0604258 0.0402255 -0.0411066 0.0187851 0.062223 0.0849054 -0.043189 0.141927 0.165789 0.21591 0.19943 0.117138 0.3747 0.166395 0.336532 0.103971 0.08011 0.25786 0.13402 0.347253 -0.011402 0.265704 0.288594 -0.0125681 0.179913 0.199495 0.245838 0.228925
internal_weight=2184.31 679.151 510.673 428.517 1505.16 289.565 110.54 138.952 1478.27 43.4821 82.1558 31.8716 30.1894 36.2268 1.762 168.478 3.08883 34.4648 29.3033 16.5973 50.2842 7.49691 160.291 7.25522 6.00381 159.952 133.794 85.3002 27.672 25.61
internal_count=157471 35398 30440 27756 122073 20132 7401 7624 120878 2303 2684 939 903 1955 99 4958 130 1856 1588 487 1745 196 11906 348 162 11890 3575 2278 622 573
is_linear=0
shrinkage=0.05


Tree=4
num_leaves=31
num_cat=0
split_feature=10 11 11 4 13 4 4 9 13 18 13 13 4 4 8 2 4 27 13 8 15 11 13 30 5 11 9 1 14 13
split_gain=2668.56 374.688 231.726 161.714 133.397 88.6478 99.8068 61.7767 61.1395 51.6674 51.3818 46.9473 40.6705 39.9183 46.8411 43.7031 39.5109 38.8173 48.8856 44.2166 38.4965 39.2266 49.3205 38.1241 33.3307 33.2067 42.7246 32.4249 31.8386 31.4316
threshold=0.0038965747905021953 0.0029005116580602289 0.0045015415529626795 0.006424620765817555 237.50000000000003 0.010973314003331104 0.0012523155725273772 1.3582014788950085 226.50000000000003 0.013341742311319687 241.50000000000003 237.50000000000003 0.0039392484062612827 0.010973314003331104 0.33016173505081042 -0.022560603072337922 0.0052572806424550219 1.0000000180025095e-35 320.50000000000006 1.3279087408663115 0.62499998883928476 0.0071863073757654321 343.50000000000006 -0.73370775635348717 0.0013792039507150601 0.0048868444446060009 0.30063411816531432 -0.0017139429382877489 233.50000000000003 240.50000000000003
decision_type=2 2 2 2 2 2 2 2 2 2 2 2 2 2 2 2 2 2 2 2 2 2 2 2 2 2 2 2 2 2
left_child=1 10 9 4 8 6 25 16 27 -2 -1 23 -6 14 -13 -15 17 19 -19 -8 21 -20 -23 28 -18 26 -4 -3 -5 -9
right_child=2 3 5 11 12 -7 7 29 -10 -11 -12 13 -14 15 -16 -17 24 18 20 -21 -22 22 -24 -25 -26 -27 -28 -29 -30 -31
leaf_value=0.046972648172596304 0.0098087304777905934 0.14451926035730714 0.16130636699968473 0.4125102710585955 -0.020659448652381771 0.14182269038409104 0.13271580126979515 0.14410283562991641 0.27439753305942949 0.30043994816447611 -0.04685407189598656 0.64655970353695857 0.018800732569934468 0.58471370366546571 0.071728772220544676 0.15938334310510588 0.19444165646900202 0.04471943952096899 0.20066780232114889 0.54975651042520968 0.051330039407274979 0.2479130925602715 1.0033319261136198 0.70709197339720053 0.10710409883411665 0.14024011118688726 0.54599318555330312 0.020687799458294857 -0.051449582128854601 0.034121233386721676
leaf_weight=14.762690901756285 74.909747892990708 9.1635924950242096 1.8801947999745601 0.86099922657012962 224.90768479369581 146.5615284498781 2.7051648721098895 7.1223147492855778 4.5667155217379323 1.5610961019992817 1257.4273519152775 0.35824067704379459 92.012569756247103 0.78599638305604491 33.007856828160584 2.6075510550290337 12.789503992535172 57.842270375229418 3.5769047774374476 0.83076555188745249 3.4221785496920347 0.50197157263755787 0.37936038617044687 0.52739658392965694 74.893314976245165 65.359118105843663 1.1714969314634798 12.493935618549584 0.64811444468796253 73.910458019003272
leaf_count=629 4570 333 80 28 17354 3165 110 199 96 49 108919 17 6459 31 1858 111 467 3086 205 25 200 29 19 21 3120 2006 50 522 24 3689
internal_value=-0.00145537 -0.0327264 0.0962488 0.0107045 -0.000235125 0.109841 0.094542 0.0792412 0.10814 0.0157418 -0.0457653 0.107463 -0.00920284 0.0945172 0.0779005 0.257896 0.0975466 0.0693186 0.0606362 0.230699 0.177465 0.274288 0.573075 0.341144 0.119843 0.147767 0.308982 0.0730826 0.213255 0.043788
internal_weight=2183.55 1654.13 529.417 381.941 343.144 452.947 306.385 237.974 26.2242 76.4708 1272.19 38.7962 316.92 36.7596 33.3661 3.39355 156.941 69.2586 65.7227 3.53593 7.88042 4.45824 0.881332 2.03651 87.6828 68.4108 3.05169 21.6575 1.50911 81.0328
internal_count=157471 136402 21069 26854 24764 16450 13285 11149 951 4619 109548 2090 23813 2017 1875 142 7261 3674 3539 135 453 253 48 73 3587 2136 130 855 52 3888
is_linear=0
shrinkage=0.05


Tree=5
num_leaves=31
num_cat=0
split_feature=11 10 4 13 11 4 4 13 11 9 11 13 13 2 13 7 27 11 6 2 13 12 15 12 18 12 2 1 12 12
split_gain=2302.7 360.852 103.599 91.902 91.893 74.8259 99.8711 60.0966 120.73 57.0553 46.0659 50.3089 49.4623 102.97 42.3768 42.086 32.9178 36.967 35.0133 32.7802 37.8655 38.0038 42.1494 37.2639 31.3649 31.034 63.3984 49.3612 30.4501 29.462
threshold=0.0039091804349005504 0.0036087459386020867 0.0069772186922336501 235.50000000000003 0.0028629340941208029 0.0092043131330742153 0.00066275849557952073 323.50000000000006 0.0086292699921926373 1.2927779814093592 0.0050044333167908418 339.50000000000006 345.50000000000006 -0.0021663517436251718 240.50000000000003 0.0087278892910452096 1.0000000180025095e-35 0.0068632349283032287 0.0016294219531634154 -0.024633065632788772 312.50000000000006 0.4421607142857153 0.14507219177161976 0.26396071428571366 1.0000000180025095e-35 0.096853571428570429 0.012590871688798024 0.0097194848743867874 0.21099285714285734 0.79290357142857226
decision_type=2 2 2 2 2 2 2 2 2 2 2 2 2 2 2 2 2 2 2 2 2 2 2 2 2 2 2 2 2 2
left_child=4 2 3 -2 14 6 -3 -5 -9 10 -8 16 13 -13 -1 -6 17 -12 -18 20 21 22 -20 -24 29 26 -21 -28 -11 -4
right_child=1 5 24 7 15 -7 9 8 -10 28 11 12 -14 -15 -16 -17 18 -19 19 25 -22 -23 23 -25 -26 -27 27 -29 -30 -31
leaf_value=0.036902330742919182 0.10512928256808983 0.12476005610545318 0.23404182486531955 -0.014676173751634351 -0.0077462600143519706 0.11176279860726812 0.021880832367269898 0.063344197112103345 1.0433550412755472 0.062630329038028273 0.3734127982693583 0.84737359084655661 0.14025292564181632 0.097056403643222641 -0.046832125710462413 0.56026129354805532 0.058474648513419804 0.11820708801986182 -0.00077416603115635057 0.091336428669174519 0.59045207136189404 0.016867238844524578 0.27624513086122987 0.71731277167701002 0.053173850137319234 0.07169317827952304 0.16684127538234306 0.74150782057803666 -0.00027849511912300857 0.055249368765388697
leaf_weight=15.301719821989535 20.602616485208273 74.880861524492502 7.7094338713213819 178.91416715271771 170.84387924335897 210.24919758178294 33.618639289401472 17.966169254854325 0.31985818687826295 31.593124073930085 1.8756558755412687 0.83451080508530129 5.9945993926376104 1.0114822220057238 1204.9992309492081 0.32673783972859283 97.728413743898273 5.8278519362211227 0.94392150733619873 3.5021599829196957 0.62198992259800423 2.193927364423871 1.8259494192898276 0.64910376165062178 8.6093072639778239 25.123032945208251 0.6873356234282253 0.81884676776826382 49.177437275648117 3.2862859359011054
leaf_count=621 641 2075 343 13222 12358 4716 1915 1259 20 1471 53 36 240 48 109081 10 4545 165 30 141 19 98 57 23 397 1066 28 24 2559 155
internal_value=-0.00231654 0.0660629 0.0145557 0.00464613 -0.0409698 0.0883301 0.0737932 -0.00585191 0.0804865 0.0593385 0.0747693 0.0866515 0.209942 0.436249 -0.0457822 -0.00666202 0.0798343 0.180345 0.0740601 0.115943 0.220301 0.179282 0.283503 0.391919 0.124646 0.0943496 0.207999 0.479263 0.0243281 0.180606
internal_weight=2178.04 786.566 237.408 217.803 1391.47 549.158 338.909 197.2 18.286 264.028 183.257 149.639 7.84059 1.84599 1220.3 171.171 141.798 7.70351 134.095 36.3663 6.23489 5.6129 3.41897 2.47505 19.605 30.1314 5.00834 1.50618 80.7706 10.9957
internal_count=157416 35346 16037 15142 122070 19309 14593 14501 1279 12518 8488 6573 324 84 109702 12368 6249 218 6031 1486 227 208 110 80 895 1259 193 52 4030 498
is_linear=0
shrinkage=0.05


Tree=6
num_leaves=31
num_cat=0
split_feature=10 13 4 10 28 28 3 12 4 3 9 6 15 28 3 10 2 12 3 4 28 15 27 18 10 9 5 3 12 12
split_gain=1952.47 189.214 182.24 105.007 53.1754 59.1096 49.2988 43.2197 66.3677 51.6928 48.2776 42.6288 42.0412 40.9934 37.9823 37.4777 37.115 35.2261 45.4917 34.5157 32.4632 40.0059 31.7935 32.0512 31.2825 30.8167 30.8135 29.5073 60.896 29.1281
threshold=0.0036087459386020867 240.50000000000003 0.0046563930984765594 0.0057166727110683387 -0.0076713261688654234 0.014467813704140192 0.013433175651795583 0.1622571428571403 0.0083547391777768001 -0.043453026907122709 1.3447620795517474 0.0023866348448687009 0.26630055899160737 0.024051694912675562 -0.051932944754164372 0.0020485456407428634 0.027188910442752737 0.24067142857142701 -0.037386227922058639 0.0069772186922336501 0.024051694912675562 0.95138719097535018 0.28564242192956824 0.00092004015364272062 0.0071572312717409648 0.58218475428340977 0.016420231879462951 -0.051932944754164372 0.62671428571428478 0.15119285714285882
decision_type=2 2 2 2 2 2 2 2 2 2 2 2 2 2 2 2 2 2 2 2 2 2 2 2 2 2 2 2 2 2
left_child=1 -1 15 4 6 11 17 9 13 -5 -10 -6 -8 14 -9 -3 -7 18 -2 -4 -17 -22 23 29 -15 -21 -12 28 -27 -20
right_child=3 2 19 7 5 16 12 8 10 -11 26 -13 -14 24 -16 20 -18 -19 22 25 21 -23 -24 -25 -26 27 -28 -29 -30 -31
leaf_value=0.067088443519794677 0.18956664873915222 -0.046014770083425111 0.00786201047064875 0.17975641296138789 0.0030357613222767497 0.15664447341022442 0.14622668227100674 0.096762965970716708 0.12194414828844341 0.09326813962166243 0.051221324923400903 0.084001234103229391 0.5412260346756983 0.3342383448443601 0.011653023338902741 -0.026272390215513555 0.026658387934962377 0.017949602755265751 0.15043980519231712 0.23443517150765364 0.030424327296202026 0.71574515871716393 0.016704689523994589 0.039895389324134008 0.089836577529245468 0.4968056193893553 0.12580853602144695 0.038184517251184123 -0.012169172585813726 0.42005740585358109
leaf_weight=45.247202852740884 10.276757311075924 1081.5882626892999 85.276600752957165 19.447865920141339 119.29656155128032 12.943103540688755 2.0159459402784701 15.940589964389799 71.506723713129759 154.73737522214651 68.430870067328215 18.822109025903046 1.0116887940093873 1.4184804689139152 73.789167669601738 271.17427766136825 9.5386680439114553 20.073195280507207 4.706624576821925 2.6227820273488787 0.61415240727364917 0.32597752287983894 14.677264167927204 5.4144055135548115 17.007331412285566 1.093663746491081 17.359595764428377 24.06429792847484 1.2702156994491813 1.2725992649793623
leaf_count=1477 290 101732 6031 370 7008 532 77 435 1232 4485 1675 802 38 36 3459 23182 368 903 215 108 36 17 711 200 407 37 242 1201 52 58
internal_value=-0.0023254 -0.0336183 -0.0367222 0.0694584 0.0412616 0.0263074 0.0816605 0.0835715 0.0708723 0.102925 0.0916032 0.0140693 0.278216 0.0407221 0.0267729 -0.0418419 0.101493 0.071113 0.100473 0.023897 -0.0252555 0.26805 0.0653532 0.128022 0.108651 0.0709662 0.066314 0.0547433 0.223311 0.207824
internal_weight=2172.96 1513.28 1468.03 659.687 220.049 160.6 59.4485 439.638 265.453 174.185 157.297 138.119 3.02763 108.156 89.7298 1353.7 22.4818 56.4208 36.3477 114.328 272.114 0.94013 26.0709 11.3936 18.4258 29.051 85.7905 26.4282 2.36388 5.97922
internal_count=157416 133873 132396 23543 11202 8710 2492 12341 7486 4855 3149 7810 115 4337 3894 124967 900 2377 1474 7429 23235 53 1184 473 443 1398 1917 1290 89 273
is_linear=0
shrinkage=0.05


Tree=7
num_leaves=31
num_cat=0
split_feature=11 10 11 13 13 13 13 13 12 11 3 3 11 11 3 14 2 10 12 2 13 3 3 11 15 28 12 11 7 5
split_gain=1836.31 212.95 89.965 65.6269 49.5936 49.0915 49.9341 49.1668 55.2072 45.3138 40.6686 40.5549 49.189 76.1704 52.6149 84.3754 67.1878 38.0889 46.39 43.5178 37.6078 37.5243 35.7805 48.7113 66.7114 36.7573 37.6901 42.0534 35.6462 33.6029
threshold=0.0039091804349005504 0.0033258405787583594 0.0028629340941208029 237.50000000000003 318.50000000000006 300.50000000000006 312.50000000000006 271.50000000000006 0.13621071428571294 0.025446677731484891 -0.051932944754164372 -0.066342870847311483 0.010741498552805486 0.011618225737555193 -0.01351453807066849 114.50000000000001 -0.013999655085472738 0.0086902363631153039 0.82541428571428421 -0.022560603072337922 240.50000000000003 0.024751214039363315 -0.043453026907122709 0.0079036710575964685 0.036645376697903902 0.016965530116054953 0.11821428571428404 0.0081184058713349733 0.0023627700146526278 0.0027272727272726924
decision_type=2 2 2 2 2 2 2 2 2 2 2 2 2 2 2 2 2 2 2 2 2 2 2 2 2 2 2 2 2 2
left_child=2 3 20 -2 10 7 9 22 -9 -7 -5 -10 14 -14 15 -13 -17 18 -8 -20 -1 -4 23 24 -3 26 -24 -28 29 -26
right_child=1 5 21 4 -6 6 17 8 11 -11 -12 12 13 -15 -16 16 -18 -19 19 -21 -22 -23 25 -25 28 -27 27 -29 -30 -31
leaf_value=0.028950182324329461 0.090804724365859776 0.019750585040614183 -0.010913496591757128 0.07853919686014002 0.060055848658672008 0.01476541767416685 0.043499158814038097 0.064626306660429025 0.07554522887155124 0.1351015906355138 -0.017299989574737811 0.16015559949560754 0.63220410171609143 0.22680613985817383 0.061559579626009497 0.2290716251072949 0.90018188153932288 0.1337521306582575 0.43592342472676182 0.11902497637561638 -0.046448646396552551 0.11212497397546128 0.079861990338334021 0.085623609627108632 0.61088035036072141 0.090294736096372327 0.0038390033052239829 0.059365899163258941 0.14896866762664926 0.29415004926911681
leaf_weight=16.789417972788215 22.611593659967184 3.2509955344721657 163.03194149211049 11.954280629754065 29.743603673763573 100.16383872553706 72.5343336192891 24.366057147271931 9.00770395062864 8.485857889056204 149.49129126500338 5.6491719391196993 1.4552613217383612 5.685353759676218 7.9405343374237409 0.70824462920427322 0.78775331098586299 20.48961497657001 1.229731136932968 9.1008003558963519 1105.4150908915326 6.4417038308456531 75.957126568071544 82.465352192521095 1.2070175129920246 85.106252136640251 58.645934456028044 81.463827577419579 2.4728413177654147 2.7347018690779805
leaf_count=621 603 51 11944 757 1973 4247 3095 836 94 220 11212 179 30 114 322 17 31 407 38 434 109081 424 2220 1565 40 1651 2544 2544 54 68
internal_value=-0.00231093 0.0536288 -0.0401926 0.0102535 0.000726815 0.0676605 0.0478312 0.0770253 0.121036 0.024164 -0.0102036 0.165041 0.201312 0.309426 0.150137 0.248574 0.582461 0.072711 0.0576176 0.156748 -0.0453206 -0.0062368 0.0708037 0.0980705 0.204266 0.0624626 0.0514998 0.0361239 0.297781 0.391138
internal_weight=2166.39 874.709 1291.68 213.801 191.189 660.908 212.004 448.904 55.6001 108.65 161.446 31.234 22.2263 7.14062 15.0857 7.14517 1.496 103.354 82.8649 10.3305 1122.2 169.474 393.304 92.1309 9.66556 301.173 216.067 140.11 6.41456 3.94172
internal_count=157416 35346 122070 14545 13942 20801 8441 12360 1623 4467 11969 787 693 144 549 227 48 3974 3567 472 109702 12368 10737 1778 213 8959 7308 5088 162 108
is_linear=0
shrinkage=0.05


Tree=8
num_leaves=31
num_cat=0
split_feature=11 10 11 4 13 13 28 13 13 12 13 12 2 11 18 28 10 28 11 9 4 4 13 12 28 13 12 9 30 2
split_gain=1640.9 178.079 75.6273 59.6519 71.4954 41.2136 40.2422 45.44 39.9195 42.9787 36.1659 30.5342 41.509 36.9843 34.5419 33.3998 75.025 29.7735 27.2483 29.0137 26.927 45.1915 26.4281 45.2071 40.6841 26.2787 25.602 25.112 25.4125 43.0698
threshold=0.0037599989088005358 0.0036087459386020867 0.0028629340941208029 0.0041988683061187975 235.50000000000003 300.50000000000006 0.041821888775929746 312.50000000000006 270.50000000000006 0.11398571428571484 240.50000000000003 0.15834285714285609 -0.0013834297710150765 0.01644683035906171 0.0077857096658228379 -0.010735884491448555 0.013271649423040143 -0.037938290396558751 0.0052569086581855584 3.4013664227536879 0.00069156293222677695 0.0049806848032006639 259.50000000000006 0.066357142857142712 0.0019945578594018137 324.50000000000006 0.37031428571428349 1.3582014788950085 -0.92207416382448004 0.022235612370443917
decision_type=2 2 2 2 2 2 2 2 2 2 2 2 2 2 2 2 2 2 2 2 2 2 2 2 2 2 2 2 2 2
left_child=2 3 10 4 -2 8 7 11 20 -10 -1 12 15 -13 -15 -7 -17 -11 -9 -20 22 -22 -3 -24 -25 -6 -5 -4 -29 -30
right_child=1 5 27 26 25 6 -8 18 9 17 -12 13 -14 14 -16 16 -18 -19 19 -21 21 -23 23 24 -26 -27 -28 28 29 -31
leaf_value=0.026742929539899169 0.074968976091798173 0.083808754228068313 -0.017255926324362524 0.07112059830942502 -0.025501261795906695 0.062304543241611846 0.19575339702095831 0.025162064136226188 0.052575269100994471 0.037431855104584397 -0.046235506313482479 -0.016910051209091843 -0.0030268862734795297 0.045396131675999818 0.32383540659949855 0.13505330552190772 0.62825214272308449 0.15575961951520984 0.075446347821749193 0.29092622404948365 0.023410609192434286 0.067319972566794312 -0.051854282483712336 0.57212204284544887 0.088707565630646384 0.047035620548656482 0.016241516068774543 0.0032655746285008094 0.077906837732628964 0.55947924078704669
leaf_weight=17.253875339403749 23.764388058334589 78.239640771411359 120.97018689289689 46.134826403111219 131.15497254487127 7.4297002181410789 4.2062983512878409 32.709494159556925 23.839806019328535 6.3009942173957816 1056.2299094367772 62.179329275153577 11.311827583238481 17.795512410812083 1.1882174387574185 4.0158669520169514 0.95432304963469494 34.012225342914462 69.787879740819335 1.5979446675628413 76.870626362971961 246.51346924714744 0.88042095117270891 1.1191766764968631 0.7122061364352702 13.799863053485749 39.403129629790783 20.293793085031215 8.5410152776166761 0.49097997881472188
leaf_count=621 588 1436 9214 2378 10646 234 99 1547 780 68 109081 2735 445 541 21 166 24 822 2088 35 3047 5555 30 25 24 954 2310 1298 582 22
internal_value=-0.00229785 0.0475385 -0.0404117 0.0118272 -0.00541693 0.0608586 0.0426328 0.0395507 0.0691518 0.105794 -0.0450625 0.0163219 0.0662363 0.00173944 0.062824 0.129422 0.229752 0.137265 0.0629535 0.0802698 0.0633382 0.0568824 0.0891275 0.24258 0.384127 -0.0185957 0.0458405 -0.00719304 0.0343168 0.104085
internal_weight=2159.7 935.922 1223.78 254.257 168.719 681.665 213.176 208.97 468.489 64.153 1073.48 104.875 23.7117 81.1631 18.9837 12.3999 4.97019 40.3132 104.095 71.3858 404.336 323.384 80.9514 2.7118 1.83138 144.955 85.538 150.296 29.3258 9.032
internal_count=157416 36598 120818 16876 12188 19722 7935 7836 11787 1670 109702 4166 869 3297 562 424 190 890 3670 2123 10117 8602 1515 79 49 11600 4688 11116 1902 604
is_linear=0
shrinkage=0.05


Tree=9
num_leaves=31
num_cat=0
split_feature=11 10 11 4 13 13 28 13 12 4 4 3 10 14 1 13 29 28 10 13 11 4 13 14 29 2 8 28 12 12
split_gain=1476.52 144.215 75.109 53.998 43.888 41.3979 38.1713 52.5974 155.884 33.0583 39.5866 32.2488 36.3614 39.8605 25.8709 24.521 23.4732 27.8752 29.0585 29.9909 31.2784 22.148 21.8291 21.1177 20.3439 19.9613 19.8859 21.6856 19.2767 26.4735
threshold=0.0037599989088005358 0.0036087459386020867 0.0021543880977931982 0.0069772186922336501 235.50000000000003 318.50000000000006 0.010385887563067108 329.50000000000006 0.13309642857142837 0.01026779526280268 0.00069156293222677695 0.027818096913391658 0.0014549099007285838 14.500000000000002 -0.012696855836721031 240.50000000000003 1.6761568715370301 -0.012484532410507053 0.0075929643498541454 342.50000000000006 0.0071863073757654321 0.0043119640681165026 240.50000000000003 52.500000000000007 -0.73573167539469309 0.0065362363771879215 1.1686102386748312 -0.0023371661458456805 0.66659285714285799 0.56525000000000003
decision_type=2 2 2 2 2 2 2 2 2 2 2 2 2 2 2 2 2 2 2 2 2 2 2 2 2 2 2 2 2 2
left_child=2 3 22 4 -2 21 -7 8 -8 10 -3 14 -13 -14 -4 -16 17 -12 24 26 -21 -6 -1 -5 -19 -9 -20 -28 29 -25
right_child=1 9 11 23 5 6 7 25 -10 -11 16 12 13 -15 15 -17 -18 18 19 20 -22 -23 -24 28 -26 -27 27 -29 -30 -31
leaf_value=0.023426586207973318 0.061766815399237507 0.074041308584074289 0.060325831779152121 -0.051697742038450595 -0.02643342263394214 0.024790594939497975 1.1385866350183091 0.3387039260126804 0.053180081020626484 0.069549619176068708 0.076567880471904937 0.54824388034268468 0.62887262793740817 0.029783005189124537 0.034903609193419192 -0.027310975488533364 0.018818059500347855 -0.021867844438664824 0.04955034270382886 0.084004955523222846 0.43389457437906237 0.014932418042041973 -0.048527975143049129 0.10558378019847983 0.033945212371419474 -0.006980818113844562 -0.052077001566194575 0.18795809497094842 0.025538091632112042 0.34360239356455757
leaf_weight=10.672751603648065 28.188794622197747 104.93322814721614 9.4169932547956687 2.7745209615677622 121.82794295623899 32.393316096626222 0.50427314173430093 0.51161634735763106 0.96155725885182619 246.28423699550331 61.463297082111239 0.41746322996914287 0.29415000230073918 4.9499999573454261 16.774378843605518 283.65551614388824 101.88504339102656 18.603080552071333 43.176663628779352 1.4712899494916194 1.1287777610123155 44.061934856697917 850.26145867537707 15.217324758879846 133.43697067257017 2.2727423207834363 1.1494922041893003 5.18627088330686 7.1471930816769591 1.2653779573738564
leaf_count=375 656 2131 525 96 10133 2157 27 21 63 3816 1587 36 16 317 608 26320 3925 835 1399 45 23 2760 92621 489 5798 128 34 129 299 47
internal_value=-0.00227022 0.0432008 -0.0399879 0.011065 0.00331359 -0.00482199 0.0432755 0.18416 0.42658 0.0546977 0.0469552 -0.0191185 0.0991379 0.0633866 -0.0212793 -0.0238372 0.0392213 0.0470476 0.03816 0.0703809 0.235904 -0.0154463 -0.047636 0.0787966 0.0271161 0.0565376 0.0616887 0.144409 0.0941187 0.123856
internal_weight=2152.29 975.845 1176.44 257.127 230.722 202.533 36.6435 4.25019 1.46583 718.718 472.434 315.509 5.66161 5.24415 309.847 300.43 367.501 265.616 204.153 52.1125 2.60007 165.89 860.934 26.4044 152.04 2.78436 49.5124 6.33576 23.6299 16.4827
internal_count=157416 36598 120818 16876 15945 15289 2396 239 90 19722 15906 27822 369 333 27453 26928 13775 9850 8263 1630 68 12893 92996 931 6633 149 1562 163 835 536
is_linear=0
shrinkage=0.05


Tree=10
num_leaves=31
num_cat=0
split_feature=11 10 13 13 11 4 12 13 11 11 12 2 1 27 2 13 2 15 0 28 4 13 2 28 12 10 13 15 1 10
split_gain=1412.27 138.537 78.8201 47.2136 45.4675 38.9254 41.4085 29.1559 35.7921 26.7731 32.6552 35.8811 30.5255 31.4575 25.8504 44.343 25.684 29.5455 89.2207 25.4899 24.7735 35.2531 27.2157 25.7248 23.6133 25.4817 29.4882 23.5866 23.308 30.0508
threshold=0.0035038973920448178 0.0033258405787583594 248.50000000000003 300.50000000000006 0.0021361037036602705 0.0059634846003185906 0.12688214285714344 315.50000000000006 0.0067137828144380662 0.013950297903575484 0.15834285714285609 0.0020205958323548105 0.0033346700806041745 1.188779481256399 0.01854317247654336 373.50000000000006 0.0070707897297526143 0.12499996874999533 -0.00089511081821752592 0.041821888775929746 1.0000000180025095e-35 228.50000000000003 0.010896685839658639 0.0010325475495324792 0.33499999999999924 0.0018552013403264882 253.50000000000003 0.98333330055555412 -0.0075138645345776403 0.006786403858863763
decision_type=2 2 2 2 2 2 2 2 2 2 2 2 2 2 2 2 2 2 2 2 2 2 2 2 2 2 2 2 2 2
left_child=2 5 20 28 -4 6 16 9 -9 10 11 12 -5 -14 -6 -16 -2 18 -18 -8 21 22 -1 -23 25 26 -7 -10 -3 -30
right_child=1 3 4 7 14 24 19 8 27 -11 -12 -13 13 -15 15 -17 17 -19 -20 -21 -22 23 -24 -25 -26 -27 -28 -29 29 -31
leaf_value=0.028055709226374726 0.01369588537911233 0.071987376682904974 -0.048702793401516481 0.066164279014747515 -0.026752249227599358 0.44941812864991548 -0.019128284464428942 0.027907448256425584 0.076157212845926511 0.05151534331115612 -0.017108891244241611 -0.02048569538523444 0.55556896769420527 0.13365934936808929 0.046897370585008584 0.6150880824962055 0.028591334150479437 0.06026858854158508 0.76709370585499681 0.22431592993518407 -0.00070025819740451574 0.11542073857708604 0.30214702152974199 0.46143629805399877 0.0094243219513841809 0.068828986620275076 0.10342874333321794 0.23641436963390527 0.033090039711472098 0.063331194328797441
leaf_weight=10.684220293536779 60.534673269838095 211.25503422878683 803.32641608547419 17.259977115318183 256.33123675826937 0.99581819772720637 132.82646348699927 67.936976850032806 46.071967193856835 40.505113719031215 65.403639814816415 12.768881248310207 0.65835950989276115 1.3431029720231888 4.0900290608406058 0.37485242262482632 1.2398454695940015 14.802102714776991 0.61029372736811893 1.0840264884755004 20.701849000528455 1.1970428656786674 0.98955076374113637 0.97440859023481596 16.431309653446078 19.000833565369248 1.6139005497097967 2.4164130175486198 140.07947192154825 198.63785412628204
leaf_count=384 3702 4167 91855 560 24918 26 10539 2900 1061 1174 2906 479 23 47 280 14 55 882 20 28 937 44 35 36 724 666 68 60 5196 3780
internal_value=-0.000739146 0.0406241 -0.0404009 0.0507153 -0.042814 0.008045 -0.000344859 0.0329027 0.0513285 0.0173508 0.00314791 0.0445109 0.0875987 0.272442 -0.0246747 0.0946002 0.0288233 0.0838147 0.272196 -0.0171576 0.0339258 0.0856999 0.0512896 0.27069 0.054601 0.0889506 0.235452 0.0841436 0.0589537 0.0508247
internal_weight=2152.15 1053.48 1098.67 804.337 1064.12 249.139 211.097 254.364 116.425 137.939 97.434 32.0303 19.2614 2.00146 260.796 4.46488 77.1869 16.6522 1.85014 133.91 34.5471 13.8452 11.6738 2.17145 38.0419 21.6106 2.60972 48.4884 549.972 338.717
internal_count=157566 39063 118503 22353 117067 16710 15226 9210 4021 5189 4015 1109 630 70 25212 294 4659 957 75 10567 1436 499 419 80 1484 760 94 1121 13143 8976
is_linear=0
shrinkage=0.05


Tree=11
num_leaves=31
num_cat=0
split_feature=10 14 4 10 1 28 3 6 18 12 14 27 28 25 28 12 2 29 4 14 14 6 12 9 27 12 12 12 28 4
split_gain=1177.9 116.609 95.2087 68.4121 46.6154 51.8036 45.7776 32.0466 30.0527 53.8903 28.0184 27.9382 26.2212 24.6066 24.0721 35.8552 31.3278 23.3473 29.2682 52.0581 26.1921 24.8378 26.9969 23.4177 21.7144 23.1463 21.4441 27.225 29.1145 20.8501
threshold=0.003042433348038511 150.50000000000003 0.0039879745885844234 0.0061837921726921102 -0.0077897822971825783 0.013496690713684293 -0.0050000000000000591 0.0019238193365825097 0.0042840997438283674 0.024510714285713754 163.50000000000003 4.3136119989506998 0.018661912176077964 1.0000000180025095e-35 0.024051694912675562 0.08723928571428656 0.027188910442752737 0.60861970299367829 0.0067802159154554094 150.50000000000003 215.50000000000003 0.0020644332559975687 0.22792142857142753 1.518642784517181 0.094821166278456603 0.12999999999999864 0.065514285714285234 0.039999999999998904 0.016965530116054953 0.00057584319286487526
decision_type=2 2 2 2 2 2 2 2 2 2 2 2 2 2 2 2 2 2 2 2 2 2 2 2 2 2 2 2 2 2
left_child=1 2 8 4 -2 7 11 -6 -1 -10 -3 12 -7 14 26 -16 -17 -5 19 29 -21 -20 23 -23 25 -25 27 -8 -29 -19
right_child=3 10 -4 17 5 6 13 -9 9 -11 -12 -13 -14 -15 15 16 -18 18 21 20 -22 22 -24 24 -26 -27 -28 28 -30 -31
leaf_value=-0.04246471490313488 0.055451818267910319 0.12542221594775074 0.004107493146011474 0.061791848481900127 -0.00094179080149516057 0.3466650455585793 -0.051589638099752845 0.043557633258751831 0.74361293621304692 0.042835786034468297 0.02529134669539564 0.52232794258184001 -0.052870270749954755 0.0052885334819975571 -0.052792944755489991 0.35801230645617216 0.12506066941863803 0.10280825718028797 0.034627630992932069 0.14527973068054875 0.02451427720470413 0.037465307431905702 0.050377439180257139 0.36931840460553972 0.11287581810687029 0.13448534489671979 0.028312507991724523 0.10979358424111296 0.47877880176226784 -0.01304725817329306
leaf_weight=1019.7845947770402 97.28211323171854 8.5572458617389184 125.46276235673577 295.87991009373218 216.36497084144503 0.87659320980310373 0.95015914179385363 49.764497775584459 0.31475031282752697 2.1368669606745243 38.056048702448606 0.78216735273599614 0.77260352857410908 16.504971121437848 1.6159111410379399 2.2986751580610871 3.8781755780801177 4.159899925813078 87.959406055510044 9.9631429426372069 8.1727269366383535 8.0505779376253503 49.186891512945294 1.8853150699287677 17.840597430244088 2.3663330320268869 15.578522461466489 1.2379059949889781 0.94097201339900483 58.429909165017307
leaf_count=116321 3327 149 9369 5311 12445 27 36 1973 30 183 1086 19 18 540 40 46 90 101 1765 132 130 121 881 29 285 31 610 45 25 2401
internal_value=-0.000773212 -0.0338506 -0.0369992 0.040691 0.0252375 0.0158036 0.0651457 0.00737932 -0.0420444 0.132805 0.0436733 0.276217 0.159494 0.0532125 0.0830606 0.156896 0.211752 0.0523074 0.0409925 0.0162664 0.0908581 0.0529242 0.0732111 0.110471 0.137075 0.238618 0.052304 0.17175 0.269144 -0.00534717
internal_weight=2147.06 1194.31 1147.7 952.743 408.848 311.566 45.4367 266.129 1022.24 2.45162 46.6133 2.43136 1.6492 43.0053 26.5003 7.79276 6.17685 543.895 248.015 80.7257 18.1359 167.289 79.3297 30.1428 22.0922 4.25165 18.7076 3.12904 2.17888 62.5898
internal_count=157566 127138 125903 30428 19241 15914 1496 14418 116534 213 1235 64 45 1432 892 176 136 11187 5876 2764 262 3112 1347 466 345 60 716 106 70 2502
is_linear=0
shrinkage=0.05


Tree=12
num_leaves=31
num_cat=0
split_feature=11 10 14 12 4 18 11 14 14 3 4 18 3 1 6 27 2 11 3 12 14 4 18 28 18 9 7 29 18 14
split_gain=1180.36 104.026 75.1096 37.9989 36.0193 40.913 32.9111 28.2507 26.9542 31.8827 26.5268 26.2259 25.406 33.3258 37.9971 29.0907 24.3093 23.4582 66.7325 22.4528 28.7988 22.6016 36.9885 21.5959 22.627 22.9263 21.3868 19.3118 19.1378 21.978
threshold=0.0032742871898422368 0.003042433348038511 141.50000000000003 0.12688214285714344 0.0087623592144323945 0.0072750228695124264 0.0021361037036602705 153.50000000000003 221.50000000000003 0.010000157402646483 0.0043119640681165026 0.011374369029847666 -0.047303473307994219 0.0038859135657441928 0.00047360380741140018 0.072289433102523518 0.015923566878980892 0.0047816702256655965 0.029625953303556999 0.11687499999999724 149.50000000000003 0.0051647502872447923 9.6107840293576918e-06 -0.001730054844447153 0.00027762354247637969 0.3856243107997494 0.0047438867346920851 -0.57397533540668766 0.0045627586806904459 63.500000000000007
decision_type=2 2 2 2 2 2 2 2 2 2 2 2 2 2 2 2 2 2 2 2 2 2 2 2 2 2 2 2 2 2
left_child=2 3 6 16 5 19 -1 10 9 -9 12 -4 13 15 -15 -5 28 18 -18 23 21 -21 27 24 25 -3 -25 -23 29 -2
right_child=1 4 11 7 -6 -7 -8 8 -10 -11 -12 -13 -14 14 -16 -17 17 -19 -20 20 -22 22 -24 26 -26 -27 -28 -29 -30 -31
leaf_value=-0.048504357159931066 0.072455602764482471 0.038727249623399719 0.026166027176082681 0.42388864877182048 0.053550019002307159 0.069890323532874207 -0.026479888257298734 0.060582530903363664 -0.02052868395252308 0.36412607244471384 0.013929031687922777 0.27986933038421863 -0.039482779264817316 0.84588599688793131 0.07936503861704762 -0.009251877716568619 0.071834042542223822 0.03795409854891317 0.56094525772687109 -0.00015257284669712234 0.059512565966947518 0.09338175721316247 -0.012556981048730948 0.022948219927230742 0.029402723679492274 0.10718518330792573 0.23316000441562462 0.034706200169715033 0.10880223082866008 0.001592016785768298
leaf_weight=735.59463819488883 13.37226017564535 19.689886594191194 30.870935235172514 0.42142270598560472 355.94660183228552 67.140358597040176 220.45051142387092 2.1858822051435705 3.0811647959053516 1.4316590093076227 46.119336985982955 1.0533904377371062 85.724507042206824 0.27886654064059246 0.38471856433898211 4.836811020039022 2.4278562972322102 4.4468799494206905 0.97840033471584309 134.70667484495789 40.809948988258839 16.77128876093775 39.659856006503105 92.510755684226751 35.365211095660925 32.280100563541055 1.2259997325018037 85.583058634772897 5.800909017212688 60.196291278116405
leaf_count=91855 884 608 1226 32 5489 965 22900 44 65 25 2600 27 7891 24 33 416 128 181 38 6951 628 527 1602 3287 1113 1096 34 3024 173 3700
internal_value=-0.000797143 0.0335602 -0.0409066 0.00361019 0.0410887 0.0332485 -0.0434258 -0.0121238 0.0881481 0.180711 -0.0169994 0.0345373 -0.0325636 0.067599 0.40149 0.0254623 0.0296699 0.113586 0.212325 0.0283145 0.0203021 0.0145194 0.0284365 0.0423651 0.0602543 0.0812485 0.0256976 0.0443205 0.0213669 0.0144726
internal_weight=2141.35 1153.38 987.969 231.687 921.69 565.743 956.045 144.464 6.69871 3.61754 137.766 31.9243 91.6463 5.92182 0.663585 5.25823 87.2226 7.85314 3.40626 498.603 317.531 276.721 142.014 181.072 87.3352 51.97 93.7368 102.354 79.3695 73.5686
internal_count=157566 41558 116008 16234 25324 19835 114755 11130 134 69 10996 1253 8396 505 57 448 5104 347 166 18870 12732 12104 5153 6138 2817 1704 3321 3551 4757 4584
is_linear=0
shrinkage=0.05


Tree=13
num_leaves=31
num_cat=0
split_feature=11 10 13 11 4 13 13 4 11 13 13 13 11 30 4 13 10 21 7 11 7 1 10 11 18 6 18 6 9 10
split_gain=1076.68 94.0188 50.5359 43.4055 30.7705 28.8848 35.3501 30.5332 23.711 23.0475 38.143 35.3575 19.7394 22.5772 18.3565 20.6078 31.9955 17.873 17.3338 34.2981 22.1763 28.6336 17.1527 27.6629 17.0757 17.0639 16.8206 20.3147 19.5669 18.0081
threshold=0.0030121101909953321 0.003042433348038511 242.50000000000003 0.0046897109602567827 0.023220446142827231 237.50000000000003 326.50000000000006 0.0041988683061187975 0.0020671213890739019 299.50000000000006 263.50000000000006 315.50000000000006 0.013950297903575484 0.96671582252570343 0.00063492063492074074 222.50000000000003 0.0013126912267168471 1.0000000180025095e-35 0.00057151279981847213 0.0067137828144380662 0.0006384533864179625 0.002188267554734558 0.00095411635017554196 0.0051255602939506194 0.0072750228695124264 0.0028838149271955202 0.010144146489276367 0.0018815307617921005 6.89987197574946 0.010981218631311953
decision_type=2 2 2 2 2 2 2 2 2 2 2 2 2 2 2 2 2 2 2 2 2 2 2 2 2 2 2 2 2 2
left_child=2 5 14 4 -3 -2 7 17 -4 10 26 12 13 -11 15 -1 -17 -7 -8 20 21 -20 23 -9 -24 -14 27 -5 -29 -30
right_child=1 3 8 9 -6 6 18 22 -10 11 -12 -13 25 -15 -16 16 -18 -19 19 -21 -22 -23 24 -25 -26 -27 -28 28 29 -31
leaf_value=0.037924555846418656 0.0462755096555134 0.0094565864186308239 -0.048703193669449668 0.029190853766423705 0.28269857805033061 -0.026999322966088368 0.0098717348205346143 0.52249465479787427 -0.028934030218643519 -0.0018906593357106841 0.075623063135872803 0.05113401022105446 0.017793862942791464 0.26841903255545158 -0.016796183396603478 0.43083649506672367 0.065862547752018955 0.2939145249878376 0.64435131616419383 0.4053821635344188 0.051156137504463323 -0.050824075904836043 0.011329763742556636 0.018018885302709727 0.35195258206503777 0.080531033645996314 0.062679700691390727 0.049282730368301678 0.2766158326942148 0.076820635947803195
leaf_weight=10.042264770716431 33.413470700383186 143.70322575140744 682.55385659262538 276.27977177593857 1.0377786941826332 129.34348550252616 20.573491794988513 0.43562207557260879 195.00901946332306 99.44445503782481 94.554925036616623 101.6614358201623 31.886355601251125 0.7785276984795918 11.468304176814852 0.93047716841101591 1.6932174218818543 0.43533230666071077 0.35969452746213093 0.7643894711509337 15.668690236285327 0.25182908773422241 58.375977707095444 0.72233739960938692 0.37026932556182046 16.419659596867859 74.916527692228556 127.56575303245336 1.8093693144619454 2.9940811898559332
leaf_count=325 719 7281 89450 6693 15 11938 1494 22 21995 3735 1827 2603 998 26 402 20 45 38 29 24 1045 18 3304 39 10 265 773 2366 25 42
internal_value=-0.000817992 0.0295336 -0.0423472 0.0366781 0.0114157 0.00286829 -0.00351261 -0.0122937 -0.0443102 0.0410925 0.0465793 0.0284143 0.0128637 0.000209094 0.0290304 0.0705238 0.195298 -0.0259228 0.0407646 0.0780535 0.0626847 0.358074 0.017233 0.207802 0.0134767 0.0391188 0.0409001 0.0369073 0.0530131 0.15208
internal_weight=2135.46 1233.77 901.697 973.052 144.741 260.715 227.301 189.683 877.563 828.311 578.12 250.19 148.529 100.223 24.1343 12.666 2.62369 129.779 37.6181 17.0446 16.2802 0.611524 59.9042 1.15796 58.7462 48.306 483.566 408.649 132.369 4.80345
internal_count=157566 45329 112237 26649 7296 18680 17961 15351 111445 19353 11726 7627 5024 3761 792 390 65 11976 2610 1116 1092 47 3375 61 3314 1263 9899 9126 2433 67
is_linear=0
shrinkage=0.05


Tree=14
num_leaves=31
num_cat=0
split_feature=11 4 13 12 13 3 4 28 9 11 5 12 13 13 4 7 12 1 11 28 2 5 5 11 4 13 15 2 2 14
split_gain=987.327 71.6673 72.8876 57.3284 48.1309 31.1819 26.8935 24.5185 24.6421 24.1994 22.1083 21.1026 68.6757 174.337 20.647 20.5316 25.3818 17.6879 39.1748 18.2313 17.2061 16.4263 16.1735 19.0111 16.8616 27.5285 26.1057 17.1329 22.8168 15.8961
threshold=0.0030121101909953321 0.006256983274940041 240.50000000000003 0.11960357142857095 242.50000000000003 -0.043453026907122709 0.0030021424385716432 0.041821888775929746 0.30750192274047222 0.0020671213890739019 1.0000000180025095e-35 0.020842857142857423 318.50000000000006 312.50000000000006 0.004514323017537277 0.00060044507384338563 0.049842857142857279 -0.0077897822971825783 0.014582059844746498 -0.020092083847865601 -0.0057517760988131652 0.00290471789455149 0.0034510856619573969 0.0047816702256655965 0.0039879745885844234 338.50000000000006 0.13043478127660976 -0.0084507206312054977 -0.0037609879297956779 313.50000000000006
decision_type=2 2 2 2 2 2 2 2 2 2 2 2 2 2 2 2 2 2 2 2 2 2 2 2 2 2 2 2 2 2
left_child=4 2 29 6 -1 -5 -4 14 -9 -6 15 12 13 -11 -7 -8 -17 18 22 -19 -18 -16 24 -24 25 27 -27 -12 -29 -2
right_child=1 -3 3 5 9 7 10 8 -10 11 17 -13 -14 -15 21 16 20 19 -20 -21 -22 -23 23 -25 -26 26 -28 28 -30 -31
leaf_value=0.02659188114641859 0.049612336267807894 0.040675287462493798 0.012106824433827148 0.03682893919394542 -0.048601954586877799 -0.021161081508339508 -0.051674845514118883 0.3308882978500467 0.01401849927841819 0.10368955601967958 -0.016678551756103641 -0.030574876959832398 -0.031416758366621209 1.8451680230362237 0.027380425480965465 0.45113615354225084 0.35923524900567244 0.24124018993803872 0.45753952917738983 0.028009267926933413 0.044885037881796867 -0.014231131256609124 0.025475650536258498 0.19561071389138118 -0.015073575112313387 0.63447194029772769 0.074611656185051861 0.41691843830656738 0.013428374722366149 0.0027157666418171056
leaf_weight=24.845441216602921 158.56129401363432 560.3221062393859 103.54617420211434 39.141946718096733 650.58405097108334 198.62712321616709 0.84372198674827759 1.0412731189280742 1.4937172327190635 0.64855896541848723 2.8465162040665746 186.08873742586002 2.6263830126263201 0.18462187191471457 48.867102468386292 0.89288837928324971 0.60721125081181626 1.0189886242151249 0.68438319489359756 61.722969570197165 1.5376013610512009 46.080661337822676 2.610353502444922 4.4258826151490211 6.746178662404418 0.43744288850575674 0.39734988287091255 0.64066582079976797 0.7732581039890698 20.393623650074005
leaf_count=792 2459 10998 5929 1804 89450 14857 36 22 39 71 113 21602 304 18 2295 29 23 24 14 3183 56 2457 140 114 234 22 19 32 41 389
internal_value=-0.000830513 0.0273321 0.0167111 0.00731759 -0.0419932 -0.00511228 0.0292809 -0.0106564 0.144176 -0.0440215 0.0499145 -0.0283002 0.0940566 0.489578 -0.0119933 0.166527 0.227133 0.044415 0.0859266 0.0314723 0.13388 0.00718524 0.0724543 0.132493 0.0367791 0.105433 0.367986 0.0539881 0.196255 0.044268
internal_weight=2129.24 1264.26 703.938 524.983 864.978 335.252 189.732 296.11 2.53499 840.132 86.1854 189.548 3.45956 0.833181 293.575 3.88142 3.0377 82.304 19.562 62.742 2.14481 94.9478 18.8776 7.03624 11.8414 5.09523 0.834793 4.26044 1.41392 178.955
internal_count=157566 45329 34331 31483 112237 21474 10009 19670 61 111445 4080 21995 393 89 19609 144 108 3936 729 3207 79 4752 715 254 461 227 41 186 73 2848
is_linear=0
shrinkage=0.05


Tree=15
num_leaves=31
num_cat=0
split_feature=10 13 10 27 4 13 13 4 13 14 1 3 9 28 0 4 4 9 12 27 7 3 28 7 12 12 13 12 7 8
split_gain=802.298 75.9457 63.5705 57.8113 42.1283 27.8188 25.9762 21.7565 21.0727 24.8374 20.395 24.6038 30.6443 20.2893 25.507 18.9709 17.8902 20.8917 18.1294 18.8705 17.6769 17.6624 17.6581 16.7365 16.7279 23.426 15.9591 24.9839 20.7008 22.1171
threshold=0.0024753589295881551 240.50000000000003 0.0039772171492700502 0.35562776473001395 0.0039879745885844234 298.50000000000006 249.50000000000003 0.0037077331660001519 240.50000000000003 192.50000000000003 0.014060801423956272 -0.01606767147447807 2.4463012147235186 0.029008654957295217 -0.0024967750032831022 0.011929747190739739 0.0092043131330742153 1.3874944973322394 0.065514285714285234 0.13028796013091179 0.0054031620406193182 0.074335387997444338 0.013496690713684293 0.0025199570542750595 0.11687499999999724 0.14252857142857223 240.50000000000003 0.23743214285714145 0.00079025704284614313 0.79820225591846661
decision_type=2 2 2 2 2 2 2 2 2 2 2 2 2 2 2 2 2 2 2 2 2 2 2 2 2 2 2 2 2 2
left_child=1 -1 3 26 -3 6 8 22 9 20 11 12 -8 16 -15 -14 18 -18 19 -10 21 -4 -5 -7 -12 -26 27 -2 -28 -30
right_child=2 4 5 7 -6 23 10 -9 13 -11 24 -13 15 14 -16 -17 17 -19 -20 -21 -22 -23 -24 -25 25 -27 28 -29 29 -31
leaf_value=0.029901577378878177 0.067016091144091169 -0.04275343128298794 0.049023333913066472 -0.029299351885417907 -0.0035740157536961895 0.012407413834775557 0.054760185768790381 0.0076128848432168821 0.25235924015513816 0.027535053389405675 0.034897741034074274 0.026349196288822041 0.036534655339179538 0.247662357339821 0.048409420461196936 0.21302222431272871 0.079657857425553882 0.018060811793322001 -0.0071503957919798952 0.034239029173682205 0.13314085879760859 0.15177536590670448 0.052409810824084559 0.040670617310120838 0.28123863337265576 0.098068491679567563 0.0035120638986154001 0.29524636476858673 0.12872494444304555 0.030882653695053403
leaf_weight=41.371325759217143 17.925954567268494 805.44759812857956 68.666064333170652 97.892669986002147 75.000605597160757 212.5669552590698 99.980707741342485 116.35990012949333 1.3135898755863298 125.09779748879373 9.5014889687299746 88.29452415369451 2.162309266626834 1.9699337668716896 8.6978852953761798 5.14717897772789 17.284500047564507 67.613966124132276 83.924752639606595 4.045135797932744 8.0972748473286611 4.4534927681088439 7.091118734329938 69.506935289129615 1.9222154766321207 18.990811420604587 33.024128291290253 1.2850557193160046 8.6042784387245792 17.57048927154392
leaf_count=974 333 109418 844 8979 6020 7209 1511 7013 42 1653 171 2663 45 25 127 47 227 1005 2907 135 69 34 312 1425 32 271 2432 18 507 918
internal_value=-0.00123205 -0.036305 0.025733 0.00579214 -0.0394159 0.0323802 0.0383256 -0.00727698 0.0305285 0.0415134 0.051821 0.0458978 0.0619854 0.0182681 0.0852037 0.160813 0.0141686 0.0306014 -0.00145712 0.0877071 0.0630442 0.0552817 -0.0237803 0.0193719 0.0899104 0.114905 0.042685 0.0822828 0.0298349 0.0630458
internal_weight=2120.81 921.82 1198.99 299.754 880.448 899.238 617.164 221.344 391.164 206.315 225.999 195.585 107.29 184.85 10.6678 7.30949 174.182 84.8985 89.2835 5.35873 81.2168 73.1196 104.984 282.074 30.4145 20.913 78.4099 19.211 59.1989 26.1748
internal_count=157366 116412 40954 20512 115438 20442 11808 16304 7068 2600 4740 4266 1603 4468 152 92 4316 1232 3084 177 947 878 9291 8634 474 303 4208 351 3857 1425
is_linear=0
shrinkage=0.05


Tree=16
num_leaves=31
num_cat=0
split_feature=11 6 6 4 13 11 11 12 6 11 8 12 1 0 9 3 11 30 1 3 12 6 9 4 27 27 1 13 11 8
split_gain=850.948 53.0391 53.5896 34.2357 32.8514 24.611 20.9444 29.3941 19.759 23.4743 23.5525 18.8208 53.7568 17.7818 16.6453 16.4686 33.8565 36.9263 16.2664 16.1832 31.1438 16.1419 16.1238 21.9885 15.8709 15.7059 19.8913 15.6176 23.1897 17.4286
threshold=0.0030121101909953321 0.001227659560504553 0.00011133068003834883 0.0036682812409297261 248.50000000000003 0.0021361037036602705 0.014582059844746498 0.20352142857142805 0.0053043898218400262 0.0046897109602567827 0.6694302431122473 0.014571428571428619 -0.0049487688387740416 0.0055479650584782112 0.70497920594115415 -0.026197278309365076 0.0027895359186802427 0.31558675471715941 -0.011741694695585557 -0.03085461672477113 0.64657142857143113 7.6719475351609971e-05 0.99985661522089353 0.004514323017537277 0.21211206472642052 0.953091957439128 0.0068135766715808907 318.50000000000006 0.0083606066518834062 1.9752145325857688
decision_type=2 2 2 2 2 2 2 2 2 2 2 2 2 2 2 2 2 2 2 2 2 2 2 2 2 2 2 2 2 2
left_child=4 2 6 13 -1 -6 7 21 19 25 24 12 -7 -4 -5 16 -13 -18 -16 20 -3 -2 23 -23 -11 -10 -27 -9 29 -29
right_child=1 8 3 14 5 11 -8 27 9 10 -12 15 -14 -15 18 -17 17 -19 -20 -21 -22 22 -24 -25 -26 26 -28 28 -30 -31
leaf_value=0.010523454047594144 0.026195166174050988 0.06617475509536172 -0.025317234723868744 0.0378092359728344 -0.048377167393575712 0.60046342529347974 0.045197716898537216 -0.011593638691908124 0.056831434500317607 0.019968472282208941 0.039031395809121835 -0.050553431213182634 -0.050699024286018871 0.18075762805640885 0.030277888103515633 -0.029915324942003958 0.17184529658737949 0.94409525947617823 -0.0078268266416958755 0.024921235509643796 0.01010824937703135 0.082425759756552322 -0.0092525474284501866 0.42054804574194132 0.1225231133885923 0.45311356135879344 0.1331947805944069 0.0069225126551472338 0.24877128619862923 0.28839168473634602
leaf_weight=28.855618243571371 337.58597119245678 74.676275319419801 108.8973733689636 46.47784049063921 611.73977132467553 0.45918117789551605 105.99717357289046 83.417846770957112 1.3628123253583901 4.9132999088615206 75.566494803875685 1.3384298877790564 1.0232759444043029 1.0569632742553938 39.360823698341846 155.93529503699392 0.67245585983619083 0.20108485361561179 97.099564414471388 267.45260360557586 37.061400355771184 1.1198307787999504 1.1335010370239613 0.84262595232576121 16.247876508161426 0.88665836118161667 1.0749044772237537 8.6115574277937377 1.3231017114594568 0.58749352209270078
leaf_count=1030 10656 1403 8574 1945 91741 22 1670 3787 33 48 855 137 109 19 917 18965 49 21 4066 9432 933 70 37 20 157 18 27 559 40 26
internal_value=-0.00121499 0.0235586 0.0159378 -0.00128666 -0.0418555 -0.0438149 0.0252696 0.0204094 0.0368128 0.0565775 0.0520877 -0.0263314 0.150994 -0.0233363 0.0119662 -0.0279936 0.107479 0.349614 0.00316415 0.0315977 0.0475785 0.0272374 0.140887 0.227606 0.0987115 0.187217 0.277803 -0.00435304 0.0530492 0.0248984
internal_weight=2112.98 1312.75 833.512 292.893 800.225 771.369 540.619 434.622 479.242 100.052 96.7277 159.63 1.48246 109.954 182.938 158.147 2.21197 0.873541 136.46 379.19 111.738 340.682 3.09596 1.96246 21.1612 3.32438 1.96156 93.94 10.5222 9.19905
internal_count=157366 45292 32386 15521 112074 111044 16865 15195 12906 1138 1060 19303 131 8593 6928 19172 207 70 4983 11768 2336 10783 127 90 205 78 45 4412 625 585
is_linear=0
shrinkage=0.05


Tree=17
num_leaves=31
num_cat=0
split_feature=11 10 27 11 12 6 1 3 3 13 12 18 13 1 3 2 11 11 9 9 2 11 18 28 14 11 6 7 9 9
split_gain=785.033 57.6958 39.2081 32.1486 25.9518 22.6342 21.6138 26.1205 28.2935 21.2398 19.7167 19.5647 17.8882 30.0702 20.4266 24.0899 27.3521 16.2225 16.0877 16.2369 17.1558 21.9732 15.869 15.5779 18.8397 18.4188 16.1509 16.3184 32.2502 34.0219
threshold=0.0030121101909953321 0.0036087459386020867 0.13028796013091179 0.002100398920052073 0.014571428571428619 0.0053043898218400262 -0.0084504988383647377 0.007030581850152485 0.011720642869884059 298.50000000000006 0.12688214285714344 0.021221107715674332 293.50000000000006 -0.0048158427665590522 -0.047303473307994219 -0.045301977383551954 0.0083606066518834062 0.0046897109602567827 1.3874944973322394 0.93658023000474555 0.0090376042813139507 0.0045974847336578036 0.013341742311319687 0.020798193388308003 27.500000000000004 0.014582059844746498 0.0013196656984364736 0.0020407999423275734 0.54818512067722447 0.4745540095148838
decision_type=2 2 2 2 2 2 2 2 2 2 2 2 2 2 2 2 2 2 2 2 2 2 2 2 2 2 2 2 2 2
left_child=3 2 -2 11 6 9 -5 -8 -9 12 -4 -1 14 -14 15 -3 -17 -7 19 20 21 -15 -6 26 -25 -26 -12 -28 29 -29
right_child=1 5 10 4 22 17 7 8 -10 -11 23 -13 13 18 -16 16 -18 -19 -20 -21 -22 -23 -24 24 25 -27 27 28 -30 -31
leaf_value=-0.047302284041548195 0.042263137323998827 0.025620811297350551 0.01421718395204169 0.39520099371953243 -0.026522221532224794 0.17332622307881296 -0.030037534885024243 0.62126173553763486 0.046829232396802672 0.014288689857100332 -0.02528578435003187 0.44722852703367599 -0.003018009484776772 0.017076988809867868 0.024873773019895407 0.13412761710806562 0.052537565747788041 0.047495391107199331 0.29254002943707363 -0.054913646915839491 0.067136309585626011 0.3429388634467086 0.26351785976178749 0.35771364347506429 -0.023404246455445716 0.13513697462811119 -0.0041546452852716676 0.045423545259048022 0.034853198760168042 0.61819153977492358
leaf_weight=588.64890329679474 57.576059438288212 60.665648391470313 107.30865546315908 0.55410851351916823 174.98978999909014 2.63167406246066 2.3431549780070777 0.37134116748347867 0.50708452705293894 282.7058533038944 127.59759858995676 0.20006677508354087 5.4417228428646913 0.73312114924192284 470.37178469076753 13.10955282114446 47.457220850512385 95.974616395309567 1.5733063621446488 1.1632221424952147 2.8331376546993852 1.7575299721211193 0.47287481091916461 0.48159988969564249 4.9281885894015431 2.9158999249339104 42.675203371793032 0.51480183005332836 6.90531493909657 0.52230474166572094
leaf_count=90976 2415 749 6576 11 20890 47 134 19 29 8980 10882 5 84 40 10279 143 562 976 34 30 48 33 10 5 186 85 2827 20 271 20
internal_value=-0.00120136 0.0219296 0.0045335 -0.0414906 -0.0229497 0.0281273 0.106748 0.0571346 0.289662 0.0256031 -0.00285914 -0.0471343 0.0308892 0.0877946 0.0295905 0.047891 0.0701976 0.0508537 0.149104 0.114317 0.151293 0.247022 -0.0257406 -0.0126824 0.0541673 0.0355306 -0.0158054 0.00809284 0.0738995 0.333879
internal_weight=2105.93 1337.84 351.426 768.087 179.238 986.418 3.77569 3.22158 0.878426 887.812 293.85 588.849 605.106 13.502 591.604 121.232 60.5668 98.6063 8.06032 6.48701 5.32379 2.49065 175.463 186.541 8.32569 7.84409 178.215 50.6176 7.94242 1.03711
internal_count=157366 45292 23287 112074 21093 22005 193 182 48 20982 20872 90981 12002 269 11733 1454 705 1023 185 151 121 73 20900 14296 276 271 14020 3138 311 40
is_linear=0
shrinkage=0.05


Tree=18
num_leaves=31
num_cat=0
split_feature=11 4 13 12 11 4 12 14 13 27 18 3 12 29 13 12 2 3 13 1 13 3 3 3 13 7 1 13 30 13
split_gain=724.984 41.1593 52.5727 35.4889 32.3941 30.0682 21.6187 20.2242 18.1333 17.0965 16.7579 20.1533 19.911 23.6952 20.5023 15.994 17.8233 15.8098 15.3911 15.006 16.0423 17.4301 14.6527 16.0588 15.0348 14.3846 14.2322 15.1766 13.231 15.8988
threshold=0.0030121101909953321 0.0071979558707247855 240.50000000000003 0.16419642857142949 0.002100398920052073 0.0037077331660001519 0.014571428571428619 313.50000000000006 240.50000000000003 0.34829898778751611 0.00010743529912743264 -0.047303473307994219 0.19616071428571505 51.617062996251668 370.50000000000006 0.51210714285714387 -0.00043196013060636801 -0.080744624254873373 217.50000000000003 0.042522536150689023 184.50000000000003 0.045819538670284994 0.012527339649467841 -0.0070207459547578779 234.50000000000003 0.0029448559127680666 -0.0049487688387740416 103.50000000000001 -5.6181344889013038 239.50000000000003
decision_type=2 2 2 2 2 2 2 2 2 2 2 2 2 2 2 2 2 2 2 2 2 2 2 2 2 2 2 2 2 2
left_child=4 2 7 -4 8 -5 26 9 -1 -2 12 15 13 18 -14 -12 -17 -11 -3 -13 -21 -22 23 24 -19 -15 -6 -28 -20 -30
right_child=1 10 3 5 6 -7 -8 -9 -10 17 11 19 14 25 -16 16 -18 22 28 20 21 -23 -24 -25 -26 -27 27 -29 29 -31
leaf_value=0.013114382899666236 0.057067678148346214 -0.0089903195254789105 0.01900365959692106 -0.023737417342019104 0.21447186099377813 0.0071082881435671867 -0.025100012983034149 -0.0087206089998924079 -0.048307850200494155 0.15316017691723915 0.067435361412440303 0.0081240443611676986 0.02847115222797238 0.067340731260403713 0.23528893839241438 -0.0064002959930344622 0.10592302101831914 0.017597305594252401 0.10264535350059439 -0.047272552591524103 0.18496291651245442 0.050413180209461263 0.044010042499388266 -0.026881569454684392 0.13913562027933166 0.26278821206305641 0.21221292446499163 -0.051283083893354953 0.17144625530643176 0.045827472234199244
leaf_weight=12.284648297354577 86.231902215629816 9.3284169882535917 286.87635728437454 130.2105647418648 1.4800171032547949 200.90549892932177 171.09255617717281 23.141463624313474 549.83406978938729 2.3992322012782088 35.986497232690454 160.95033300574869 195.70926581509411 1.6520353276282542 1.2056873273104418 19.107876393944029 4.3325252626091233 24.235767550766472 14.269236309453843 3.0320072919130352 3.0675839856266967 11.177168512716888 44.462188748642802 22.381567507982254 2.843043625354766 2.1885502953082323 0.75646821036934797 1.9685275070369241 2.608703799545764 73.088238940574229
leaf_count=362 1133 97 13892 10547 35 9467 20900 399 90619 32 306 3035 3112 30 21 224 38 395 241 18 32 159 492 432 43 27 21 137 27 1093
internal_value=-0.0011848 0.020443 0.0134187 0.00613103 -0.0411133 -0.00502171 -0.0223473 0.0353139 -0.0469655 0.0408959 0.0312033 0.0212851 0.0390589 0.0568563 0.0297375 0.0465005 0.0143606 0.0264182 0.0521429 0.0128774 0.0571597 0.0793882 0.0231806 0.00445612 0.0303578 0.178716 0.0896554 0.0218643 0.0584817 0.0501566
internal_weight=2098.81 1361.39 823.688 617.992 737.416 331.116 175.298 205.695 562.119 182.554 537.704 237.654 300.05 103.135 196.915 59.4269 23.4404 96.3218 99.2946 178.227 17.2768 14.2448 93.9226 49.4604 27.0788 3.84059 4.20501 2.725 89.9662 75.6969
internal_count=157366 45292 36832 33906 112074 20014 21093 2926 90981 2527 8460 3812 4648 1515 3133 568 262 1394 1458 3244 209 191 1362 870 438 57 193 158 1361 1120
is_linear=0
shrinkage=0.05


Tree=19
num_leaves=31
num_cat=0
split_feature=10 13 4 10 27 6 13 7 28 0 4 7 3 2 6 4 27 3 12 3 8 6 12 14 12 2 6 28 28 13
split_gain=577.59 63.2609 39.6486 35.7136 38.5686 20.8677 20.3243 18.1499 16.6369 19.7935 16.2215 16.1706 14.2224 25.0203 24.0815 19.9888 19.6847 15.6487 14.6413 15.0308 14.0313 13.7784 20.0651 28.0724 31.024 26.0254 25.1275 22.8267 13.159 16.0867
threshold=0.0024753589295881551 240.50000000000003 0.0039879745885844234 0.0036087459386020867 0.35562776473001395 0.0019710687203861573 298.50000000000006 0.0064700660395173833 -0.0051097159422155754 0.0032987104451893683 0.0035444217858723666 0.00044267374944670086 -0.024896394275710106 -0.013298869179321547 0.0016596804081378707 1.0000000180025095e-35 1.0000000180025095e-35 0.065409078200387896 0.61034999999999495 -0.043453026907122709 0.086576800668283618 0.0014207441569729965 0.19616071428571505 45.500000000000007 0.26396071428571366 0.0070707897297526143 0.0019238193365825097 0.0059738196673186856 0.024051694912675562 180.50000000000003
decision_type=2 2 2 2 2 2 2 2 2 2 2 2 2 2 2 2 2 2 2 2 2 2 2 2 2 2 2 2 2 2
left_child=1 -1 8 4 21 6 12 -8 9 20 -6 -12 13 18 16 -14 -15 -17 19 -5 -3 -2 25 -24 26 -23 -25 -26 -19 -30
right_child=3 2 -4 5 10 -7 7 -9 -10 -11 11 -13 15 14 -16 17 -18 28 -20 -21 -22 22 23 24 27 -27 -28 -29 29 -31
leaf_value=0.023646520287141905 0.023178043673782747 0.35993719340164776 -0.002856733021433383 0.05053002841827952 -0.027085503722272787 0.034172625730744595 0.0029266207594936221 0.071206279014158519 -0.043926980776117813 0.50766148065910843 -0.021365622754347738 0.020577764279589884 0.037029394641875463 0.19743602029309393 0.25322800100729614 0.0057959390900999795 0.053460575818257167 0.0051399496310458462 -0.0095182459202023187 0.010144958335528705 -0.02018535951984728 -0.024884530654788815 0.52501282081654266 0.53008951022224404 0.012384843037116684 0.29701172383455504 0.13979294811041718 0.32626089903647276 0.016016438582368828 0.10558065843906193
leaf_weight=44.485012661665678 51.484636023640633 0.2436877959407856 73.774378480389714 58.907864881679416 77.758536513894796 324.56962315179408 207.28930299729109 10.212149500846861 624.07034949911758 0.17906718607991834 38.492687503807247 57.017932541202754 105.32628331892192 2.5739589966833583 1.7839153483510006 209.04697160981596 30.568844738416374 14.279148560017346 23.166659531183541 37.839436958543956 64.292068425100297 5.4054785552434605 0.43365305196493853 0.68533674161881197 4.6883444008417428 0.71045170538127411 1.0354106770828364 0.66090569645166386 8.6983543671667594 11.834497060626743
leaf_count=974 2965 32 6020 611 7704 5222 7886 140 100555 18 2684 3478 1423 35 35 5883 557 325 434 772 8813 231 22 23 233 28 34 27 75 127
internal_value=-0.00116383 -0.0343122 -0.0376933 0.0196636 0.00219808 0.0236435 0.0189071 0.00613249 -0.0414246 -0.0172934 -0.0101302 0.00367374 0.0244197 0.0370326 0.0742743 0.0188267 0.0646421 0.0109646 0.0261854 0.0347348 -0.01875 0.0350087 0.0797307 0.134521 0.110569 0.0125083 0.29524 0.0511646 0.0420029 0.0676385
internal_weight=2091.51 807.045 762.56 1284.47 238.373 1046.1 721.527 217.501 688.785 64.7148 173.269 95.5106 504.026 154.841 34.9267 349.185 33.1428 243.859 119.914 96.7473 64.5358 65.1042 13.6196 7.50365 7.07 6.11593 1.72075 5.34925 34.812 20.5329
internal_count=157366 116412 115438 40954 17429 23525 18303 8026 109418 8863 13866 6162 10277 2444 627 7833 592 6410 1817 1383 8845 3563 598 339 317 259 57 260 527 202
is_linear=0
shrinkage=0.05


Tree=20
num_leaves=31
num_cat=0
split_feature=11 11 10 13 11 12 11 13 3 2 27 13 13 6 3 13 11 3 11 10 12 27 3 27 11 15 11 13 27 13
split_gain=596.614 39.2158 31.0104 28.3164 20.1616 19.4614 21.9321 23.9641 29.2313 46.3106 46.2847 26.394 17.4689 18.0511 20.3762 17.9999 19.682 24.0739 16.9161 20.3276 50.9559 16.4951 16.9029 36.3006 55.7914 55.3464 15.098 30.085 14.7631 14.3619
threshold=0.0027895359186802427 0.0039091804349005504 0.0016257091181600964 241.50000000000003 0.0020186325234357546 0.19616071428571505 0.013950297903575484 323.50000000000006 0.020989476341892303 0.0087371602270649457 1.3588008891316385 300.50000000000006 269.50000000000006 0.0016596804081378707 -0.047303473307994219 259.50000000000006 0.011175945172128597 -0.080744624254873373 0.0055004126750772533 0.0045824870912284845 0.26054642857142651 0.11403280643599679 0.023414029209078206 0.79595086244524604 0.0032274517158172498 0.54639460891954961 0.0067137828144380662 332.50000000000006 0.24792660343434578 351.50000000000006
decision_type=2 2 2 2 2 2 2 2 2 2 2 2 2 2 2 2 2 2 2 2 2 2 2 2 2 2 2 2 2 2
left_child=3 21 -3 -1 -5 29 7 11 26 10 -10 12 13 14 -7 16 17 -15 -14 20 -20 -2 -23 24 25 -24 -9 -28 -6 -4
right_child=1 2 5 4 28 6 -8 8 9 -11 -12 -13 18 15 -16 -17 -18 -19 19 -21 -22 22 23 -25 -26 -27 27 -29 -30 -31
leaf_value=0.015039329588719405 0.034918938667289783 -0.017627232479122536 0.029794476788897351 -0.048011957599185258 0.010196905460877622 0.042272070531303975 0.026909003897848113 0.00013564216089962807 0.057680894803162033 0.036354058444478317 0.52343537127495998 -0.018047538973300217 -0.0017127220079576869 0.22676323136974652 -0.014516541661447441 -0.026908965851169638 -0.011402668164389215 0.045124498451891759 0.55496023824485907 0.056069639341981371 0.048060144351053144 -0.015014449410018518 1.1586491574103854 0.015297276639601865 0.017413357298739857 0.14657665470156434 0.24109582745845756 0.024744457046818075 -0.033661902350685516 -0.0042826071863404881
leaf_weight=21.600885026156902 22.486896579153836 52.890493642538786 560.686578810215 484.78797685587779 22.961216998286545 18.817482840269804 238.24749504309148 17.252683197148151 0.90743113122880403 3.355646108277142 1.2941475007683036 99.9231763696298 11.857629413716493 1.8973100259900082 98.365493489429355 13.556988014839588 16.205859114415944 47.334257051348686 0.73946722969413103 19.213618269190192 1.5044514462351797 147.90042700618505 0.28938497696071752 8.2262008874677104 0.73293422255665064 0.25334716401994228 2.192073177546261 6.0185821745544672 116.72488704370335 32.723713668994606
leaf_count=625 1196 4070 12698 87485 3099 407 4189 648 35 90 28 5113 443 14 4333 272 337 1166 18 201 59 11939 21 437 52 20 33 64 16860 892
internal_value=-0.00138795 0.0166832 0.0198362 -0.0412426 -0.0431894 0.0214984 0.0151381 0.00735751 0.0493705 0.153266 0.331464 0.00340121 0.0127402 0.00705539 -0.00539731 0.0255281 0.0363918 0.0521246 0.0462153 0.0727008 0.215105 -0.00513868 -0.0108614 0.0537822 0.301955 0.686214 0.0266959 0.0825057 -0.0264525 0.0279153
internal_weight=2070.95 1424.87 1244.98 646.075 624.474 1192.09 598.684 360.436 31.0206 5.55722 2.20158 329.416 229.493 196.177 117.183 78.9944 65.4374 49.2316 33.3152 21.4575 2.24392 179.889 157.402 9.50187 1.27567 0.542732 25.4633 8.21066 139.686 593.41
internal_count=156844 48775 35110 108069 107444 31040 17450 13261 898 153 63 12363 7250 6529 4740 1789 1517 1180 721 278 77 13665 12469 530 93 41 745 97 19959 13590
is_linear=0
shrinkage=0.05


Tree=21
num_leaves=31
num_cat=0
split_feature=11 11 10 13 11 12 4 14 13 6 27 13 9 29 11 27 3 11 12 12 10 8 5 7 9 28 29 3 1 5
split_gain=553.514 36.156 27.4385 24.5378 20.0558 16.6627 19.7459 22.4595 18.3842 20.2834 19.9083 17.8604 22.4014 17.4861 16.9239 16.2489 16.1059 24.6077 16.0241 15.2035 15.1506 14.8242 16.6796 14.5771 14.2646 21.584 21.8107 14.108 28.2896 28.6416
threshold=0.0027585838529225965 0.0039091804349005504 0.0016257091181600964 254.50000000000003 0.0020186325234357546 0.19616071428571505 0.0055839264191825206 198.50000000000003 322.50000000000006 0.0033689884851135061 0.084225433714814057 172.50000000000003 0.32705036764478085 -0.24325655419138795 0.013246330898015111 0.24792660343434578 0.023414029209078206 0.01644683035906171 0.068035714285714019 0.27892857142857208 0.0018701284706516259 1.2260033956081609 0.0028594428716504287 0.0037097058310545882 0.15031966355581958 -0.006252063207756964 -0.50410397484841662 0.023414029209078206 0.00099188031289476641 0.0015293896430228658
decision_type=2 2 2 2 2 2 2 2 2 2 2 2 2 2 2 2 2 2 2 2 2 2 2 2 2 2 2 2 2 2
left_child=3 18 -3 24 -5 -4 7 8 10 21 14 -9 -13 -8 -7 23 17 -16 -2 -19 -15 -10 -23 -6 25 -1 -27 -20 29 -29
right_child=1 2 5 4 15 6 13 11 9 -11 -12 12 -14 20 16 -17 -18 19 27 -21 -22 22 -24 -25 -26 26 -28 28 -30 -31
leaf_value=0.36852977870039427 0.015282146730420521 -0.017033288334541756 0.025903360609901116 -0.047992709505057102 0.0097297839731649658 -0.012710067276501355 0.036121197187311542 0.022544470292734424 0.017210270189355514 0.38362836222996977 -0.014639250553679912 0.042072697826413034 0.24498707118513777 0.21381607980800707 0.38469569513212165 -0.033668915018864105 0.032971042544503844 -0.053792245757936855 -0.020332954973028144 0.20164028390030386 0.01295636703455591 0.073053314795071697 0.41102438996764507 0.43040938088576192 -0.01050397418359747 -0.007550706042623089 0.2960277835449282 0.4484866102507617 0.0025766233139002137 0.016541853739083477
leaf_weight=0.59357958612963546 63.009037490934134 52.020591133274138 607.12854751572013 461.56494921818376 21.476610025390986 6.3108417559415084 123.93801733851433 17.844481918960813 8.7009967500343866 0.45786372944712717 148.38494438212365 3.3424090705811969 2.2934591621160507 0.94194158539175887 1.0189249068498614 107.8960327161476 4.2363643776625395 1.0283353654667737 113.34467526525259 1.3438106290996072 283.76608533598483 1.1681494601070888 0.53100849408656348 0.20791784953325887 19.350925947539508 3.3638550210744143 0.71792604262009518 0.79932722914963761 6.4917629845440388 0.73821681551635265
leaf_count=16 4056 4070 13590 87388 2917 297 2199 197 416 12 8940 27 20 39 24 16223 59 23 9777 22 5105 51 19 20 775 99 22 39 360 42
internal_value=-0.00136324 0.0155087 0.0185249 -0.0410998 -0.043113 0.0200506 0.0141802 0.00116253 -0.00505922 0.0579287 -0.00927256 0.0470515 0.124647 0.020445 0.0478604 -0.0257314 0.0979757 0.179184 -0.0051756 0.0909092 0.0136209 0.0435898 0.178674 0.0137634 0.00843313 0.0868122 0.0458443 -0.0157959 0.0482515 0.241098
internal_weight=2064.01 1448.84 1264.46 615.172 591.146 1212.44 605.308 196.662 173.181 10.858 162.323 23.4804 5.63587 408.646 13.9383 129.581 7.62744 3.39107 184.383 2.37215 284.708 10.4002 1.69916 21.6845 24.0263 4.67536 4.08178 121.374 8.02931 1.53754
internal_count=156844 49384 35110 107460 106548 31040 17450 10107 9863 498 9365 244 47 7343 425 19160 128 69 14274 45 5144 486 70 2937 912 137 121 10218 441 81
is_linear=0
shrinkage=0.05


Tree=22
num_leaves=31
num_cat=0
split_feature=10 4 13 10 1 29 28 3 6 6 1 27 29 12 28 28 6 6 4 10 0 8 29 29 27 8 29 26 0 27
split_gain=414.142 56.7787 40.0571 27.9755 26.2366 21.6987 18.5391 19.7304 14.924 14.1759 13.6494 22.7302 28.1285 22.617 20.5501 16.7267 42.9176 13.4795 13.4285 25.2117 13.0214 12.8412 24.2173 12.4814 10.5525 10.3416 10.1592 12.8927 15.2338 17.5865
threshold=0.0024753589295881551 0.0036682812409297261 250.50000000000003 0.0071572312717409648 -0.0065151226055791258 -0.23712911158271247 0.013496690713684293 -0.029153976846538251 0.0013580309958863058 0.0053043898218400262 -0.0056447057570313533 1.7771613767643488 -0.36511692218098929 0.014571428571428619 0.0078608375598095866 -0.011227240923840347 0.0015965789442038733 0.0033689884851135061 0.0028384777158520836 0.0014655255191319794 0.0066495392179110055 0.90617777900914354 -0.58058239100166376 0.98976292156825063 0.30641107820825342 0.60018231820998402 -0.72754302007866978 1.0000000180025095e-35 0.0013456378003885441 0.10475496261271901
decision_type=2 2 2 2 2 2 2 2 2 2 2 2 2 2 2 2 2 2 2 2 2 2 2 2 2 2 2 2 2 2
left_child=1 2 -1 4 26 6 8 -8 20 -3 11 13 -13 -4 -15 16 18 -7 -12 -20 24 22 -22 -11 -6 -10 -2 28 29 -28
right_child=3 9 10 -5 5 17 7 -9 25 23 15 12 -14 14 -16 -17 -18 -19 19 -21 21 -23 -24 -25 -26 -27 27 -29 -30 -31
leaf_value=0.007563143888238916 -0.0093659958689509496 0.00098600984281933444 0.24765128191236585 0.023104529472994517 0.029549119296939909 -0.010416651860138289 0.25378909706427233 0.041631831055247696 0.068288978095513958 -0.012241099350216156 -0.050673062275023065 0.66213810754015379 -0.050497957375629156 -0.024287256800016432 0.51802411244916113 -0.042854967055366004 0.66058904726991408 0.023879075403342401 0.65486317036048414 0.027005368344301856 0.028296490956522619 -0.02982052200419499 0.28384372508911104 0.19453742145222086 -0.009888262854487382 0.017162571457483494 0.096894340718232219 0.013404523579818688 0.0097843458929754365 0.038162650368935715
leaf_weight=46.844267160631716 21.011375254020095 92.052387950010598 0.80836777202785626 617.40193086117506 20.111883469857275 255.85683635575697 1.1350122373551119 31.781594451051205 14.02846526307985 1.2254015989601605 2.1887245983816683 0.28062739269807935 0.27334328833967347 26.813854451756928 0.17583067389204998 557.37476962199435 0.28122104424983252 32.26343057770282 0.21265915036201466 0.64434896735474467 2.467598295770586 2.0534811206161976 1.4850310003384937 1.8043684586882589 108.30392164411023 33.535743317101151 17.00068346131593 87.576419503893703 29.409533441998065 50.929649371653795
leaf_count=1715 597 8241 15 9298 923 13898 19 838 544 33 223 30 32 3965 16 101725 26 643 23 65 64 55 37 38 7016 1250 388 2368 957 1802
internal_value=-0.00133068 -0.0315489 -0.0369374 0.0153232 0.00854671 0.0023924 0.0144167 0.0489473 0.00817098 0.00448855 -0.0404763 -0.00662903 0.310505 -0.012949 -0.0207542 -0.0421878 0.0695909 -0.00657625 0.0150224 0.182803 -0.000346253 0.0716113 0.124307 0.110905 -0.00371176 0.0322417 0.0235799 0.0273235 0.0398463 0.0528612
internal_weight=2057.33 730.98 635.898 1326.35 708.951 503.023 214.903 32.9166 181.986 95.0822 589.054 28.352 0.553971 27.7981 26.9897 560.702 3.32695 288.12 3.04573 0.857008 134.422 6.00611 3.95263 3.02977 128.416 47.5642 205.928 184.916 97.3399 67.9303
internal_count=156844 116147 107835 40697 31399 25287 10746 857 9889 8312 106120 4058 62 3996 3981 102062 337 14541 311 88 8095 156 101 71 7939 1794 6112 5515 3147 2190
is_linear=0
shrinkage=0.05


Tree=23
num_leaves=31
num_cat=0
split_feature=11 11 11 10 13 12 28 7 7 8 12 3 10 11 3 12 11 7 28 14 10 12 13 8 9 10 4 30 27 27
split_gain=483.546 28.6662 23.8036 22.1771 16.4268 14.7287 17.0512 14.8745 14.4052 13.8775 30.7098 16.3924 32.8089 13.202 34.6726 12.5617 14.0848 18.3333 16.9268 14.8411 13.0884 18.372 36.2829 12.7108 12.4889 16.4436 13.5492 12.4305 12.0606 11.9304
threshold=0.0027585838529225965 0.0039091804349005504 0.0020345679622917434 0.0016257091181600964 254.50000000000003 1.9568321428571431 -0.027918397853458284 0.0043079583129546776 0.0087278892910452096 0.17942820970609602 0.018739285714285691 0.023414029209078206 0.001107455428944217 0.0045974847336578036 0.029625953303556999 0.15655357142857187 0.0081184058713349733 0.0012836970474968585 -0.008770418535177479 25.500000000000004 0.0047043536452931424 1.3100642857142761 252.50000000000003 1.44436688421151 0.2044529279602543 0.0011417880909815271 0.0080211182139438408 -3.0742815514614827 0.24792660343434578 10.478418950719325
decision_type=2 2 2 2 2 2 2 2 2 2 2 2 2 2 2 2 2 2 2 2 2 2 2 2 2 2 2 2 2 2
left_child=2 8 4 13 24 7 -7 15 9 10 -2 -11 -13 14 27 23 17 18 29 -18 21 -19 -23 -5 25 -1 -26 -3 -4 -17
right_child=1 3 28 5 -6 6 -8 -9 -10 11 -12 12 -14 -15 -16 16 19 20 -20 -21 -22 22 -24 -25 26 -27 -28 -29 -30 -31
leaf_value=0.24061009447902962 0.37014264749313203 0.27231527091973357 0.0089277899884081368 0.026739807124371729 -0.047664748066169188 0.1055651856132688 -0.022297904075301293 0.033531254684944167 0.15409274788111416 -0.013135161159505318 0.02750697686665542 0.53242342982328517 0.03479671288648975 -0.027092043018180113 0.5374403176525302 0.014524559748483488 0.19956845704577902 0.036815206671045972 -0.021640216832806661 0.01688486967326773 0.0022729496206961449 0.57293864049341869 0.015168695570610128 0.0069553215748129659 -0.035153837212141929 0.012314291016728774 0.22070222716115301 0.0047812137567623016 -0.029203548697364402 0.2178272412156193
leaf_weight=1.1939277318306261 0.71040164493024249 0.46227209223434318 25.784637615550309 381.85515740979463 426.24100067187101 2.8149714283645144 35.357391031458974 147.8924078643322 1.4160241484642018 161.53441446833313 8.2311126776039583 0.34211767558008332 10.404493465088306 42.631877193693072 0.33955870661884535 35.441351009998471 1.1151045039296139 32.126017744652927 93.057686364278197 369.23168641561642 42.801000358536839 0.48024917347356566 0.74209263315424323 103.10219256207347 8.9900686554610694 2.3242327459156513 0.54904522560536939 7.1451916485093525 105.92863461608067 0.73661947436630626
leaf_count=33 34 24 3010 8778 88006 26 982 1652 15 13176 513 17 519 3458 21 989 7 1567 4970 8772 1139 22 35 2083 339 65 14 567 15993 18
internal_value=-0.0012974 0.0137827 -0.0403826 0.0163936 -0.0459725 0.0177104 -0.0128688 0.0186762 -0.00476364 -0.0060049 0.0547293 -0.00915706 0.0506386 -0.0160629 0.0431028 0.0166049 0.011611 0.00110942 -0.0103575 0.0174349 0.0205704 0.0440542 0.234312 0.0225336 0.00926935 0.0897891 -0.0204275 0.0210381 -0.0217388 0.018664
internal_weight=2050.98 1479.97 571.012 1297.33 439.298 1246.75 38.1724 1208.58 182.639 181.223 8.94151 172.281 10.7466 50.5789 7.94702 1060.69 575.732 205.385 129.236 370.347 76.1494 33.3484 1.22234 484.957 13.0573 3.51816 9.53911 7.60746 131.713 36.178
internal_count=156844 49384 107460 35110 88457 31040 1008 30032 14274 14259 547 13712 536 4070 612 28380 17519 8740 5977 8779 2763 1624 57 10861 451 98 353 591 19003 1007
is_linear=0
shrinkage=0.05


end of trees

feature_importances:
time_since_open=99
volatility_20=82
atr=67
range_pct=55
returns_20=46
volatility_5=43
distance_from_vwap=42
returns_10=32
upper_wick=31
pressure_ratio=28
volume_ratio_20=27
lower_wick=25
time_to_close=24
returns_5=23
fvg_size_pct=21
body_pct=16
volume_ratio=14
price_position=13
volume_momentum=13
returns=9
pv_divergence=7
order_block_bull=1
bos_up=1
bos_down=1

parameters:
[boosting: gbdt]
[objective: binary]
[metric: auc]
[tree_learner: serial]
[device_type: cpu]
[data_sample_strategy: bagging]
[data: ]
[valid: ]
[num_iterations: 500]
[learning_rate: 0.05]
[num_leaves: 31]
[num_threads: 0]
[seed: 0]
[deterministic: 0]
[force_col_wise: 0]
[force_row_wise: 0]
[histogram_pool_size: -1]
[max_depth: -1]
[min_data_in_leaf: 20]
[min_sum_hessian_in_leaf: 0.001]
[bagging_fraction: 0.8]
[pos_bagging_fraction: 1]
[neg_bagging_fraction: 1]
[bagging_freq: 5]
[bagging_seed: 3]
[bagging_by_query: 0]
[feature_fraction: 0.8]
[feature_fraction_bynode: 1]
[feature_fraction_seed: 2]
[extra_trees: 0]
[extra_seed: 6]
[early_stopping_round: 0]
[early_stopping_min_delta: 0]
[first_metric_only: 0]
[max_delta_step: 0]
[lambda_l1: 0]
[lambda_l2: 0]
[linear_lambda: 0]
[min_gain_to_split: 0]
[drop_rate: 0.1]
[max_drop: 50]
[skip_drop: 0.5]
[xgboost_dart_mode: 0]
[uniform_drop: 0]
[drop_seed: 4]
[top_rate: 0.2]
[other_rate: 0.1]
[min_data_per_group: 100]
[max_cat_threshold: 32]
[cat_l2: 10]
[cat_smooth: 10]
[max_cat_to_onehot: 4]
[top_k: 20]
[monotone_constraints: ]
[monotone_constraints_method: basic]
[monotone_penalty: 0]
[feature_contri: ]
[forcedsplits_filename: ]
[refit_decay_rate: 0.9]
[cegb_tradeoff: 1]
[cegb_penalty_split: 0]
[cegb_penalty_feature_lazy: ]
[cegb_penalty_feature_coupled: ]
[path_smooth: 0]
[interaction_constraints: ]
[verbosity: -1]
[saved_feature_importance_type: 0]
[use_quantized_grad: 0]
[num_grad_quant_bins: 4]
[quant_train_renew_leaf: 0]
[stochastic_rounding: 1]
[linear_tree: 0]
[max_bin: 255]
[max_bin_by_feature: ]
[min_data_in_bin: 3]
[bin_construct_sample_cnt: 200000]
[data_random_seed: 1]
[is_enable_sparse: 1]
[enable_bundle: 1]
[use_missing: 1]
[zero_as_missing: 0]
[feature_pre_filter: 1]
[pre_partition: 0]
[two_round: 0]
[header: 0]
[label_column: ]
[weight_column: ]
[group_column: ]
[ignore_column: ]
[categorical_feature: ]
[forcedbins_filename: ]
[precise_float_parser: 0]
[parser_config_file: ]
[objective_seed: 5]
[num_class: 1]
[is_unbalance: 0]
[scale_pos_weight: 1]
[sigmoid: 1]
[boost_from_average: 1]
[reg_sqrt: 0]
[alpha: 0.9]
[fair_c: 1]
[poisson_max_delta_step: 0.7]
[tweedie_variance_power: 1.5]
[lambdarank_truncation_level: 30]
[lambdarank_norm: 1]
[label_gain: ]
[lambdarank_position_bias_regularization: 0]
[eval_at: ]
[multi_error_top_k: 1]
[auc_mu_weights: ]
[num_machines: 1]
[local_listen_port: 12400]
[time_out: 120]
[machine_list_filename: ]
[machines: ]
[gpu_platform_id: -1]
[gpu_device_id: -1]
[gpu_use_dp: 0]
[num_gpu: 1]

end of parameters

pandas_categorical:[]
