tree
version=v4
num_class=1
num_tree_per_iteration=1
label_index=0
max_feature_idx=30
objective=binary sigmoid:1
feature_names=returns returns_5 returns_10 returns_20 range_pct body_pct upper_wick lower_wick volume_ratio volume_ratio_20 volatility_5 volatility_20 atr time_since_open time_to_close price_position fvg_up fvg_down fvg_size_pct displacement_up displacement_down order_block_bull order_block_bear liquidity_grab_high liquidity_grab_low bos_up bos_down pressure_ratio distance_from_vwap volume_momentum pv_divergence
feature_infos=[-0.072086870962801752:0.03817018459954391] [-0.41063368839140635:0.21353517364203034] [-0.41734447874186054:0.21396757527169075] [-0.42302138796137534:0.22702991452991461] [0:0.10313391280727956] [0:0.077684829301379155] [0:0.031412780656304026] [0:0.097650414233328847] [0.0094778667509143703:4.8450409322601127] [0.0054206996809179047:17.031082428302458] [1.9528239969586537e-05:0.18840894429181493] [0.00011583433358019584:0.093004821541031846] [0.0093857142857134736:14.285721428571435] [241:383] [7:149] [0:0.99999999949974983] [0:1] [0:1] [0:0.074971738638932917] [0:1] [0:1] [0:1] [0:1] [0:1] [0:1] [0:1] [0:1] [0:25978520] [-0.11442428308524644:0.10174171672467372] [-0.99903813714441581:1084.6737967914439] [-1084.879243123441:1.0054270341910052]
tree_sizes=3392 3390 3414 3435 3430 3441

Tree=0
num_leaves=31
num_cat=0
split_feature=4 3 10 2 10 29 28 12 10 13 2 12 3 6 7 15 12 12 11 11 10 0 28 16 3 29 28 6 14 13
split_gain=5492.88 3154.79 1133.69 1596.58 831.246 588.239 595.518 612.192 561.934 528.135 513.638 504.054 489.997 287.514 258.151 350.166 238.737 317.148 232.754 224.733 206.075 202.977 193.588 308.771 297.176 181.968 181.055 180.308 174.682 290.981
threshold=0.0068102100964918923 -0.055187169469815382 0.0070614745370065285 0.0018578319287430036 0.0033657932660233034 5.4245106358247126 -0.0077223548922542374 0.74217749999999694 0.030696495918027564 253.50000000000003 0.034519560172459725 0.89448214285714001 -0.062963160662530757 0.0012697624996289888 0.0015475697391639192 0.27631578583794952 1.5724785714285698 2.7178749999999927 0.0048594368574747917 0.028862086992040674 0.0032987569994951996 0.0052499850853119376 0.022775706041503602 1.0000000180025095e-35 0.039808671710257378 0.80538665804638832 -0.019021474354949722 0.0017686892772438478 130.50000000000003 265.50000000000006
decision_type=2 2 2 2 2 2 2 2 2 2 2 2 2 2 2 2 2 2 2 2 2 2 2 2 2 2 2 2 2 2
left_child=4 2 19 5 -1 6 7 -4 11 -5 18 -9 13 -6 -15 -16 25 -18 -3 -2 -21 -10 -20 24 -24 -13 -14 -17 29 -12
right_child=1 10 3 9 12 -7 -8 8 21 -11 28 16 26 14 15 27 17 -19 22 20 -22 -23 23 -25 -26 -27 -28 -29 -30 -31
leaf_value=-5.245213052912165 -4.616396833924405 -5.1060894710789215 -3.9674571636835898 1.6621978099978714 -4.8787291537535156 -4.1231860586807088 -4.9275808250225968 0.3585676887220739 -0.99905894645270354 -1.9452835709684622 -1.3032025757613219 -4.6804641262093289 -4.5447922131353753 -4.413256638874655 -1.3032025757613428 -5.2570697567736202 -0.64422471225929812 -3.8377328199999843 -4.8522400236931702 -1.5667937211621714 -3.9845607789765611 1.6621978099978385 -4.8377202072723211 -5.2570697567736202 -1.6693013888180341 -2.3216229102645141 -5.105397080740441 -2.7732301174197573 -4.5052308361057474 -4.8377202072723193
leaf_weight=894.00899358978495 2.7315029539167877 12.584424323402347 0.50402733078226436 0.19510735385119904 1.7180286436341696 1.9402342410758135 0.30350032821297679 0.12465192051604368 0.21136630000546575 0.21136630000546575 0.11381262307986517 0.26014313846826553 1.4741444513201702 0.88882238976657368 0.18968770513311028 0.15175016410648823 0.17342875897884369 0.1409108666703105 15.80911531066522 0.10839297436177719 0.47150943847373128 0.10839297436177731 0.11923227179795581 0.23846454359591007 0.19510735385119915 0.11923227179795504 62.634880234953016 0.1409108666703105 6.3843461899086833 0.11923227179795504
leaf_count=164957 504 2322 93 36 317 358 56 23 39 39 21 48 272 164 35 28 32 26 2917 20 87 20 22 44 36 22 11557 26 1178 22
internal_value=-5.20769 -4.65592 -3.73151 -3.19527 -5.23247 -3.50715 -2.89283 -2.51677 -1.87432 -0.213693 -4.85357 -2.56879 -5.06287 -4.4478 -3.90786 -2.97656 -3.0948 -2.0758 -4.94442 -4.42661 -3.53264 -0.096938 -4.82008 -3.90035 -2.87112 -3.93911 -5.09251 -4.06115 -4.45615 -3.11156
internal_weight=1004.37 43.1675 7.60377 4.29236 961.207 3.88589 1.94565 1.64215 1.13813 0.406474 35.5637 0.818367 67.1982 3.0892 1.37117 0.482349 0.693715 0.31434 28.9463 3.31141 0.579902 0.319759 16.3619 0.552804 0.31434 0.379375 64.109 0.292661 6.61739 0.233045
internal_count=185321 7965 1403 792 177356 717 359 303 210 75 6562 151 12399 570 253 89 128 58 5341 611 107 59 3019 102 58 70 11829 54 1221 43
is_linear=0
shrinkage=1


Tree=1
num_leaves=31
num_cat=0
split_feature=13 2 3 7 12 27 12 6 28 8 28 5 0 6 0 12 7 2 12 15 6 27 29 27 27 7 8 0 0 29
split_gain=1138.73 299.131 294.235 201.469 185.985 184.124 187.809 156.672 156.383 142.16 140.803 104.38 170.239 87.5451 80.4337 114.367 86.4819 78.2967 102.14 73.3385 93.1634 72.0428 71.6517 71.6373 124.088 120.871 80.2278 61.4612 61.2989 59.6733
threshold=254.50000000000003 -0.019176191798253635 0.096201292202921299 0.0022485164676321078 2.2540464285714363 0.74695714532208479 2.7178749999999927 0.0012697624996289888 0.014382723663902482 0.30796792088176594 -0.01421317033245682 0.005406938367996353 -0.00082037819572788873 0.0016934626149281236 -0.0033483126006692006 1.0835857142857142 4.3583430097455236e-05 0.052190148951105304 1.4839107142857124 0.44444434567900365 0.0010916327110931116 712682.50000000012 6.1238509894951312 0.51202365361030033 2.3986248447578657 0.003584000014680034 0.77732574212951244 0.0047779481417876699 0.0058420402480705578 -0.73946058152069394
decision_type=2 2 2 2 2 2 2 2 2 2 2 2 2 2 2 2 2 2 2 2 2 2 2 2 2 2 2 2 2 2
left_child=2 4 8 7 -2 6 11 -3 10 -5 22 12 -4 28 15 -7 -16 19 23 20 -10 -15 -1 26 -25 -26 -19 -24 -12 -11
right_child=1 3 5 9 -6 14 -8 -9 17 29 13 -13 -14 21 16 -17 -18 18 -20 -21 -22 -23 27 24 25 -27 -28 -29 -30 -31
leaf_value=0.14441182799655933 0.2513197370765291 -0.041205835661406148 2.7566738346909561 1.6578983689498419 1.8682987803755371 1.8591036165495138 0.082495627138834404 0.033591295863883056 0.29452026259467262 0.80653794530578038 0.017181171213441895 0.80848450869848154 0.94398876078475924 0.12606925827002347 1.1332805471932339 0.38281498852829726 0.070891209341799821 2.0277401161971516 -0.033344814484854907 0.1564718541278394 1.740322175938859 0.99940000868284273 0.28258516930380057 0.047098651019884537 0.52273823320800628 1.5286335589668081 0.65126351824894924 0.83273663741969939 0.1978800238569268 0.087586516752321028
leaf_weight=33.383399758022279 7.075793854892253 786.69038028502837 0.2671800535172224 0.14635290252045052 0.18241582997143257 0.18328324053436551 0.3761377870105207 76.84911521198228 0.33267574012279411 0.29176892340183513 66.068359995726496 0.40743903769180179 0.25140173267573007 28.61690284032375 0.21119402674958143 0.46156647382304072 2.0601622136309743 0.1684160958975548 0.85948477266356338 8.859486068133263 0.16753145633265376 0.23810669453814526 4.9314851965755215 1.0251564569771292 1.3956640535034237 0.37994634546339501 0.28499199822545052 0.56592260254546989 5.0522388429380944 26.712561804801226
leaf_count=1378 789 149395 35 25 24 19 48 13408 35 50 10537 39 32 3227 25 50 248 21 81 1033 24 27 377 128 167 37 30 39 484 3509
internal_value=-0.00603294 -0.0277277 0.118407 -0.0303328 0.291958 0.530327 1.02467 -0.0345494 0.107 0.103777 0.0912189 1.40737 1.87791 0.05982 0.309589 0.802415 0.169674 0.269636 0.451447 0.189728 0.778754 0.133276 0.171956 0.579489 0.485099 0.73798 1.16255 0.33922 0.0300176 0.0953544
internal_weight=1054.5 897.948 156.548 890.69 7.25821 4.21836 1.30216 863.539 152.33 27.1507 138.856 0.926021 0.518582 99.9756 2.91621 0.64485 2.27136 13.4734 4.11366 9.35969 0.500207 28.855 38.8808 3.25417 2.80077 1.77561 0.453408 5.49741 71.1206 27.0043
internal_count=185321 167200 18121 166387 813 496 154 162803 17625 3584 16069 106 67 14275 342 69 273 1556 464 1092 59 3254 1794 383 332 204 51 416 11021 3559
is_linear=0
shrinkage=0.05


Tree=2
num_leaves=31
num_cat=0
split_feature=10 6 9 28 10 12 29 5 12 30 13 7 5 8 18 28 13 5 1 29 29 9 6 12 0 6 12 28 30 10
split_gain=1520.61 126.962 81.6328 55.7321 74.2952 54.7871 55.6158 54.7107 59.9931 46.8261 43.8164 43.1221 43.0303 47.0129 44.4293 48.1228 41.8459 74.8526 41.7387 38.9266 92.744 38.4579 50.6305 75.5146 77.7032 67.4393 67.6865 38.7551 38.1639 37.2953
threshold=0.0032405581091308655 0.0015912506474887098 2.5610613285986208 -0.01172294736948975 0.0070614745370065285 0.74217749999999694 -0.87851030613713743 0.0085233740886943837 0.57038928571428438 -12.4927041984014 310.50000000000006 0.0026262203105273389 0.010398409642787806 0.96498375065694952 0.0035722634651604497 0.014382723663902482 243.50000000000003 0.0012181580515625416 -0.0085270491302850675 1.0918687553547202 -0.02891286678131921 0.39854426581215124 0.00091996725841027229 1.8093678571428524 0.00045773237663770955 0.0010235309772722329 0.24239642857142743 0.0071890285277515171 -9.8746676090164112 0.0030297434384696253
decision_type=2 2 2 2 2 2 2 2 2 2 2 2 2 2 2 2 2 2 2 2 2 2 2 2 2 2 2 2 2 2
left_child=1 11 3 4 7 -6 -7 -2 -9 -8 21 -1 14 -14 15 -4 17 -3 29 20 -10 22 -5 25 -25 -24 -27 -23 -13 -18
right_child=2 16 12 10 5 6 9 8 19 -11 -12 28 13 -15 -16 -17 18 -19 -20 -21 -22 27 23 24 -26 26 -28 -29 -30 -31
leaf_value=-0.042187993058923873 0.2152910406354176 1.5816037573469988 0.1451980776470066 0.093956247754418021 0.23809540588999886 1.5780674165777073 0.55192988766119544 -0.050428977874635933 0.34258113013471858 0.062317342162850932 -0.018760539987653476 1.1080720937429609 0.75028349212596768 0.26733130491982254 -0.054142926446599231 0.32337929730327469 0.11777447495349003 -0.050322664570369297 0.026319728723459297 0.21213357189549301 1.6460860423871393 0.061065711202455644 1.1143103816629092 0.39744523976310264 1.8464384462550836 1.0170402844965767 0.13380317593076599 0.1211329323940744 0.052316901917927497 0.50062461396990743
leaf_weight=786.02429167320952 13.62823502300307 0.12255539186298747 18.028083099983643 5.536397520452736 6.3643288104794911 0.061393353156747987 0.49760808749124663 0.26296766102313884 0.2541321162134409 26.219997723586857 9.5113867553882283 0.086328590754418566 0.56143458094447751 4.9176732148043811 2.1691857972182325 4.7978381668217471 2.9716966352425511 0.16468923166394234 42.197534773033112 0.18999391421675682 0.29470057180151343 68.569800341036171 0.21466263616457659 0.22297045355662692 0.15814488800242543 0.23411786276847157 2.951841807924211 44.1383450711146 10.121155197266487 0.80936946859583248
leaf_count=155584 1339 20 1501 859 468 5 31 33 22 421 1626 15 37 267 181 307 466 26 7242 17 31 8895 36 22 19 27 330 3931 1492 71
internal_value=-0.00619045 -0.0361832 0.11426 0.101402 0.147657 0.10623 0.0748903 0.241506 0.598133 0.0714362 0.0846032 -0.040862 0.189918 0.316819 0.1621 0.18265 0.0443384 0.645953 0.0405799 0.828973 1.04251 0.0926599 0.190282 0.331302 0.998709 0.256504 0.198707 0.084589 0.0612458 0.199727
internal_weight=1052.28 842.498 209.785 179.311 47.7734 33.1433 26.779 14.63 1.00179 26.7176 131.538 796.232 30.4742 5.47911 24.9951 22.8259 46.2658 0.287245 45.9786 0.738827 0.548833 122.026 9.31814 3.78174 0.381115 3.40062 3.18596 112.708 10.2075 3.78107
internal_count=185321 164916 20405 18112 2367 925 457 1442 103 452 15745 157091 2293 304 1989 1808 7825 46 7779 70 53 14119 1293 434 41 393 357 12826 1507 537
is_linear=0
shrinkage=0.05


Tree=3
num_leaves=31
num_cat=0
split_feature=11 4 13 13 12 1 5 9 2 30 4 2 30 23 14 12 13 2 6 27 11 5 11 13 12 15 11 13 2 1
split_gain=1426.83 228.255 103.892 129.664 126.037 184.482 103.72 213.026 101.483 63.8664 64.5949 51.382 74.3558 103.558 50.0289 46.024 116.597 114.311 114.809 44.9171 41.2554 40.7961 37.9792 42.9624 77.1518 132.386 36.1746 40.7244 34.4279 34.1146
threshold=0.0034696568528319589 0.0033169440904436045 263.50000000000006 270.50000000000006 0.17984999999999782 0.00065475744208087782 0.00074612252656487091 0.40401543919334826 -0.00041304956596815984 -3.5035448448342073 0.0073570194204145211 -0.004120236531865106 0.26715280662418583 1.0000000180025095e-35 126.50000000000001 1.2744571428571398 297.50000000000006 -0.0071204190657501156 0.0028434169258402466 110462.50000000001 0.0039257334460943974 0.0085233740886943837 0.0043954484350173153 276.50000000000006 0.87500357142857521 0.71428568877554388 0.0020890944113297724 245.50000000000003 -0.027330697547563728 0.031707032415001286
decision_type=2 2 2 2 2 2 2 2 2 2 2 2 2 2 2 2 2 2 2 2 2 2 2 2 2 2 2 2 2 2
left_child=26 14 9 4 5 -4 7 -6 15 10 -3 -9 13 -13 19 -5 28 18 -18 22 -8 -22 -2 24 -24 -26 27 -1 -17 -11
right_child=1 2 3 8 6 -7 20 11 -10 29 -12 12 -14 -15 -16 16 17 -19 -20 -21 21 -23 23 -25 25 -27 -28 -29 -30 -31
leaf_value=0.18092767942144469 0.042718650074371117 0.062769830222247899 0.43601595919907343 0.18642726163169235 2.235663038450848 2.3224680629957581 0.0094476408684728615 -0.050406508568917041 0.031818334604462234 0.074255558374642316 0.18713881878446817 1.8843386045919541 -0.050322144136003437 0.23390725874453128 -0.018411692902083176 0.67148121606838673 2.1281521225446727 -0.050652086653979682 0.59001660036132886 0.9946188997082448 0.32597245510411355 -0.0086603642890335959 0.24873105030181294 0.020176967339511118 2.5170458281535684 0.27871463119316137 -0.020482880082625415 -0.048335624182995245 0.044270360494467323 0.19166132939619032
leaf_weight=1.9432274335995305 5.9140419987961641 15.523701096419243 0.40931446291506191 10.817427476868032 0.19682687707245239 0.18964606383815408 1.6737082847394038 0.35258087003603578 13.788419293705374 137.87467945879325 31.882793648634106 0.20675350865349174 0.20721191447228193 0.17591099627315998 50.050216386560351 0.27624442521482717 0.2524059540592134 0.19255388341844071 0.23359754681587219 0.14355694781988848 6.9837045064195973 1.047394544817507 0.66883059078827478 0.70752382418140769 0.11685185600072145 0.15197333227843046 154.42577591631562 602.47031161515042 1.0519111230969438 6.478016761597245
leaf_count=259 1107 1517 28 1411 23 29 293 50 1917 11894 1625 32 33 28 8946 11 27 25 14 28 805 62 120 112 20 27 29762 124654 130 332
internal_value=-0.00613849 0.0887057 0.111037 0.186501 0.327249 1.03331 0.288251 0.739569 0.125981 0.0960605 0.146413 0.427118 0.712544 1.12563 -0.000155344 0.227224 0.447146 0.980361 1.38885 0.118469 0.235269 0.282331 0.10183 0.31432 0.536271 1.25166 -0.0420804 -0.0475985 0.174725 0.0795243
internal_weight=1046.41 287.568 229.815 38.0556 11.4431 0.598961 10.8441 1.13928 26.6126 191.759 47.4065 0.942457 0.589876 0.382665 57.753 12.8241 2.00671 0.678557 0.486004 7.70278 9.70481 8.0311 7.55922 1.64518 0.937656 0.268825 758.839 604.414 1.32816 144.353
internal_count=185321 30646 20286 4918 1383 57 1326 166 3535 15368 3142 143 93 60 10360 1618 207 66 41 1414 1160 867 1386 279 167 47 154675 124913 141 12226
is_linear=0
shrinkage=0.05


Tree=4
num_leaves=31
num_cat=0
split_feature=11 4 13 11 10 9 13 13 13 10 13 10 29 9 27 11 10 1 27 11 15 11 10 27 29 0 6 9 26 11
split_gain=1216.85 172.715 62.4423 40.2462 37.0265 50.9312 65.1355 33.9131 32.7968 50.5636 45.2773 47.7895 69.1451 43.0462 75.3723 37.3302 108.401 44.5369 86.0356 93.53 29.8206 35.5699 68.0474 31.8737 31.0648 29.2392 28.4703 27.1281 25.5605 29.2471
threshold=0.0035484131135670874 0.0039443227979571883 263.50000000000006 0.0020890944113297724 0.0043732211464368202 0.21238497601031436 242.50000000000003 245.50000000000003 263.50000000000006 0.0038660929921139858 268.50000000000006 0.0013342462601730915 0.22138491838505484 0.28568587918502381 0.52597748011814327 0.0043954484350173153 0.0036752299740024615 0.0017529441843973095 0.46241330971430911 0.0055695986151085659 0.25490195078814737 0.0057640419822839253 0.0042274471119700249 712682.50000000012 -0.31805953024137962 0.0017417614689453356 0.0044730405745377301 2.5610613285986208 1.0000000180025095e-35 0.0096773060221137259
decision_type=2 2 2 2 2 2 2 2 2 2 2 2 2 2 2 2 2 2 2 2 2 2 2 2 2 2 2 2 2 2
left_child=3 2 4 7 -2 6 -6 26 9 -3 15 12 -12 14 -11 -10 17 18 -17 -20 21 -13 -23 -22 -24 -19 -1 28 -15 -30
right_child=1 8 -4 -5 5 -7 -8 -9 10 13 11 20 -14 27 -16 16 -18 25 19 -21 23 22 24 -25 -26 -27 -28 -29 29 -31
leaf_value=0.090562703128197475 -0.027765708166305123 0.040004940695403543 0.10469393503386877 -0.018819972685225925 1.2875900324485909 0.044072015049905919 0.17479239825472506 -0.048230479462701398 0.077492690841763995 0.97175208186913986 1.1948559356203901 0.11618672706296758 -0.05034069329457061 0.081086454586053944 0.12949718280940112 0.21273389692168021 0.16547713021924629 -0.050770982300292027 0.61579358360292524 1.5829831610836715 0.054376289466177508 0.86320581016321585 0.59913999221206671 0.68195156715124283 0.091820586391800282 0.60025395608945231 0.7243480323922683 0.13838170977294126 0.28742767554758702 0.10784536624784305
leaf_weight=2.1237029880285259 50.921313812490553 39.936154612805694 15.083284336607901 155.80559822637588 0.18683601450174947 12.685748476069419 0.44399381848052144 574.30574780935422 3.1144454027526072 0.39059230731800088 0.24092521471902983 7.4340397538617271 0.20751366065815091 102.44219935825095 0.83020005095750093 0.56585394870489691 5.8198794140480459 0.39296886464580882 0.67309423349797703 0.39761573867872357 18.38011482311413 0.49103505769744549 0.38295177230611455 0.2045724792405953 1.4230491556227203 0.30736896162852645 0.19332360289990891 36.4458714928478 3.2495281770825368 7.500225075520575
leaf_count=249 9507 4728 1988 30479 22 1601 59 124654 340 24 37 755 32 5727 63 46 273 41 40 26 2092 23 21 19 62 38 10 1828 260 277
internal_value=-0.00621669 0.0767933 0.0131431 -0.0413678 -0.0083534 0.0658774 0.504375 -0.0474603 0.0986657 0.0900323 0.139809 0.106524 0.618645 0.103276 0.398976 0.224752 0.280979 0.568629 0.711419 0.974966 0.0984137 0.169324 0.341297 0.0612844 0.199395 0.234955 0.143443 0.100863 0.0887832 0.162131
internal_weight=1042.58 310.151 79.3212 732.428 64.2379 13.3166 0.63083 576.623 230.83 190.795 40.0354 28.7642 0.448439 150.859 1.22079 11.2712 8.15678 2.3369 1.63656 1.07071 28.3158 9.73108 2.29704 18.5847 1.806 0.700338 2.31703 149.638 113.192 10.7498
internal_count=185321 29929 13177 155392 11189 1682 81 124913 16752 12907 3845 3041 69 8179 87 804 464 191 112 66 2972 861 106 2111 83 79 259 8092 6264 537
is_linear=0
shrinkage=0.05


Tree=5
num_leaves=31
num_cat=0
split_feature=11 4 13 11 12 11 13 16 11 11 5 5 6 15 0 12 10 2 11 18 9 1 11 11 2 1 0 27 27 1
split_gain=1063 166.089 55.4789 48.7508 39.8649 81.8337 39.6605 34.1208 30.7416 68.9261 30.3971 30.3576 29.3587 36.4426 40.5623 44.8223 46.4872 30.4412 28.4959 42.9694 26.9045 34.7606 38.6682 26.692 32.6456 46.9735 40.2429 61.5082 110.244 54.421
threshold=0.0035484131135670874 0.0042201752485515973 259.50000000000006 0.0020890944113297724 2.7178749999999927 0.0022583128885335355 246.50000000000003 1.0000000180025095e-35 0.0013294810896925663 0.0012204103565442105 0.00016737222027643817 0.010398409642787806 0.00066197400680965393 0.92647057461073101 0.0019510807668776666 0.4594535714285643 0.030696495918027564 -0.027330697547563728 0.016722430037438295 0.0011665311736407714 0.30985081006894366 0.002504213063478478 0.0074817525144815445 0.0038199839922838483 0.0025550535732096207 0.00068108467895311453 -0.00052930912939636021 3.3698047993069209 2.5347212110376525 0.0064624939465794959
decision_type=2 2 2 2 2 2 2 2 2 2 2 2 2 2 2 2 2 2 2 2 2 2 2 2 2 2 2 2 2 2
left_child=3 2 18 6 11 -6 8 10 9 -1 -3 -5 -12 20 15 -15 -17 -16 -2 -20 21 22 -14 -4 25 -25 -27 28 29 -28
right_child=1 7 23 4 5 -7 -8 -9 -10 -11 12 -13 13 14 17 16 -18 -19 19 -21 -22 -23 -24 24 -26 26 27 -29 -30 -31
leaf_value=0.09712861562718611 -0.020827661438124589 -0.032572710922074574 -0.016545748092156292 -0.018160030862212542 1.4239516962727765 0.12499904332094461 -0.048023996239412392 0.043445587952602477 0.024554821047664134 1.0355059330085217 0.069606016191277778 0.77235655140715764 0.18328887792340307 0.95656016121294718 0.41086859545070259 0.029590455390860727 0.73011556205910644 0.11629198790953157 0.0860787967547193 0.94946467439759952 0.10408661927730692 -0.051254017966532277 0.75532048712140698 0.098821574794777142 0.024189312783597969 0.059754206294842252 0.34256372094023191 0.034558374915547065 1.9131428226990643 1.2644607738648284
leaf_weight=0.67156392242759411 62.580968431197107 4.372590511571615 5.8964813011698451 152.6220210948959 0.13566703302785654 1.141082528978586 545.9848583121784 33.460693390108645 1.9894239669665692 0.27616237243637443 55.317425914574414 0.12154348706826468 0.62971357535570749 0.34748228406533499 1.0520005025900898 0.61903968499973394 0.38356275204569101 5.272442972753197 3.6526582594960924 0.15002749068662513 138.21181519934908 0.48369520436972369 0.55652133049443364 8.0005433117039519 7.3056933269836 0.90485954750329289 1.0174202239140857 0.58479710854589928 0.15278919832780946 0.18997186608612526
leaf_count=46 10819 266 909 30428 28 219 124321 2464 218 29 4217 16 33 30 33 54 17 255 485 23 8003 38 32 952 881 117 142 70 23 20
internal_value=-0.00526926 0.0685908 0.0108205 -0.0400634 -0.0152053 0.263025 -0.0470382 0.0902958 0.136202 0.370567 0.0978599 -0.017531 0.100671 0.112317 0.218401 0.467193 0.297588 0.165292 -0.0127524 0.120142 0.106497 0.305989 0.451657 0.0758802 0.105897 0.160912 0.335222 0.463378 0.647745 0.487616
internal_weight=1034.09 331.143 90.4362 702.942 154.02 1.27675 548.922 240.707 2.93715 0.947726 207.246 152.744 202.874 147.556 7.67453 1.35008 1.0026 6.32444 66.3837 3.80269 139.882 1.66993 1.18623 24.0526 18.1561 10.8504 2.84984 1.94498 1.36018 1.20739
internal_count=185188 29883 14441 155305 30691 247 124614 15442 293 75 12978 30444 12712 8495 389 101 71 288 11327 508 8106 103 65 3114 2205 1324 372 255 185 162
is_linear=0
shrinkage=0.05


end of trees

feature_importances:
volatility_20=20
atr=17
time_since_open=17
volatility_5=13
upper_wick=11
returns_10=10
pressure_ratio=10
returns=9
volume_momentum=9
body_pct=8
distance_from_vwap=8
returns_5=7
volume_ratio_20=7
range_pct=5
lower_wick=5
price_position=5
returns_20=4
pv_divergence=4
volume_ratio=3
time_to_close=2
fvg_up=2
fvg_size_pct=2
liquidity_grab_high=1
bos_down=1

parameters:
[boosting: gbdt]
[objective: binary]
[metric: auc]
[tree_learner: serial]
[device_type: cpu]
[data_sample_strategy: bagging]
[data: ]
[valid: ]
[num_iterations: 500]
[learning_rate: 0.05]
[num_leaves: 31]
[num_threads: 0]
[seed: 0]
[deterministic: 0]
[force_col_wise: 0]
[force_row_wise: 0]
[histogram_pool_size: -1]
[max_depth: -1]
[min_data_in_leaf: 20]
[min_sum_hessian_in_leaf: 0.001]
[bagging_fraction: 0.8]
[pos_bagging_fraction: 1]
[neg_bagging_fraction: 1]
[bagging_freq: 5]
[bagging_seed: 3]
[bagging_by_query: 0]
[feature_fraction: 0.8]
[feature_fraction_bynode: 1]
[feature_fraction_seed: 2]
[extra_trees: 0]
[extra_seed: 6]
[early_stopping_round: 0]
[early_stopping_min_delta: 0]
[first_metric_only: 0]
[max_delta_step: 0]
[lambda_l1: 0]
[lambda_l2: 0]
[linear_lambda: 0]
[min_gain_to_split: 0]
[drop_rate: 0.1]
[max_drop: 50]
[skip_drop: 0.5]
[xgboost_dart_mode: 0]
[uniform_drop: 0]
[drop_seed: 4]
[top_rate: 0.2]
[other_rate: 0.1]
[min_data_per_group: 100]
[max_cat_threshold: 32]
[cat_l2: 10]
[cat_smooth: 10]
[max_cat_to_onehot: 4]
[top_k: 20]
[monotone_constraints: ]
[monotone_constraints_method: basic]
[monotone_penalty: 0]
[feature_contri: ]
[forcedsplits_filename: ]
[refit_decay_rate: 0.9]
[cegb_tradeoff: 1]
[cegb_penalty_split: 0]
[cegb_penalty_feature_lazy: ]
[cegb_penalty_feature_coupled: ]
[path_smooth: 0]
[interaction_constraints: ]
[verbosity: -1]
[saved_feature_importance_type: 0]
[use_quantized_grad: 0]
[num_grad_quant_bins: 4]
[quant_train_renew_leaf: 0]
[stochastic_rounding: 1]
[linear_tree: 0]
[max_bin: 255]
[max_bin_by_feature: ]
[min_data_in_bin: 3]
[bin_construct_sample_cnt: 200000]
[data_random_seed: 1]
[is_enable_sparse: 1]
[enable_bundle: 1]
[use_missing: 1]
[zero_as_missing: 0]
[feature_pre_filter: 1]
[pre_partition: 0]
[two_round: 0]
[header: 0]
[label_column: ]
[weight_column: ]
[group_column: ]
[ignore_column: ]
[categorical_feature: ]
[forcedbins_filename: ]
[precise_float_parser: 0]
[parser_config_file: ]
[objective_seed: 5]
[num_class: 1]
[is_unbalance: 0]
[scale_pos_weight: 1]
[sigmoid: 1]
[boost_from_average: 1]
[reg_sqrt: 0]
[alpha: 0.9]
[fair_c: 1]
[poisson_max_delta_step: 0.7]
[tweedie_variance_power: 1.5]
[lambdarank_truncation_level: 30]
[lambdarank_norm: 1]
[label_gain: ]
[lambdarank_position_bias_regularization: 0]
[eval_at: ]
[multi_error_top_k: 1]
[auc_mu_weights: ]
[num_machines: 1]
[local_listen_port: 12400]
[time_out: 120]
[machine_list_filename: ]
[machines: ]
[gpu_platform_id: -1]
[gpu_device_id: -1]
[gpu_use_dp: 0]
[num_gpu: 1]

end of parameters

pandas_categorical:[]
