tree
version=v4
num_class=1
num_tree_per_iteration=1
label_index=0
max_feature_idx=30
objective=binary sigmoid:1
feature_names=returns returns_5 returns_10 returns_20 range_pct body_pct upper_wick lower_wick volume_ratio volume_ratio_20 volatility_5 volatility_20 atr time_since_open time_to_close price_position fvg_up fvg_down fvg_size_pct displacement_up displacement_down order_block_bull order_block_bear liquidity_grab_high liquidity_grab_low bos_up bos_down pressure_ratio distance_from_vwap volume_momentum pv_divergence
feature_infos=[-0.072086870962801752:0.03817018459954391] [-0.41063368839140635:0.21353517364203034] [-0.41734447874186054:0.21396757527169075] [-0.42302138796137534:0.22702991452991461] [0:0.10313391280727956] [0:0.077684829301379155] [0:0.031412780656304026] [0:0.097650414233328847] [0.0094778667509143703:4.8450409322601127] [0.0054206996809179047:17.031082428302458] [1.9528239969586537e-05:0.18840894429181493] [0.00011583433358019584:0.093004821541031846] [0.0093857142857134736:14.285721428571435] [241:383] [7:149] [0:0.99999999949974983] [0:1] [0:1] [0:0.074971738638932917] [0:1] [0:1] [0:1] [0:1] [0:1] [0:1] [0:1] [0:1] [0:25978520] [-0.11442428308524644:0.10174171672467372] [-0.99903813714441581:1084.6737967914439] [-1084.879243123441:1.0054270341910052]
tree_sizes=3398 3390 3440 3417 3422 3400

Tree=0
num_leaves=31
num_cat=0
split_feature=4 10 4 10 13 11 3 12 13 11 11 13 7 6 15 13 8 11 14 13 20 6 0 13 28 3 28 0 3 28
split_gain=4345.33 941.987 940.249 460.448 486.094 537.412 336.8 315.733 414.362 264.327 255.9 414.031 362.444 245.853 253.463 221.78 184.474 172.151 300.938 398.314 165.081 159.968 156.276 144.633 138.349 129.446 207.34 129.078 126.053 269.843
threshold=0.0076821120835990969 0.0043732211464368202 0.012508165643518485 0.0070614745370065285 261.50000000000006 0.008834470681363565 -0.096059240398185572 1.5724785714285698 242.50000000000003 0.0030234656362910736 0.018450450456330949 243.50000000000003 0.0011651088731465999 0.0056577584655564664 0.88235291782007053 276.50000000000006 0.92407556607410191 0.0074817525144815445 122.50000000000001 282.50000000000006 1.0000000180025095e-35 0.0011650241591751392 0.0067886894962455599 251.50000000000003 -0.010873937313670522 -0.096059240398185572 -0.019021474354949722 -0.0024138488384850549 -0.048847725817737823 0.0036539068435946097
decision_type=2 2 2 2 2 2 2 2 2 2 2 2 2 2 2 2 2 2 2 2 2 2 2 2 2 2 2 2 2 2
left_child=1 9 17 20 6 15 7 8 -5 -1 -3 12 -12 -8 28 -6 -10 -2 19 -19 -4 -20 -9 -22 -13 26 -23 -28 -15 -30
right_child=2 10 3 4 5 -7 13 22 16 -11 11 24 -14 14 -16 -17 -18 18 21 -21 23 25 -24 -25 -26 -27 27 -29 29 -31
leaf_value=-5.4544361523685634 -5.0991034877631867 -5.2070259234968539 -5.0708483603664503 0.0036607334058720298 -2.0730411741314518 0.024479800148082376 -4.5386037874373786 -5.0351426370835073 -1.6965630505428186 -5.3684106277392125 -0.6829681024195553 -4.1325979678810105 -4.4345857675510416 -5.1083960455647865 -0.94360680336556513 -5.4613442864291297 -4.3319099156632319 -0.37888961798256293 -5.0803598958552119 -4.708388039251866 -2.0730411741314518 -2.8854413355595345 -2.9110086105061392 -4.5696855726665788 -5.1301318609845836 -4.7487366021948088 -3.202475544897347 -5.4613442864291288 -1.6965630505428058 -4.5001235453517694
leaf_weight=658.64386331336573 9.2479921928606981 30.670220158994198 1.6645500548183907 0.13723683962598388 0.08853989653289307 0.15494481893256307 2.7093208339065322 0.23463072581216693 0.10624787583947182 103.29949728492647 0.11510186549276058 0.45155347231775533 0.14609082927927375 0.14166383445262909 0.088539896532893181 0.10624787583947182 0.17707979306578636 0.088539896532892182 4.0684082456864399 0.13280984479933977 0.08853989653289307 0.25233870511874557 0.13723683962598443 0.16822580341249704 1.5096052358858283 5.1220330144278687 0.088539896532893181 0.22134974133223462 0.14609082927927364 0.20806875685229897
leaf_count=148779 2089 6928 376 31 20 35 612 53 24 23334 26 102 33 32 20 24 40 20 919 30 20 57 31 38 341 1157 20 50 33 47
internal_value=-5.41082 -5.43146 -4.76938 -4.24225 -3.96219 -2.17312 -4.11532 -3.18986 -2.25137 -5.44277 -5.16949 -4.65139 -2.78133 -4.33798 -3.40783 -3.92121 -3.34365 -4.94371 -4.79963 -2.97659 -4.88882 -4.841 -4.25124 -3.70877 -4.90045 -4.66968 -3.9495 -4.81595 -3.84787 -3.34365
internal_weight=820.415 794.836 25.5792 6.35716 4.43585 0.349733 4.08612 0.792432 0.420565 761.943 32.8926 2.22235 0.261193 3.29368 0.584363 0.194788 0.283328 19.222 9.97402 0.22135 1.92132 9.75267 0.371868 0.256766 1.96116 5.68426 0.562228 0.30989 0.495823 0.35416
internal_count=185321 179543 5778 1436 1002 79 923 179 95 172113 7430 502 59 744 132 44 64 4342 2253 50 434 2203 84 58 443 1284 127 70 112 80
is_linear=0
shrinkage=1


Tree=1
num_leaves=31
num_cat=0
split_feature=13 1 7 2 27 27 6 13 13 12 18 12 13 15 3 3 5 1 15 16 28 12 3 5 27 13 13 9 8 3
split_gain=1017.18 212.171 180.608 158.759 156.316 121.866 103.448 87.2973 83.633 75.7509 67.2047 65.4218 61.4935 65.8148 85.8712 187.62 245.968 629.873 102.484 86.7926 55.4833 77.2705 161.418 52.0153 50.3219 119.123 157.985 189.077 93.2551 130.867
threshold=256.50000000000006 0.010601259985084656 0.0010508769812732032 -0.012140037078130104 169920.00000000003 293190.00000000006 0.0032312212751492778 244.50000000000003 251.50000000000003 0.077975000000000114 0.001026091804580808 0.63160357142857659 268.50000000000006 0.6140350679696408 0.029247036565050125 0.06240129950437024 0.0036952759951721583 0.018428136610125882 0.8407979742267212 1.0000000180025095e-35 0.016078005257692807 0.33509642857142891 0.033886627862556924 0.005406938367996353 0.14374533410467441 295.50000000000006 280.50000000000006 1.9329518595060491 1.0133780036829587 -0.014256088157335754
decision_type=2 2 2 2 2 2 2 2 2 2 2 2 2 2 2 2 2 2 2 2 2 2 2 2 2 2 2 2 2 2
left_child=2 3 6 9 -4 7 23 -6 -8 -2 -7 -10 -3 -14 -15 16 17 18 -16 -18 -5 22 -22 -1 25 26 -11 28 29 -28
right_child=1 12 4 20 5 10 8 -9 11 24 -12 -13 13 14 15 -17 19 -19 -20 -21 21 -23 -24 -25 -26 -27 27 -29 -30 -31
leaf_value=0.020274394634950191 1.1745759337398733 0.016035958891762059 0.16597458285993297 -0.036697435163040082 0.64692910985795793 0.279063986065539 0.16450447818319575 2.325651838106729 -0.050297031566253071 0.20991087811561099 1.2097521374059861 0.84455118973059118 0.91390914273767732 0.10035013665682593 1.921239896307074 0.10242326406519585 1.0868667146642002 4.9474075003095281 -0.050240251986150987 0.037301871081576114 -0.050232408666514343 0.095249973802254612 2.2880686277074158 0.13536425094928239 0.052196421207355452 0.0025640917478769172 2.0687068630091496 2.9447912279125665 0.1168400263356336 -0.050224262181898099
leaf_weight=52.295456958469003 0.1632896931841995 4.5236120047047725 65.906940835062414 687.6803515041247 0.14341357536613841 1.0469954600557683 8.5003456361591798 0.16835395013913512 0.27010555984452256 1.5374595783650904 0.23807492945343245 0.83773928042501211 0.34978599334135552 5.7484370735473913 0.10144565952941775 1.8233345597982407 0.30673712817952037 0.1200558734126389 0.18823181930929422 0.55043480591848493 0.17377224098890964 2.4448655010201037 0.12829693546518683 12.086393081583081 16.622125130612403 2.5806977478787303 0.21237056842073798 0.11685756547376513 0.29924811702221632 0.11093006655573834
leaf_count=9901 36 577 8342 159263 22 121 631 31 49 317 38 119 18 1021 20 10 21 23 40 48 38 226 26 1441 2483 302 47 21 64 25
internal_value=-0.00396146 -0.0278701 0.118676 -0.0316216 0.177818 0.666631 0.0647195 1.55344 0.217759 0.101724 0.451485 0.626377 0.166944 0.241238 0.214617 0.427176 0.894561 1.90224 0.640176 0.412886 -0.0358016 0.188463 0.942907 0.0418802 0.0935679 0.235137 0.498745 1.09932 0.752913 1.34166
internal_weight=867.276 725.782 141.494 712.07 67.5038 1.59684 73.99 0.311768 9.60819 21.643 1.28507 1.10784 13.7121 9.18846 8.83868 3.09024 1.26691 0.409733 0.289677 0.857172 690.427 2.74693 0.302069 64.3819 21.4797 4.85756 2.27687 0.739406 0.622549 0.323301
internal_count=185321 164626 20695 162848 8554 212 12141 53 799 3295 159 168 1778 1201 1183 162 152 83 60 69 159553 290 64 11342 3259 776 474 157 136 72
is_linear=0
shrinkage=0.05


Tree=2
num_leaves=31
num_cat=0
split_feature=10 10 13 7 15 12 13 6 28 10 12 7 6 7 24 8 9 6 18 30 1 15 9 12 7 6 27 18 6 10
split_gain=1108.81 118.539 51.462 72.5397 48.8136 44.3797 40.1069 41.133 37.1341 35.2394 60.8789 68.463 29.0907 36.7217 43.2658 45.604 38.9922 66.909 45.7328 35.6438 27.4085 75.7805 26.6685 35.8727 89.0862 35.9823 31.4416 26.2676 26.0376 24.8831
threshold=0.0035896312313684546 0.0023718697042680952 277.50000000000006 0.00096565459743907383 0.099851420008929923 0.066407142857144427 256.50000000000006 0.0044730405745377301 -0.0066837595381658644 0.004537822688460061 3.6294428571428612 0.0028993341631196436 0.0056577584655564664 0.00076755660010114528 1.0000000180025095e-35 0.97756655939827652 5.5585770995648511 0.00097444155171863534 0.0043627370053396048 -0.41378469623533287 -0.011590221504401308 0.20967741597293846 1.3970344746838452 1.0461496071428595 0.003584000014680034 0.0030196883894266628 1.0000000180025095e-35 0.0028524003240276937 0.0032312212751492778 0.021693683479595081
decision_type=2 2 2 2 2 2 2 2 2 2 2 2 2 2 2 2 2 2 2 2 2 2 2 2 2 2 2 2 2 2
left_child=1 6 3 5 -2 -3 7 8 27 10 22 -12 13 14 19 -16 -15 18 29 28 21 -8 26 -24 25 -25 -6 -1 -11 -18
right_child=4 2 -4 -5 9 -7 20 -9 -10 12 11 -13 -14 16 15 -17 17 -19 -20 -21 -22 -23 23 24 -26 -27 -28 -29 -30 -31
leaf_value=0.12917965173521928 0.056536442736755232 0.79182751413055985 -0.01760789796605796 0.12821633576679922 0.91109405825436329 0.00011237670510285151 0.050809508760444211 0.75912442230315103 -0.010467300761252785 0.025457340273461582 0.22317458934137113 1.4445036009221726 0.080675366001436127 0.16881563675321232 0.1889817522854389 1.3476782537346372 0.25843877765605688 0.17847493086419666 1.4086144142768466 0.15744271967462162 -0.042968018902147714 1.1720721563554104 0.095930514732726027 0.11891578493358412 1.5062210992644143 0.96051264357079535 0.039221080234819003 0.94881156231904584 0.23063143288346138 0.97321419965718592
leaf_weight=4.1775594754144612 29.797006250824779 0.17810662230476992 45.634497132152319 20.410666714422405 0.1038930355571307 28.628479153383523 1.966467686928808 0.18519608397036691 26.349732730071992 13.588090491015466 0.36554277967661519 0.16724138474091887 16.747196931391954 53.288834560196847 0.20896974112838407 0.14304978307336569 0.32359460927545969 1.3081321627832947 0.20556538971140981 14.875550845637918 584.58153450489044 0.16319508478045452 3.7516538556665173 0.88164593605324604 0.16060716286301602 0.14837956847622991 21.96995951468125 0.10009329440072168 1.7448755102232105 0.19521414814516902
leaf_count=813 2299 35 10424 3788 8 6140 321 23 5224 1471 59 26 354 5413 37 19 38 116 16 1774 141729 13 643 134 23 21 4147 20 177 16
internal_value=-0.00468888 -0.031402 0.0206396 0.0561028 0.114266 0.00500743 -0.0393956 0.0162077 0.0117155 0.12748 0.0772688 0.606551 0.140958 0.152713 0.108724 0.65984 0.177014 0.391952 0.777467 0.102302 -0.0423157 0.136731 0.0668309 0.171817 0.410934 0.240151 0.0433246 0.148358 0.0488059 0.52739
internal_weight=872.351 712.376 94.8517 49.2173 159.975 28.8066 617.524 30.8126 30.6274 130.178 27.5489 0.532784 102.629 85.8819 30.5605 0.35202 55.3213 2.03251 0.724374 30.2085 586.711 2.12966 27.0161 4.94229 1.19063 1.03003 22.0739 4.27765 15.333 0.518809
internal_count=185321 168530 20387 9963 16791 6175 148143 6080 6057 14492 5061 85 9431 9077 3478 56 5599 186 70 3422 142063 334 4976 821 178 155 4155 833 1648 54
is_linear=0
shrinkage=0.05


Tree=3
num_leaves=31
num_cat=0
split_feature=11 4 7 11 4 4 11 5 9 8 6 15 2 7 12 15 11 5 6 8 2 13 6 2 30 30 1 2 8 11
split_gain=1042.16 173.696 51.4692 45.2041 35.9095 42.8918 45.9655 44.5361 51.1329 50.4492 59.8853 85.1388 69.7963 53.5126 48.2587 61.5344 70.1631 80.6464 82.1876 43.643 39.9839 42.2289 72.4185 93.6416 62.101 107.404 166.617 57.6979 49.1721 86.1744
threshold=0.0033183463167752699 0.0032147540912982647 0.00076755660010114528 0.0023457710809987359 0.012508165643518485 0.0054815458341093233 0.0051811547805509723 0.0015827608321581537 0.80090691023767924 0.94024869253976517 0.0012311695199885085 0.73110974463112044 -0.0063437548300161453 0.0028993341631196436 1.9820535714285719 0.12857142489796497 0.0077987331461834434 0.0013126230584117138 0.0044730405745377301 0.86055631125838283 0.013206294245963869 267.50000000000006 0.001656908694636617 -0.010338367505915323 0.12127574691516653 0.38197071961449708 0.00057031216986791488 -0.016980268063215505 0.58389187934388487 0.0048594368574747917
decision_type=2 2 2 2 2 2 2 2 2 2 2 2 2 2 2 2 2 2 2 2 2 2 2 2 2 2 2 2 2 2
left_child=3 -2 -3 -1 5 20 -7 9 -9 10 11 12 -8 14 15 -12 -17 18 -18 -15 21 -4 28 27 -25 26 -26 -24 29 -23
right_child=1 2 4 -5 -6 6 7 8 -10 -11 13 -13 -14 19 -16 16 17 -19 -20 -21 -22 22 23 24 25 -27 -28 -29 -30 -31
leaf_value=-0.045383501093807316 0.00016851182848240083 0.067309351495959804 0.089054645128509011 -0.0058835849472625313 0.079701408776954669 0.077013868974228877 0.58724821474142319 0.058188346328162402 0.19797129544500974 0.154378983926729 -0.050377755250130198 0.12012639200894003 1.7944217338582533 0.091426234552755226 -0.051102111903624209 0.19317589026404061 0.28457623661963893 1.834750019887601 1.2895665856762555 0.70566808308604545 0.012420527175487367 0.2433305873295607 0.63860481993573004 -0.050263571209892499 -0.05023613127624077 -0.05024999970029366 2.4038251759471176 1.8395278502485237 0.095322890897977741 1.6017507821622079
leaf_weight=529.24900502315722 53.330322880297899 70.693266891874373 18.95875642774627 83.915645875735208 38.436106596142054 11.706652403343467 0.23519877204671502 8.8574035381898266 25.030633839778602 4.3065805207006633 0.29153344407677684 0.29326081508770585 0.24391316482797076 2.3255593026988213 0.32569441990926851 0.41062928643077601 0.44777150778099872 0.21217764681205153 0.372810416854918 0.33025171095505346 10.422346948646007 0.51091078855097194 0.21751711331307888 0.59272374585270859 0.12015201197937131 0.25636482052505016 0.16299026040360332 0.18514882028102864 5.0133057162165642 0.15132802864536643
leaf_count=134326 10389 8692 3185 18885 1026 1598 30 878 2590 407 41 41 33 200 31 61 60 26 25 25 1458 101 26 121 26 53 31 28 901 27
internal_value=-0.00467707 0.080392 0.101666 -0.0399777 0.120288 0.137248 0.165 0.188579 0.161436 0.282482 0.382993 0.79111 1.20181 0.316159 0.50736 0.6122 0.746026 0.965841 0.741168 0.167808 0.0952404 0.128225 0.231217 0.535921 0.303021 0.691153 1.36244 1.1908 0.148813 0.553743
internal_weight=867.606 254.441 201.111 613.165 130.418 91.9816 55.3901 43.6834 33.888 9.79538 5.4888 0.772373 0.479112 4.71643 2.06062 1.73492 1.44339 1.03276 0.820582 2.65581 36.5915 26.1692 7.21044 1.5349 1.13223 0.539507 0.283142 0.402666 5.67554 0.662239
internal_count=185321 32110 21721 153211 13029 12003 6046 4448 3468 980 573 104 63 469 244 213 172 111 85 225 5957 4499 1314 285 231 110 57 54 1029 128
is_linear=0
shrinkage=0.05


Tree=4
num_leaves=31
num_cat=0
split_feature=11 4 11 15 1 12 18 4 4 29 4 15 8 13 12 10 2 13 4 2 27 1 8 12 29 13 15 9 5 5
split_gain=898.813 143.13 45.5213 62.6834 45.0865 88.6272 40.435 34.0254 51.1814 34.5606 37.1743 33.2473 54.8217 32.1144 56.5366 31.6912 35.5235 30.8226 49.4138 39.2287 29.7559 30.0908 58.0406 51.6354 86.0963 50.0913 31.1932 77.8095 58.8148 92.6114
threshold=0.0030234656362910736 0.0036630036630036513 0.018450450456330949 0.057851239310839971 -0.011590221504401308 0.07500000000000108 0.00011142720937649832 0.012508165643518485 0.007057405443778527 0.098761074089049897 0.0054815458341093233 0.022689552073193717 1.2814753907786145 242.50000000000003 0.6523535714285752 0.0020616431445739498 -0.00033551483798488485 251.50000000000003 0.0080826751759970044 -0.016980268063215505 4.4352484440906865 0.013030615432950589 0.78094403780907118 1.21722857142857 -0.40061509772915888 246.50000000000003 0.44827584661116887 1.2215134057108923 0.0026413501670327355 0.0017569227926211488
decision_type=2 2 2 2 2 2 2 2 2 2 2 2 2 2 2 2 2 2 2 2 2 2 2 2 2 2 2 2 2 2
left_child=4 2 -2 -4 5 -1 7 8 9 20 -11 12 -12 14 15 16 -6 18 -8 -20 21 25 23 24 -23 -3 27 -27 29 -29
right_child=1 6 3 -5 13 -7 17 -9 -10 10 11 -13 -14 -15 -16 -17 -18 -19 19 -21 -22 22 -24 -25 -26 26 -28 28 -30 -31
leaf_value=1.353972664476232 0.00013917167159533485 -0.039747457397662236 1.4128851680691121 0.15504349149906996 1.1900655520124666 0.082402637342874951 0.0039382612254705712 0.055838213445543398 0.1586625988096162 0.0090773465585487541 1.1228289812535326 0.099380228588952998 0.081812046191834797 -0.043057133604785663 0.99370809823894235 -0.051125490948918231 -0.050402682709071993 0.020648831013707052 0.071164249549936012 0.2059773940779116 -8.5786360404986476e-05 1.5937845456061026 -0.050450477757367343 -0.050529780338153196 0.37222675419314377 0.16264045079955852 0.098976441507930987 0.4931032941485512 0.13724476482234932 1.6531682981520941
leaf_weight=0.14231978449970428 74.285437246784568 4.0303648342378429 0.10249683447182123 2.9425835092552006 0.12093225307762623 3.6892098954413086 11.281602326780556 32.07698263367638 41.459496345371008 20.25437812320888 0.21310236398130555 13.887770122382788 0.31107773026451468 566.38146343710832 0.19156183488667 1.0034047090448437 0.110404625069349 33.26015689317137 11.782092212233694 9.9557054121978563 4.5808773934841147 0.24327696301043034 0.50275238649919629 0.20475679263472557 0.35433605778962263 14.305472361855207 16.378223655279726 0.643750765826552 0.5326580973342061 0.23479314101859927
leaf_count=9 14498 520 13 219 24 423 1435 792 3143 2865 35 1534 13 148910 30 154 18 3952 474 613 566 32 66 24 39 2200 2532 83 72 33
internal_value=-0.00477579 0.0662961 0.0079061 0.197382 -0.0413069 0.129634 0.0871527 0.101506 0.113906 0.0897065 0.052753 0.114134 0.505031 -0.0424604 0.194496 0.0705031 0.598057 0.0546221 0.088843 0.132907 0.120199 0.13492 0.370781 0.634717 0.8695 0.126399 0.147263 0.197583 0.551794 0.803134
internal_weight=865.463 293.824 77.3305 3.04508 571.639 3.83153 216.494 150.214 118.137 76.6776 34.6663 14.412 0.52418 567.808 1.4263 1.23474 0.231337 66.2796 33.0194 21.7378 42.0113 37.4304 1.30512 0.80237 0.597613 36.1253 32.0949 15.7167 1.4112 0.878544
internal_count=185321 35753 14730 232 149568 432 21023 14549 13757 10614 4447 1582 48 149136 226 196 42 6474 2522 1087 6167 5601 161 95 71 5440 4920 2388 188 116
is_linear=0
shrinkage=0.05


Tree=5
num_leaves=31
num_cat=0
split_feature=11 4 7 11 1 1 11 8 8 2 9 12 11 13 10 12 5 12 0 11 15 15 15 7 6 12 13 7 5 15
split_gain=841.832 147.198 48.2411 46.3839 31.0637 36.09 58.931 31.8128 57.568 24.7124 55.4979 52.5053 263.401 40.9096 84.5669 142.178 45.7965 63.7291 35.8826 30.4799 30.1923 26.6588 31.0984 44.8695 35.8906 25.7742 25.4632 63.1273 39.8641 31.9164
threshold=0.0034696568528319589 0.0031822411118455768 0.0004811904703709046 0.0019732260706773288 -0.050855014797424596 -0.030057276939492502 0.0059442297449893928 1.1760480003442386 1.3706664959339017 0.052190148951105304 2.371641776150911 0.49358928571428712 0.015278598857126286 246.50000000000003 0.0037684364656490449 1.6735107142857097 0.0027331198258668098 3.6294428571428612 -0.0057838869177165844 0.011313458374224582 0.93333327111114694 0.95748133043544115 0.94382021411441397 0.00086336958954860634 0.0011343140575465354 0.98628214285714744 241.50000000000003 0.003584000014680034 0.0057420660343924434 0.20099003187511308
decision_type=2 2 2 2 2 2 2 2 2 2 2 2 2 2 2 2 2 2 2 2 2 2 2 2 2 2 2 2 2 2
left_child=3 -2 -3 -1 -4 6 -6 -8 -9 21 11 12 -11 18 15 19 17 25 -13 -15 -20 22 26 -24 -25 -16 27 29 -29 -7
right_child=1 2 4 -5 5 9 7 8 -10 10 -12 13 -14 14 16 -17 -18 -19 20 -21 -22 -23 23 24 -26 -27 -28 28 -30 -31
leaf_value=-0.047279410852850083 -0.011416300341678761 0.044440972427898254 0.035401298334847078 -0.014587495326094813 0.87632528408064858 0.5753866348175295 0.122020848731236 0.87299977991248312 0.1866196661410866 0.021092776828066321 0.07039808753111744 0.51689768470960706 1.7212027723551395 0.82890879967462028 0.68203292199274779 1.9510375714532235 0.069821230961341407 1.1845879385825311 -0.035074334970999689 -0.050402745346015146 0.31307721497958496 0.014056648197527053 0.9097090665363855 0.003075748296489066 0.48670014931419225 0.10301128267515594 0.090208686464645138 0.30201410930621847 0.95505717003462842 0.045609204412559272
leaf_weight=430.5227519616019 49.934331170748919 59.5610606004484 18.481990874744952 145.05593841779046 0.32367954822257061 0.31957503082230676 4.7967245117761195 0.43187509430572379 1.0438580312766133 0.69622836681083 9.8266917751170677 0.44031286239624012 0.33863865351304412 0.17046605143696103 0.27285938477143667 0.1998161063529551 2.0082970191724598 0.24279559962451458 2.9095807764679198 0.23361227801069617 0.79230538569390763 10.339797722641377 0.26038010092452069 0.9350000414997337 0.65052842069417238 0.65009763929992914 112.27297932980582 0.56702835066243995 0.3975175404921174 2.575069853104651
leaf_count=119517 9635 6258 555 35050 34 38 323 28 68 66 392 28 33 17 25 20 106 16 204 32 38 918 39 130 48 57 11221 44 21 227
internal_value=-0.00437885 0.0664497 0.083228 -0.0390405 0.0966455 0.10401 0.218428 0.184478 0.38749 0.0988795 0.152447 0.242482 0.577418 0.198718 0.317706 0.860042 0.214521 0.463803 0.0901931 0.320547 0.0394397 0.091039 0.0977858 0.301401 0.201503 0.274191 0.0945494 0.220831 0.571152 0.104098
internal_weight=857.252 281.673 231.739 575.579 172.178 153.696 6.59614 6.27246 1.47573 147.1 18.7817 8.95501 1.03487 7.92014 3.77794 0.603894 3.17405 1.16575 4.1422 0.404078 3.70189 128.318 117.978 1.84591 1.58553 0.922957 116.132 3.85919 0.964546 2.89464
internal_count=185188 30621 20986 154567 14728 14173 453 419 96 13720 1034 642 99 543 273 69 204 98 270 49 242 12686 11768 217 178 82 11551 330 65 265
is_linear=0
shrinkage=0.05


end of trees

feature_importances:
time_since_open=20
volatility_20=16
atr=15
price_position=14
upper_wick=12
range_pct=11
lower_wick=11
volume_ratio=10
returns_5=8
returns_10=8
body_pct=8
volatility_5=8
returns_20=7
volume_ratio_20=6
pressure_ratio=5
distance_from_vwap=5
fvg_size_pct=4
returns=3
pv_divergence=3
volume_momentum=2
time_to_close=1
fvg_up=1
displacement_down=1
liquidity_grab_low=1

parameters:
[boosting: gbdt]
[objective: binary]
[metric: auc]
[tree_learner: serial]
[device_type: cpu]
[data_sample_strategy: bagging]
[data: ]
[valid: ]
[num_iterations: 500]
[learning_rate: 0.05]
[num_leaves: 31]
[num_threads: 0]
[seed: 0]
[deterministic: 0]
[force_col_wise: 0]
[force_row_wise: 0]
[histogram_pool_size: -1]
[max_depth: -1]
[min_data_in_leaf: 20]
[min_sum_hessian_in_leaf: 0.001]
[bagging_fraction: 0.8]
[pos_bagging_fraction: 1]
[neg_bagging_fraction: 1]
[bagging_freq: 5]
[bagging_seed: 3]
[bagging_by_query: 0]
[feature_fraction: 0.8]
[feature_fraction_bynode: 1]
[feature_fraction_seed: 2]
[extra_trees: 0]
[extra_seed: 6]
[early_stopping_round: 0]
[early_stopping_min_delta: 0]
[first_metric_only: 0]
[max_delta_step: 0]
[lambda_l1: 0]
[lambda_l2: 0]
[linear_lambda: 0]
[min_gain_to_split: 0]
[drop_rate: 0.1]
[max_drop: 50]
[skip_drop: 0.5]
[xgboost_dart_mode: 0]
[uniform_drop: 0]
[drop_seed: 4]
[top_rate: 0.2]
[other_rate: 0.1]
[min_data_per_group: 100]
[max_cat_threshold: 32]
[cat_l2: 10]
[cat_smooth: 10]
[max_cat_to_onehot: 4]
[top_k: 20]
[monotone_constraints: ]
[monotone_constraints_method: basic]
[monotone_penalty: 0]
[feature_contri: ]
[forcedsplits_filename: ]
[refit_decay_rate: 0.9]
[cegb_tradeoff: 1]
[cegb_penalty_split: 0]
[cegb_penalty_feature_lazy: ]
[cegb_penalty_feature_coupled: ]
[path_smooth: 0]
[interaction_constraints: ]
[verbosity: -1]
[saved_feature_importance_type: 0]
[use_quantized_grad: 0]
[num_grad_quant_bins: 4]
[quant_train_renew_leaf: 0]
[stochastic_rounding: 1]
[linear_tree: 0]
[max_bin: 255]
[max_bin_by_feature: ]
[min_data_in_bin: 3]
[bin_construct_sample_cnt: 200000]
[data_random_seed: 1]
[is_enable_sparse: 1]
[enable_bundle: 1]
[use_missing: 1]
[zero_as_missing: 0]
[feature_pre_filter: 1]
[pre_partition: 0]
[two_round: 0]
[header: 0]
[label_column: ]
[weight_column: ]
[group_column: ]
[ignore_column: ]
[categorical_feature: ]
[forcedbins_filename: ]
[precise_float_parser: 0]
[parser_config_file: ]
[objective_seed: 5]
[num_class: 1]
[is_unbalance: 0]
[scale_pos_weight: 1]
[sigmoid: 1]
[boost_from_average: 1]
[reg_sqrt: 0]
[alpha: 0.9]
[fair_c: 1]
[poisson_max_delta_step: 0.7]
[tweedie_variance_power: 1.5]
[lambdarank_truncation_level: 30]
[lambdarank_norm: 1]
[label_gain: ]
[lambdarank_position_bias_regularization: 0]
[eval_at: ]
[multi_error_top_k: 1]
[auc_mu_weights: ]
[num_machines: 1]
[local_listen_port: 12400]
[time_out: 120]
[machine_list_filename: ]
[machines: ]
[gpu_platform_id: -1]
[gpu_device_id: -1]
[gpu_use_dp: 0]
[num_gpu: 1]

end of parameters

pandas_categorical:[]
