tree
version=v4
num_class=1
num_tree_per_iteration=1
label_index=0
max_feature_idx=30
objective=binary sigmoid:1
feature_names=returns returns_5 returns_10 returns_20 range_pct body_pct upper_wick lower_wick volume_ratio volume_ratio_20 volatility_5 volatility_20 atr time_since_open time_to_close price_position fvg_up fvg_down fvg_size_pct displacement_up displacement_down order_block_bull order_block_bear liquidity_grab_high liquidity_grab_low bos_up bos_down pressure_ratio distance_from_vwap volume_momentum pv_divergence
feature_infos=[-0.14263445050662515:1.3809523809523809] [-0.34662998624484176:3.2676518883415433] [-0.46600559237779615:4.5812807881773407] [-0.46601941747572817:4.5683690280065887] [0:0.42298483639265771] [0:0.42138866719872303] [0:0.14170792079207917] [0:0.21311475409836064] [0.002261614521374519:4.9977456721076479] [0.00069638707422023805:19.864151815121129] [0:0.63608277400300628] [0.00014868854196793893:0.34339939575867112] [0.0025000000000001371:9.9736928571428543] [0:383] [7:390] [0:0.99999999983145116] [0:1] [0:1] [0:0.57931034482758625] [0:1] [0:1] [0:1] [0:1] [0:1] [0:1] [0:1] [0:1] [0:26385010] [-0.34332722358685963:0.94689106818769619] [-0.99967961726785204:13894.879999999999] [-13894.8921558813:1.2110919793966151]
tree_sizes=3379 3449 3412 3445 3417

Tree=0
num_leaves=31
num_cat=0
split_feature=10 4 13 28 11 13 3 10 11 13 12 11 4 11 13 15 2 12 3 11 2 15 8 14 14 11 28 3 8 4
split_gain=5427.42 1706.54 859.015 640.97 531.987 419.592 323.738 543.217 322.684 246.539 233.744 231.793 188.354 187.76 251.007 186.982 236.9 170.832 282.73 169.193 163.824 159.205 156.933 133.822 184.927 184.256 131.666 124.23 123.285 103.4
threshold=0.0043466557594195121 0.011929747190739739 240.50000000000003 -0.027918397853458284 0.0030514105805161417 196.50000000000003 0.11365896708301028 0.022422214584049936 0.031993598510419316 180.50000000000003 0.13782857142857188 0.031993598510419316 0.006256983274940041 0.011175945172128597 322.50000000000006 0.11999999145000735 0.085347871275134671 0.14252857142857223 0.040063107679884309 0.0045974847336578036 0.085347871275134671 0.10493180707799499 2.0119657153020598 136.50000000000003 160.50000000000003 0.022245760638841022 -0.037938290396558751 -0.10634546988256009 1.0155066706851001 0.0047324028355339998
decision_type=2 2 2 2 2 2 2 2 2 2 2 2 2 2 2 2 2 2 2 2 2 2 2 2 2 2 2 2 2 2
left_child=4 2 6 13 -1 9 -2 -8 17 -5 12 27 -6 22 23 -10 -17 18 19 -4 -12 -20 -3 -15 25 -25 -19 -7 -26 -23
right_child=1 3 8 5 10 11 7 -9 15 -11 20 -13 -14 14 -16 16 -18 26 21 -21 -22 29 -24 24 28 -27 -28 -29 -30 -31
leaf_value=-4.4909287475774695 -4.021908476174552 -3.9806165710965655 -4.4045432365604009 -3.4329197389326023 -4.3817028258374098 -2.9788058698674025 -1.5414211105679776 -4.1602373365124201 -2.3151622682333808 -1.6609992894799146 -4.454551222068222 -3.4790105126414081 -4.1602373365124192 -3.5792453189647389 -1.6515186665994279 -4.1452610778413232 -2.6266684485921847 -3.8435804428910378 -2.5332165944845437 -4.2103298723028004 -3.8667026665589361 -4.2143451097757341 -2.6785861453186515 -3.1873795732380192 -2.8602980838612844 -1.7700264526054892 -4.3649583209272187 -4.0702868852324556 -4.3279714336286963 -3.6405905258384661
leaf_weight=1287.4772991612554 23.216690984554592 1.4560591382905865 17.002643323503435 1.3643388776108647 103.50631417706609 0.26369574945420993 0.3554160101339211 0.44713627081364393 0.22930065169930358 0.22930065169930447 196.82021438609809 1.8688003113493312 10.582225075922905 1.5821744967252023 0.26369574945420016 1.2840836495161054 0.3210209123790263 1.2267584865912784 0.22930065169930403 32.939038616605103 1.1923633888363827 1.4216640405356886 0.27516078203916539 0.45860130339860894 0.2751607820391655 0.45860130339860916 93.692246284335852 22.918600137345489 0.29809084720909595 1.7541499854996798
leaf_count=112296 2025 127 1483 119 9028 23 31 39 20 20 17167 163 923 138 23 112 28 107 20 2873 104 124 24 40 24 40 8172 1999 26 153
internal_value=-4.44563 -4.20396 -4.2654 -3.86661 -4.47673 -3.96464 -3.98778 -3.00048 -4.30983 -3.17797 -4.41817 -4.01469 -4.36116 -3.35117 -3.13193 -3.65075 -3.84154 -4.31798 -4.24639 -4.27645 -4.45101 -3.80557 -3.77367 -3.25898 -2.91901 -2.4787 -4.35822 -4.05787 -3.62349 -3.89743
internal_weight=1805.41 205.832 174.119 31.7123 1599.58 26.6447 24.0192 0.802552 150.1 1.59364 312.101 25.0511 114.089 5.06754 3.33632 1.83441 1.6051 148.266 53.3468 49.9417 198.013 3.40511 1.73122 3.07263 1.49045 0.917203 94.919 23.1823 0.573252 3.17581
internal_count=157471 17953 15187 2766 139518 2324 2095 70 13092 139 27222 2185 9951 442 291 160 140 12932 4653 4356 17271 297 151 268 130 80 8279 2022 50 277
is_linear=0
shrinkage=1


Tree=1
num_leaves=31
num_cat=0
split_feature=13 5 6 7 3 18 18 7 7 7 6 13 0 28 0 28 0 27 27 9 13 13 28 13 1 3 9 29 15 5
split_gain=1973.88 1017.77 480.536 229.518 212.461 181.284 174.086 166.926 129.093 114.147 108.078 103.972 93.0874 89.1461 90.2249 74.2397 67.9924 67.9507 64.4882 69.3764 63.6945 159.532 62.3898 61.4808 61.1998 125.077 60.7767 60.1766 69.2535 60.1283
threshold=244.50000000000003 0.0036900369003691059 0.0027602288917220811 0.0017840248734395192 -0.051932944754164372 0.0045627586806904459 0.0091513101876836821 0.0054031620406193182 0.0017500341810226814 0.0054031620406193182 0.0024656991947746613 371.50000000000006 0.0060229792962428483 -0.011227240923840347 -0.0048543689320388874 0.016965530116054953 -0.0076195108393551916 61.084906313402563 1.0000000180025095e-35 0.096466517854238099 265.50000000000006 300.50000000000006 0.0091256383026198287 292.50000000000006 -0.011741694695585557 0.086967542545195134 0.079987311767640859 -0.47388474295190708 0.090909082644618597 0.0013361209034959056
decision_type=2 2 2 2 2 2 2 2 2 2 2 2 2 2 2 2 2 2 2 2 2 2 2 2 2 2 2 2 2 2
left_child=6 2 3 5 20 13 7 12 -4 10 15 -12 16 -2 -15 24 -1 -9 27 -20 -3 23 -16 -22 25 -6 -24 -7 -29 -5
right_child=1 4 8 29 9 18 -8 17 -10 -11 11 -13 -14 14 22 -17 -18 -19 19 -21 21 -23 26 -25 -26 -27 -28 28 -30 -31
leaf_value=0.26172019446549877 0.048890450715021946 0.16398241614945963 0.090309415522426661 0.01427119101357717 0.12106330591405501 0.20339438553161113 0.33881668272979593 0.35955641061696492 0.29548937116990787 0.33817004339141576 0.17205422464290032 0.87893816560691929 0.28280119326713432 0.27173470081311835 -0.042002511351605355 0.18167089021002528 0.11606846384141999 0.96872214504214937 0.66540867132066539 0.076186129316404311 0.55397603768371595 0.21987402861846791 0.36836907156749377 1.1674245779399375 0.032418682534615308 1.1803837687857195 0.0070194967258591359 0.26892592482227895 1.250150220376782 0.10065546192548365
leaf_weight=9.0643939478322846 29.135702890343964 9.5078527703881281 25.529126482084394 50.812574963085353 14.544493411667641 0.78489289525896311 18.52537487167865 6.9073864184319964 10.956046504899858 4.231949887238442 15.885563522577286 0.5377960270270713 11.952764690853654 2.3249987140297881 1342.6210031621158 11.1827833680436 69.046422267332673 0.49027997255325306 0.55857852473855008 4.7285979026928544 2.3953542197123157 7.3384367320686579 1.1933017186820496 0.49239437375217665 98.710184821859002 0.28409488406032402 46.828987848013639 0.31291543692350277 0.42278448399156332 33.375607086345553
leaf_count=415 2429 499 2052 4317 1079 50 879 296 708 229 999 36 662 176 121132 773 4841 26 42 373 122 368 97 25 8085 14 3951 25 30 2741
internal_value=-0.00130878 -0.0148119 -0.0273861 -0.0317098 0.103199 -0.0364366 0.198316 0.171609 0.151922 0.0823018 0.0746301 0.195202 0.152855 -0.0376688 -0.0394793 0.0587532 0.132971 0.399929 0.220964 0.138436 0.257142 0.343758 -0.0399996 0.658576 0.0466466 0.141358 0.0159986 0.507919 0.832806 0.0485174
internal_weight=1830.68 1714.7 1549.59 1513.1 165.111 1428.91 115.987 97.4612 36.4852 145.377 141.145 16.4234 90.0636 1422.1 1392.97 124.722 78.1108 7.39767 6.80777 5.28718 19.734 10.2262 1390.64 2.88775 113.539 14.8286 48.0223 1.52059 0.7357 84.1882
internal_count=157471 150352 138123 135363 12229 128305 7119 6240 2760 11215 10986 1035 5918 127785 125356 9951 5256 322 520 415 1014 515 125180 147 9178 1093 4048 105 55 7058
is_linear=0
shrinkage=0.05


Tree=2
num_leaves=31
num_cat=0
split_feature=10 13 7 13 10 13 6 10 12 18 8 8 28 13 30 28 28 13 29 8 28 27 7 18 27 10 18 8 1 6
split_gain=3167.2 188.824 172.628 203.744 119.989 111.843 107.962 97.3407 89.0188 72.161 74.1416 65.6426 60.5176 58.417 77.1552 52.3362 51.9378 126.825 51.0907 48.5693 47.0419 48.3455 44.1307 42.7479 41.7177 104.035 63.2222 49.433 41.6403 41.4726
threshold=0.0036087459386020867 242.50000000000003 0.0030818608776139642 240.50000000000003 0.0019323725322994967 228.50000000000003 0.0038713558770671766 0.0032748406815525056 0.18935357142857071 0.0042840997438283674 0.5009884541733578 0.28150959784662116 -0.0076713261688654234 230.50000000000003 -5.6181344889013038 0.018661912176077964 -0.015134737023125925 373.50000000000006 -0.96537575855391955 3.024399507961681 -0.020092083847865601 11.807519570160791 0.0064700660395173833 0.013341742311319687 1.425391719697527 0.0081188094300064118 0.013341742311319687 0.71724823207436217 -0.010946036039051031 0.0038713558770671766
decision_type=2 2 2 2 2 2 2 2 2 2 2 2 2 2 2 2 2 2 2 2 2 2 2 2 2 2 2 2 2 2
left_child=1 5 3 13 -3 9 8 12 15 29 11 -11 -7 23 -15 16 17 -5 -18 -14 21 -10 28 -2 26 27 -16 -26 -6 -1
right_child=2 4 -4 6 22 7 -8 -9 20 10 -12 -13 19 14 24 -17 18 -19 -20 -21 -22 -23 -24 -25 25 -27 -28 -29 -30 -31
leaf_value=0.012324473497659198 0.14977427475764313 -0.04631545776383824 0.20096675385769724 0.16942135053962459 0.072685264224003454 0.92414096630667686 0.18971041108955083 1.0130124521207267 0.12295732632157855 0.374023108473996 0.1089565592150582 1.2828378264307116 0.093082478030261928 0.095702153115378608 0.2188899866937665 0.22969859920250149 0.44264778466138149 1.1612638420514363 0.085629895194976158 0.76839629518624541 0.041777106731318514 0.61238075250303137 0.46214493246295296 0.25963661520051401 1.4512331679268742 0.30170351109514265 0.78200690752442081 0.69710887385973941 -0.017159267032018203 0.59829936609910694
leaf_weight=15.078158920630816 40.256327720358968 1052.4091854430735 63.32607683353126 13.821311150677499 13.376888239756225 0.30774374492466527 25.45426241401583 0.51705261040478934 12.216588742099699 0.58858121465891544 1.5653157588094471 0.29994224384427071 2.0868307258933778 2.7010486694052815 2.945880624465643 8.8992725433781725 1.0133395753800858 0.32999340258538801 90.17813666164875 0.30518820695579041 111.80982189904898 0.52631451562047082 0.48740886151790519 11.350997736677526 0.3661261182278398 1.2751643043011425 0.59995055571198452 0.53461317345499992 359.09672933258116 0.30812644399702627
leaf_count=1148 1757 99045 2900 800 1066 23 1297 38 546 42 109 21 160 113 127 471 71 21 6608 21 8299 19 34 392 20 57 24 26 32195 21
internal_value=-0.00147021 -0.0354836 0.125458 0.110712 -0.0376794 0.11315 0.0918222 0.384521 0.0813879 0.0642178 0.316024 0.680815 0.264153 0.193865 0.315956 0.113264 0.103427 0.19255 0.0895972 0.179243 0.0521507 0.143172 -0.0133105 0.173938 0.41993 0.592278 0.314169 1.00364 -0.0139326 0.0240592
internal_weight=1834.03 1446.43 387.605 324.279 1425.37 21.0569 264.249 3.21682 238.795 17.8401 2.45384 0.888523 2.69976 60.0301 8.42278 114.242 105.343 14.1513 91.1915 2.39202 124.553 12.7429 372.961 51.6073 5.72173 2.1759 3.54583 0.900739 372.474 15.3863
internal_count=157471 133923 23548 20648 132340 1583 18132 242 16835 1341 172 63 204 2516 367 7971 7500 821 6679 181 8864 565 33295 2149 254 103 151 46 33261 1169
is_linear=0
shrinkage=0.05


Tree=3
num_leaves=31
num_cat=0
split_feature=11 4 12 11 13 18 4 14 14 11 4 9 14 12 1 18 11 18 5 13 14 9 11 1 13 27 18 16 4 2
split_gain=2363.43 438.977 280.004 172.143 116.087 99.0745 79.9268 69.8064 57.4274 200.057 53.4212 65.2 65.3549 49.5559 93.1432 89.6443 70.0649 63.6742 50.9445 45.981 62.0312 45.2784 44.9695 42.9225 42.5036 38.996 53.6737 48.9098 37.3382 37.051
threshold=0.0033857714760588552 0.0069772186922336501 0.14252857142857223 0.019701760989028944 246.50000000000003 0.013341742311319687 0.0087623592144323945 352.50000000000006 35.500000000000007 0.0059151188219663713 0.0039879745885844234 0.26464166242255677 10.500000000000002 0.088221428571429297 0.012800140277047125 0.0047213148254514623 0.011175945172128597 0.0015236579076146344 0.0042843635541482726 240.50000000000003 162.50000000000003 0.18391481072191102 0.0022360709097355197 0.0073545718818367476 301.50000000000006 0.072289433102523518 0.0034762769741747599 1.0000000180025095e-35 0.0036682812409297261 -0.034043485830110569
decision_type=2 2 2 2 2 2 2 2 2 2 2 2 2 2 2 2 2 2 2 2 2 2 2 2 2 2 2 2 2 2
left_child=4 2 5 7 6 10 -1 8 9 -4 11 12 -2 14 -3 17 -15 18 24 20 -13 -10 -6 29 -16 26 -21 -28 -23 -12
right_child=1 13 3 -5 22 -7 -8 -9 21 -11 23 19 -14 16 15 -17 -18 -19 -20 25 -22 28 -24 -25 -26 -27 27 -29 -30 -31
leaf_value=0.050556038347386437 0.91115932142899858 0.15332058214002287 0.082859508138349247 0.14609321057574404 -0.049267806248056857 0.25462150133516515 0.43972351948530336 0.6300130288661494 0.091550662504940317 1.428650938748917 0.3644213477214821 0.3166090528298609 0.1157014395444691 0.095331398424443686 0.91347448227932238 0.12631876465970518 0.15994194411403601 0.87377616295234128 0.2246901894179362 0.079761455637645459 0.069585361732223863 -0.029921356408991656 -0.024496175345724996 0.21257057985018843 0.28456019692726842 0.015012384729527279 0.75877890001207349 0.064311784758490267 0.012203609382843096 0.095144506081227306
leaf_weight=17.741314725019041 0.25983758550137181 22.458057265728716 2.9968112958595152 22.501125370152295 960.86145905405283 9.292869587428866 1.4253443060442794 0.44032946228980918 11.92686127964407 0.30417402274906624 1.3236143076792348 3.2575448881834737 41.387370824813843 81.453193773515522 0.67358286678791024 2.2501957891508937 86.540095028467476 0.97263067215681065 1.6300525330007074 4.9799752766266456 11.560153765603898 103.89460161142051 226.37318566907197 12.134028562344609 0.44687721319496632 62.399851908907294 0.61722435243427731 0.43026970792561769 106.55289374105632 36.623111776076257
leaf_count=1173 18 1042 253 1086 94960 308 64 19 772 21 69 125 2542 4318 26 93 3073 40 70 377 603 9025 20936 723 22 4910 33 18 8358 2394
internal_value=-0.0015983 0.076953 0.0488229 0.0142031 -0.0425738 0.0955329 0.0794968 0.00107848 -0.000148677 0.206869 0.0870836 0.0695888 0.120664 0.138947 0.199994 0.375472 0.128615 0.526056 0.403096 0.044036 0.123891 -0.00322171 -0.0445445 0.130712 0.662642 0.0267435 0.148191 0.473519 -0.00859282 0.104537
internal_weight=1835.71 629.307 432.883 248.617 1206.4 184.266 19.1667 226.116 225.675 3.30099 174.973 124.892 41.6472 196.425 28.4314 5.97334 167.993 3.72314 2.75051 83.245 14.8177 222.374 1187.23 50.0808 1.12046 68.4273 6.02747 1.04749 210.447 37.9467
internal_count=157471 40338 31654 19534 117133 12120 1237 18448 18429 274 11812 8626 2560 8684 1293 251 7391 158 118 6066 728 18155 115896 3186 48 5338 428 51 17383 2463
is_linear=0
shrinkage=0.05


Tree=4
num_leaves=31
num_cat=0
split_feature=10 11 11 12 11 4 12 13 4 20 4 9 11 13 13 13 27 9 5 6 8 4 29 11 29 15 11 18 27 14
split_gain=2238.07 255.094 129.104 108.639 75.477 71.5717 107.919 65.085 57.0347 56.9804 55.6645 53.3039 50.5528 45.8117 72.5457 45.4756 44.5286 41.8304 41.1425 39.1457 46.2441 36.7089 38.898 48.8066 42.487 37.6232 40.9309 35.1851 34.4258 37.9155
threshold=0.0036087459386020867 0.0030121101909953321 0.0044068564815451091 0.10637142857142785 0.019701760989028944 0.010973314003331104 0.22191785714285678 239.50000000000003 0.0047324028355339998 1.0000000180025095e-35 0.013127551809345899 0.28695997813747326 0.019701760989028944 365.50000000000006 371.50000000000006 45.500000000000007 0.2664811632941867 1.9418578081657081 0.0082439749446003661 0.0015674571992801429 1.1041889016587829 0.0051647502872447923 2.6903339817529255 0.011618225737555193 2.4553018235834707 0.35416665928818519 0.012679569731669374 0.0091513101876836821 1.6678590575505823 316.50000000000006
decision_type=2 2 2 2 2 2 2 2 2 2 2 2 2 2 2 2 2 2 2 2 2 2 2 2 2 2 2 2 2 2
left_child=1 10 7 8 -5 6 11 -2 -3 17 27 18 15 16 -15 -8 19 -6 -4 -10 -21 -13 23 24 -23 26 -25 -1 -7 -30
right_child=2 3 5 4 9 28 12 -9 13 -11 -12 21 -14 14 -16 -17 -18 -19 -20 20 -22 22 -24 25 -26 -27 -28 -29 29 -31
leaf_value=-0.045950739950263775 0.1535364452459152 0.033670987727765979 0.15466921795668853 -0.019805765640056042 0.071645297765717583 0.11723953692361484 0.68322668381931995 0.019049023571464541 0.14554420856058234 0.73272430656502952 0.51730163229699111 0.06815810854343872 0.11602567958404771 0.85163958336104084 0.14247781731614434 0.035664174787115581 0.058340716331895803 0.4931399703954818 0.55286231050995283 0.80344813290150641 0.21194591668021512 0.12552058245534903 0.061093075084178022 0.87325956778528857 0.56019163275224881 0.18776111311806473 0.34097704633415454 0.31172270292864046 0.16754726761125072 0.49356548400420996
leaf_weight=1077.3118077786639 10.23246895894408 71.108698340132833 48.902991161681712 181.88867073599249 6.9377631209790698 76.610937682911754 0.27188892289996047 74.458647469989955 3.0520761953666868 0.38269538246095169 0.43917905539274116 53.944170915521681 26.089198618195951 0.55397799890488286 1.0332653354853389 95.378877758048475 11.896556008607147 0.64321164414286602 0.65741950273513694 0.5850507942959664 0.75925831031054258 32.508159781806171 15.93798851687461 0.48682366404682298 0.5720720449462523 2.7198309693485498 1.3992323214188216 0.68802277557551761 37.290747486054897 0.91366161964833636
leaf_count=110563 388 5600 2019 16125 467 2087 7 5331 173 20 17 2873 945 34 59 6295 734 37 21 32 35 1526 694 24 24 129 60 27 1109 16
internal_value=-0.00169465 -0.034471 0.0913009 0.00815794 -0.0132091 0.103348 0.0896691 0.0352979 0.0537433 0.137457 -0.0454932 0.117047 0.0543321 0.13357 0.389989 0.0375049 0.10859 0.107407 0.159951 0.244563 0.469371 0.0972801 0.126576 0.15427 0.133038 0.306761 0.478368 -0.0457225 0.136574 0.175344
internal_weight=1835.66 1357.28 478.375 278.841 189.852 393.684 278.869 84.6911 88.9889 7.96367 1078.44 157.129 121.74 17.8802 1.58724 95.6508 16.2929 7.58097 49.5604 4.39639 1.34431 107.568 53.6241 37.6861 33.0802 4.60589 1.88606 1078 114.815 38.2044
internal_count=157471 133923 23548 23316 16649 17829 14617 5719 6667 524 110607 7370 7247 1067 93 6302 974 504 2040 240 67 5330 2457 1763 1550 213 84 110590 3212 1125
is_linear=0
shrinkage=0.05


end of trees

feature_importances:
time_since_open=21
volatility_20=17
range_pct=11
fvg_size_pct=10
distance_from_vwap=9
volume_ratio=7
volatility_5=7
atr=7
time_to_close=7
pressure_ratio=7
lower_wick=6
volume_ratio_20=6
returns_20=5
upper_wick=5
returns_5=4
body_pct=4
price_position=4
volume_momentum=4
returns=3
returns_10=3
fvg_up=1
displacement_down=1
pv_divergence=1

parameters:
[boosting: gbdt]
[objective: binary]
[metric: auc]
[tree_learner: serial]
[device_type: cpu]
[data_sample_strategy: bagging]
[data: ]
[valid: ]
[num_iterations: 500]
[learning_rate: 0.05]
[num_leaves: 31]
[num_threads: 0]
[seed: 0]
[deterministic: 0]
[force_col_wise: 0]
[force_row_wise: 0]
[histogram_pool_size: -1]
[max_depth: -1]
[min_data_in_leaf: 20]
[min_sum_hessian_in_leaf: 0.001]
[bagging_fraction: 0.8]
[pos_bagging_fraction: 1]
[neg_bagging_fraction: 1]
[bagging_freq: 5]
[bagging_seed: 3]
[bagging_by_query: 0]
[feature_fraction: 0.8]
[feature_fraction_bynode: 1]
[feature_fraction_seed: 2]
[extra_trees: 0]
[extra_seed: 6]
[early_stopping_round: 0]
[early_stopping_min_delta: 0]
[first_metric_only: 0]
[max_delta_step: 0]
[lambda_l1: 0]
[lambda_l2: 0]
[linear_lambda: 0]
[min_gain_to_split: 0]
[drop_rate: 0.1]
[max_drop: 50]
[skip_drop: 0.5]
[xgboost_dart_mode: 0]
[uniform_drop: 0]
[drop_seed: 4]
[top_rate: 0.2]
[other_rate: 0.1]
[min_data_per_group: 100]
[max_cat_threshold: 32]
[cat_l2: 10]
[cat_smooth: 10]
[max_cat_to_onehot: 4]
[top_k: 20]
[monotone_constraints: ]
[monotone_constraints_method: basic]
[monotone_penalty: 0]
[feature_contri: ]
[forcedsplits_filename: ]
[refit_decay_rate: 0.9]
[cegb_tradeoff: 1]
[cegb_penalty_split: 0]
[cegb_penalty_feature_lazy: ]
[cegb_penalty_feature_coupled: ]
[path_smooth: 0]
[interaction_constraints: ]
[verbosity: -1]
[saved_feature_importance_type: 0]
[use_quantized_grad: 0]
[num_grad_quant_bins: 4]
[quant_train_renew_leaf: 0]
[stochastic_rounding: 1]
[linear_tree: 0]
[max_bin: 255]
[max_bin_by_feature: ]
[min_data_in_bin: 3]
[bin_construct_sample_cnt: 200000]
[data_random_seed: 1]
[is_enable_sparse: 1]
[enable_bundle: 1]
[use_missing: 1]
[zero_as_missing: 0]
[feature_pre_filter: 1]
[pre_partition: 0]
[two_round: 0]
[header: 0]
[label_column: ]
[weight_column: ]
[group_column: ]
[ignore_column: ]
[categorical_feature: ]
[forcedbins_filename: ]
[precise_float_parser: 0]
[parser_config_file: ]
[objective_seed: 5]
[num_class: 1]
[is_unbalance: 0]
[scale_pos_weight: 1]
[sigmoid: 1]
[boost_from_average: 1]
[reg_sqrt: 0]
[alpha: 0.9]
[fair_c: 1]
[poisson_max_delta_step: 0.7]
[tweedie_variance_power: 1.5]
[lambdarank_truncation_level: 30]
[lambdarank_norm: 1]
[label_gain: ]
[lambdarank_position_bias_regularization: 0]
[eval_at: ]
[multi_error_top_k: 1]
[auc_mu_weights: ]
[num_machines: 1]
[local_listen_port: 12400]
[time_out: 120]
[machine_list_filename: ]
[machines: ]
[gpu_platform_id: -1]
[gpu_device_id: -1]
[gpu_use_dp: 0]
[num_gpu: 1]

end of parameters

pandas_categorical:[]
