tree
version=v4
num_class=1
num_tree_per_iteration=1
label_index=0
max_feature_idx=30
objective=binary sigmoid:1
feature_names=returns returns_5 returns_10 returns_20 range_pct body_pct upper_wick lower_wick volume_ratio volume_ratio_20 volatility_5 volatility_20 atr time_since_open time_to_close price_position fvg_up fvg_down fvg_size_pct displacement_up displacement_down order_block_bull order_block_bear liquidity_grab_high liquidity_grab_low bos_up bos_down pressure_ratio distance_from_vwap volume_momentum pv_divergence
feature_infos=[-0.072086870962801752:0.03817018459954391] [-0.41097373883223542:0.21353517364203034] [-0.41734447874186054:0.21396757527169075] [-0.42302138796137534:0.22702991452991461] [0:0.10313391280727956] [0:0.077684829301379155] [0:0.032373663751214851] [0:0.097650414233328847] [0.006973727368629455:4.8450409322601127] [0.0054206996809179047:18.087455809607512] [1.9528239969586537e-05:0.18715918564497872] [0.00011583433358019584:0.093004821541031846] [0.0093857142857134736:14.285721428571435] [241:383] [7:149] [0:0.99999999949974983] [0:1] [0:1] [0:0.074971738638932917] [0:1] [0:1] [0:1] [0:1] [0:1] [0:1] [0:1] [0:1] [0:25978520] [-0.20361475155195896:0.10174171672467372] [-0.99903813714441581:1084.6737967914439] [-1084.879243123441:1.0054270341910052]
tree_sizes=3388 3392 3417 3418 3432 3451 3444 3418 3449 3439 3454 3441 3443 3476 3430 3459 3451 3460 3458

Tree=0
num_leaves=31
num_cat=0
split_feature=4 3 10 10 14 11 28 11 29 12 6 29 13 12 12 3 6 29 13 2 7 12 11 13 11 29 12 13 28 2
split_gain=4641.15 1355.28 1089.9 487.641 376.521 372.788 367.488 319.23 248.741 887.877 502.64 338.175 271.992 486.969 189.409 355.389 356.086 248.273 209.754 202.639 223.903 189.044 188.371 187.103 184.25 181.994 177.557 150.175 480.996 198.85
threshold=0.0076745804644257265 -0.092981992160312818 0.0043442082269067083 0.0069604162755077291 127.50000000000001 0.0080247131008483619 -0.0093189123715359864 0.0035146581939047091 4.3858484644255151 1.3411006071428588 0.0024862298080492663 0.17492154876478652 249.50000000000003 1.0506107142857197 0.44175000000000209 0.07144390320040496 0.0030397145444305235 0.5134498768183241 242.50000000000003 0.050671037103841028 0.0035615428919793762 0.89375714285714036 0.016284612047473956 241.50000000000003 0.020927239682778511 9.6386330129864994 1.0161392857142848 254.50000000000003 0.022266347226905653 -0.022892104269653154
decision_type=2 2 2 2 2 2 2 2 2 2 2 2 2 2 2 2 2 2 2 2 2 2 2 2 2 2 2 2 2 2
left_child=2 6 7 -3 5 26 8 -1 11 10 -10 12 -2 -14 15 16 17 -6 -16 20 25 -7 27 -24 -9 -18 -5 -4 29 -29
right_child=1 3 22 4 14 21 -8 24 9 -11 -12 -13 13 -15 18 -17 19 -19 -20 -21 -22 -23 23 -25 -26 -27 -28 28 -30 -31
leaf_value=-5.3949970037442245 -3.8352644775106062 -5.0015859267948635 -5.2140880708544044 -4.7833279856759034 -2.4953789180685764 -0.072181629716070006 -4.5830565818800419 -5.303647254763117 -2.8646280286747206 -4.2400809656824467 1.704829715075828 -4.7284012293605828 -4.172977040774227 -0.072181629716043361 -4.4279257167175263 -1.9537230536133259 -4.4760793102872185 -5.0464921971074332 -4.9568493510326315 -5.403215664091678 -0.8337579203411547 -3.0338672043691788 -2.7376986469038567 -4.8117432748762763 -4.7725017783345578 -2.3168275389268369 -2.9800183757391152 -3.762897499668397 -1.9761223562787968 -5.058960698772216
leaf_weight=730.04596801288426 0.31888747029006503 14.565654157660903 21.149742514826361 0.40329885948449273 0.10316947568207835 0.093790432438254356 0.54867402976379054 84.866272791754454 0.098479954060167074 0.25792368920519948 0.15475421352311969 0.37047220813110471 0.12192756216973066 0.17820182163268328 3.024741446133703 0.15944373514503229 0.21571799460798491 1.2614813162945209 4.9286872246302664 0.10316947568207979 0.098479954060167074 0.12661708379164338 0.11254851892590467 3.2123223110102117 1.6647801757790137 0.17820182163268328 0.20633895136415958 0.30481890542432566 0.13130660541355688 10.166882876306769
leaf_count=155676 68 3106 4510 86 22 20 117 18097 21 55 33 79 26 38 645 34 46 269 1051 22 21 27 24 685 355 38 44 65 28 2168
internal_value=-5.35186 -4.71276 -5.37251 -4.8123 -4.55942 -3.53585 -3.47575 -5.38423 -3.07089 -2.17525 -0.0721816 -3.53356 -2.81847 -1.73813 -4.64377 -4.22378 -4.40843 -4.85362 -4.7557 -3.38834 -2.96617 -1.77358 -5.0996 -4.74154 -5.29343 -3.49927 -4.17298 -5.1371 -4.98352 -5.02123
internal_weight=879.173 27.5181 851.655 25.4688 10.9031 0.830045 2.04932 816.577 1.50065 0.511158 0.253234 0.989489 0.619017 0.300129 10.0731 2.11966 1.96022 1.36465 7.95343 0.595569 0.4924 0.220408 35.0776 3.32487 86.5311 0.39392 0.609638 31.7528 10.603 10.4717
internal_count=187476 5868 181608 5431 2325 177 437 174128 320 109 54 211 132 64 2148 452 418 291 1696 127 105 47 7480 709 18452 84 130 6771 2261 2233
is_linear=0
shrinkage=1


Tree=1
num_leaves=31
num_cat=0
split_feature=13 28 28 7 27 12 8 5 1 12 6 3 12 16 9 5 5 28 12 7 12 27 7 2 7 8 28 8 2 6
split_gain=994.652 276.063 251.251 129.868 107.855 127.878 114.695 113.85 85.782 84.842 82.9623 80.8223 73.5708 150.907 184.104 71.5909 76.051 66.8819 79.8661 98.2473 65.9202 65.9186 66.3446 107.375 177.513 65.6722 57.0382 102.491 92.5789 98.8539
threshold=255.50000000000003 -0.011875124224841679 0.011038311072722984 0.0015108191093730764 29.238758555248761 0.59952857142857197 0.98854434824062831 0.0022610987019202459 -0.0033128986919289112 0.93728214285714795 0.0012732091510746816 -0.029040389991455248 1.9867392857142872 1.0000000180025095e-35 1.6981209572930429 0.0054054054054055072 0.0040680526726003946 0.022266347226905653 0.61751428571428646 0.00061940265589143157 0.11428571428571313 29.238758555248761 0.001005785422754542 0.06859091664481555 0.0012982963938586551 0.94600365766366623 -0.0050779426641420853 0.7180549443497305 0.0078336037690648359 0.0010921091160140462
decision_type=2 2 2 2 2 2 2 2 2 2 2 2 2 2 2 2 2 2 2 2 2 2 2 2 2 2 2 2 2 2
left_child=3 20 9 10 12 -6 -7 -8 -4 -3 17 -9 -5 15 -15 16 26 -1 -19 25 -2 -12 -23 24 -24 -20 -14 -28 29 -29
right_child=1 2 8 4 5 6 7 11 -10 -11 21 -13 13 14 -16 -17 -18 18 19 -21 -22 22 23 -25 -26 -27 27 28 -30 -31
leaf_value=0.031985246683232181 1.169423013778514 -0.037623487804076684 1.1922970349572539 0.14048163134260558 0.14847692710603952 0.32589454479180763 0.34410477304678089 0.96518872659529975 0.15331322089194019 0.041814992415307999 0.1246683625261002 2.1980327535855944 0.12986157835768511 0.21242198651803187 2.4412677333377606 0.0084046741943568943 0.95268158361905297 0.018337426589146492 0.72402021276052531 -0.050369466972549286 0.16206310491475284 0.25076096286418598 2.8490469744468672 0.14600609748033064 0.31228674330318451 1.9857032259566734 0.023496947132124898 0.46947565549008774 0.41508612775065495 1.9465974821211267
leaf_weight=49.341215076390654 0.16394289257005112 713.58266760548577 0.20119431242346841 42.954443633090705 1.469346170779317 0.66393718821927883 0.25311109237372875 0.24612560169771314 15.795376295223829 35.273021386470646 32.422549910377711 0.28908079350367188 2.2403604676946993 0.19026064407080401 0.18059034971520305 1.9612132133916018 0.49842844670638431 0.71145006781443842 0.25784675683826208 0.23074571089819074 17.26807356858626 1.5344505435787135 0.13795998878777016 0.24716624803841114 0.13788886787369847 0.17189726047217846 0.67719896929338519 0.19238648284226634 0.64453868521377444 0.27541613485664129
leaf_count=9014 25 156479 37 4849 112 92 35 25 2183 7068 4435 34 168 27 19 140 62 89 24 34 1998 174 22 6 23 24 108 33 98 39
internal_value=-0.00338152 -0.0252092 -0.0296933 0.120417 0.182082 0.477341 0.810076 1.21786 0.166381 -0.0338817 0.0822447 1.63108 0.164765 0.316811 1.29779 0.260752 0.370043 0.04156 0.385911 0.781845 0.171537 0.142084 0.416524 0.902848 1.58099 1.22869 0.297981 0.508453 0.803696 1.33912
internal_weight=920.214 782.284 764.852 137.93 52.7364 2.9216 1.45225 0.788317 15.9966 748.856 85.1932 0.535206 49.8148 6.86039 0.370851 6.48954 4.52833 50.7132 1.37194 0.66049 17.432 34.48 2.05747 0.523015 0.275849 0.429744 4.0299 1.78954 1.11234 0.467803
internal_count=187476 167790 165767 19686 5841 298 186 94 2220 163547 13845 59 5543 694 46 648 508 9185 171 82 2023 4660 225 51 45 48 446 278 170 72
is_linear=0
shrinkage=0.05


Tree=2
num_leaves=31
num_cat=0
split_feature=10 10 12 18 12 27 13 10 28 1 5 6 30 7 28 10 27 13 14 0 18 6 6 15 8 13 12 29 10 29
split_gain=1343.78 120.554 107.84 87.3832 81.8489 57.2799 55.5916 48.1481 42.942 65.169 105.478 39.7114 37.3665 37.3222 40.4716 54.7406 62.6294 45.4884 74.2519 154.966 105.434 71.9405 112.098 86.7489 46.3923 38.1701 37.864 37.2756 36.7967 35.0982
threshold=0.0033668816876227846 0.0021888638570390783 0.036785714285714713 0.0065090861606608491 0.73962142857143232 48432.500000000007 254.50000000000003 0.0042018824136432356 0.015681815035773875 0.012630678294978772 0.0040680526726003946 0.0025960888583232856 -12.285951013477616 0.00046533271288971178 -0.012950054453649364 0.0069604162755077291 0.10967619089685661 278.50000000000006 120.50000000000001 0.0008011737521170793 0.00056083609318597987 0.0020800369969569024 0.00089564602645206108 0.94674555652815517 2.6306607074234636 260.50000000000006 3.6000642857142968 1.3891384932515998 0.0051543366728859117 0.058957790988194543
decision_type=2 2 2 2 2 2 2 2 2 2 2 2 2 2 2 2 2 2 2 2 2 2 2 2 2 2 2 2 2 2
left_child=1 -1 -3 5 7 11 8 -2 9 -7 -11 -4 -9 28 15 16 -15 18 19 27 21 22 23 -21 25 -20 -18 -16 -6 -17
right_child=4 2 3 -5 13 6 -8 12 -10 10 -12 -13 -14 14 17 29 26 -19 24 20 -22 -23 -24 -25 -26 -27 -28 -29 -30 -31
leaf_value=-0.041173836853086343 0.022094540909244675 1.8727169464709073 0.00015443564713091805 1.1639311253460425 0.013730934214708657 0.14323845300493018 0.0088089427927468735 0.038182218944439045 -0.050790875732297382 2.0081577633313987 0.40646754248962669 0.13314677490359125 0.12874952350058952 0.87240179644474802 0.062576764498041615 -0.023902558280576566 0.1623801670783564 0.062701700491705328 0.21415941112659184 0.29929871076584791 0.31706061034951433 0.61975293427031597 2.9197196986035392 2.0393089836808507 0.65132233668127382 0.046905021728365109 0.65907906232574043 0.86228824447809083 0.15119907329513893 0.13631432921695932
leaf_weight=633.68057092977688 20.72708388324827 0.078005737625061466 108.1208084882237 0.16468885308131476 7.7923130947165218 0.25431400164961704 0.8461677310988307 14.51629962120205 0.2075367784127593 0.19430753821507096 0.21823586756363511 5.9204571051523081 52.862229130696505 0.37917788606137293 1.3019500663503998 6.251460272818802 4.4464484457857907 5.0924114319495848 32.035473151132464 0.14302578056231119 0.40650855051353574 0.22325405897572637 0.13467837497591972 0.1434986749663949 0.56918832939118047 3.8177300356328479 0.41992551926523436 0.16407614899799217 12.97114615421742 7.5425054375082254
leaf_count=143962 4151 18 23017 22 1328 25 159 760 27 27 15 1002 5931 41 148 131 394 660 3553 26 28 14 22 15 47 413 25 13 1126 376
internal_value=-0.00368117 -0.0325951 0.0142667 0.0130162 0.122388 0.0113788 0.29772 0.0887368 0.577305 0.772779 1.16086 0.00705874 0.109237 0.157753 0.176895 0.115985 0.253467 0.203232 0.22161 0.484257 0.947623 1.34537 1.72997 1.17074 0.20346 0.19635 0.205241 0.15208 0.0996087 0.0637036
internal_weight=921.625 749.685 116.005 115.927 171.94 115.762 1.72056 88.1056 0.874394 0.666857 0.412543 114.041 67.3785 83.8348 63.0713 19.0395 5.24555 44.0318 38.9394 2.51699 1.05097 0.644457 0.421203 0.286524 36.4224 35.8532 4.86637 1.46603 20.7635 13.794
internal_count=187476 168274 24312 24294 19202 24272 253 10842 94 67 42 24019 6691 8360 5906 967 460 4939 4279 266 105 77 63 41 4013 3966 419 161 2454 507
is_linear=0
shrinkage=0.05


Tree=3
num_leaves=31
num_cat=0
split_feature=11 4 11 13 7 11 15 27 9 14 12 27 30 4 11 15 8 8 15 4 5 27 12 12 12 2 30 2 11 9
split_gain=1242 210.227 63.033 77.3813 56.3076 55.6186 41.9088 39.4704 39.2163 51.0869 119.125 46.2751 35.7774 71.0571 32.5298 49.9849 71.1901 67.9096 39.8401 36.923 30.058 56.7558 38.1982 53.4743 44.096 32.5201 29.365 29.346 92.3138 29.2784
threshold=0.0035146581939047091 0.0044890040439462724 0.011251109104070236 266.50000000000006 0.0028973359602935994 0.0022184824540017038 0.077801002414293635 0.64618097586489298 1.2755514447488829 117.50000000000001 0.51608928571428658 1.8612397963712304 0.92835689283066192 0.00083612040133784424 0.013741420355131444 0.13999999719999254 0.50026542406790198 1.0617438333406228 0.077801002414293635 0.0030010929113765384 0.0066531089644437198 0.19887668724271071 0.7016285714285696 0.87233928571428176 0.22415714285714169 0.0025544596736861718 0.80277364268360163 -0.015750921585750307 0.002161481623817566 0.47557356718924398
decision_type=2 2 2 2 2 2 2 2 2 2 2 2 2 2 2 2 2 2 2 2 2 2 2 2 2 2 2 2 2 2
left_child=5 2 3 12 8 27 20 14 -5 11 -11 -10 -2 -14 29 17 19 18 -16 -17 -3 22 24 -24 -22 -23 -8 28 -1 -4
right_child=1 6 7 4 -6 -7 26 -9 9 10 -12 -13 13 -15 15 16 -18 -19 -20 -21 21 25 23 -25 -26 -27 -28 -29 -30 -31
leaf_value=-0.050264837679056262 -0.017304534272308682 0.00041178868191178784 0.43711734697611898 0.079406419202516496 0.95001726054134861 -0.008417788491077223 0.13696200837665823 0.06797935438130974 -0.052365064941720864 2.2513988120305251 -0.050274370265153905 0.68259630034406982 1.3406503093708333 0.06209011796149954 0.074007517985609089 0.37021152930175816 0.047695856353791616 1.3601593528944884 0.85490467866844522 1.3170453548415262 0.89627648921465086 -0.003638887962451905 0.93349029554416796 0.29346526558800662 0.01940855471268146 0.34222778420605682 -0.051143234920981044 -0.046571710561869352 1.4784884473375035 -0.050287164767368997
leaf_weight=0.40299237286671896 60.539819574449211 10.796909761615099 0.41035414952784677 12.629060416482384 0.19990568188950497 118.28453449299559 139.85207851137966 9.2610735199414176 0.57851679483428664 0.10861664172261953 0.11652281181886792 0.34006288181990385 0.14378828322514792 0.4449198474176228 0.39981278963387046 0.23573400638997544 1.5264842282049356 0.24813676392659545 0.27614278765395284 0.18281592335551977 0.15790400328114484 6.2330728475935757 0.40616933442652259 1.6608147132210431 1.558143599424511 0.76280634570866812 2.1060019563883534 549.37760376743972 0.13079984625801444 1.2366175637580452
leaf_count=81 11255 1246 79 2058 34 25928 12434 1382 80 21 22 39 26 80 50 21 210 39 36 24 10 344 25 93 85 80 246 131208 17 223
internal_value=-0.00382721 0.0906638 0.0287675 0.0107327 0.116889 -0.0395214 0.124304 0.127078 0.104797 0.385158 1.06015 0.219721 -0.0135324 0.37437 0.24827 0.349941 0.206092 0.652717 0.393021 0.783773 0.0593781 0.118443 0.274466 0.419232 0.100095 0.0340732 0.134171 -0.0462117 0.324339 0.071153
internal_weight=920.608 252.412 88.8784 75.1012 13.9727 668.196 163.534 13.7772 13.7728 1.14372 0.225139 0.91858 61.1285 0.588708 4.5161 2.86913 1.94503 0.924092 0.675956 0.41855 21.5758 10.7789 3.78303 2.06698 1.71605 6.99588 141.958 549.911 0.533792 1.64697
internal_count=187476 30242 15679 13615 2254 157234 14563 2064 2220 162 43 119 11361 106 682 380 255 125 86 45 1883 637 213 118 95 424 12680 131306 98 302
is_linear=0
shrinkage=0.05


Tree=4
num_leaves=31
num_cat=0
split_feature=11 4 11 4 13 11 15 18 2 8 2 30 1 5 4 10 27 9 29 11 27 15 2 6 0 15 27 30 29 4
split_gain=1065.39 162.55 55.2524 41.0419 57.5988 36.5161 32.3541 33.9841 29.6387 29.2441 33.7201 76.731 45.4636 58.0778 58.248 61.231 48.7715 47.097 40.6529 32.9305 27.3885 26.6922 90.0498 25.3302 23.3098 43.8725 23.1358 55.5925 91.5217 53.4957
threshold=0.0035146581939047091 0.0032141422257934574 0.0022184824540017038 0.0049787337734549962 266.50000000000006 0.011251109104070236 0.12499999479167245 0.0065090861606608491 0.050671037103841028 0.90996075542118759 0.0021143661909457383 -0.4899669769413772 -0.0011856405758267627 0.0019231582946235882 0.0046415402405115226 0.0034353328795297673 1.4034057034153065 0.55049118475206116 -0.19188902155670481 0.005538403949361218 0.11891574522104388 0.13292280911395291 -0.0083314714503290848 0.0039208669531796371 -0.0032088655848483412 0.55384614532543941 1.0000000180025095e-35 -1.7467697922653846 2.359832145918253 0.0080649020785208258
decision_type=2 2 2 2 2 2 2 2 2 2 2 2 2 2 2 2 2 2 2 2 2 2 2 2 2 2 2 2 2 2
left_child=2 5 -1 4 8 24 7 -5 23 10 11 -6 16 18 15 17 -13 -15 -14 -12 -9 22 -8 -3 25 -2 27 28 -4 -29
right_child=1 3 26 6 9 -7 21 20 -10 -11 19 12 13 14 -16 -17 -18 -19 -20 -21 -22 -23 -24 -25 -26 -27 -28 29 -30 -31
leaf_value=-0.046018321228316478 0.062520241575267019 0.019429716557797457 1.9878888805892378 0.04559268375140102 1.1687761194955091 0.1041762208561883 0.11350301830892831 0.42047134717939871 0.20596254860033103 0.067865462263725071 0.059457130178794837 0.076553534760042119 -0.050351134309234574 1.7908195994066489 1.7141555570770217 0.11095759821676343 1.0488941184066198 0.40101016123929228 0.84181524410412045 0.73633527934866039 0.11628768075898091 0.11785275131669921 0.99074405866341353 0.50628786144276772 -0.022103358795079062 1.1097895960809467 -0.012282524373137255 0.0066922256649630547 0.25024790982929179 0.98903011025268861
leaf_weight=525.4973827349022 0.44240130856633086 40.765488035976887 0.098129827994853147 27.857407923322175 0.24607351655140508 7.0878951367922118 1.2275084033608434 1.0828812201507383 2.3294562804512671 5.8595115225762129 3.1225639730691914 2.34772733738646 0.53073363425210118 0.13578955456614494 0.14168467093259096 0.30999292526394129 0.13646014500409354 0.11061103828251362 0.16813539015129009 0.19065847899764765 2.3371481392532587 133.16861442755908 0.38407165603712101 0.26892390474676986 44.077075664419681 0.12921162880957127 113.22004218073562 3.5081807016395028 0.33268564427271485 0.14429183397442091
leaf_count=131306 72 6388 22 2229 38 973 65 37 227 746 377 307 84 26 23 48 22 14 28 26 110 10027 37 26 8299 13 25052 774 63 17
internal_value=-0.00388148 0.0785851 -0.0390924 0.0971308 0.0603874 -0.00125259 0.109669 0.0638542 0.0324693 0.151413 0.217208 0.312578 0.258293 0.486498 0.809073 0.578596 0.129966 1.16692 0.164288 0.0984079 0.212601 0.120301 0.322567 0.0226204 -0.0179892 0.299253 -0.00806555 0.108861 0.646042 0.0454997
internal_weight=917.259 274.458 642.801 222.721 56.6638 51.7366 166.058 31.2774 43.3639 13.2999 7.44043 4.12721 3.88113 1.39695 0.698078 0.556394 2.48419 0.246401 0.698869 3.31322 3.42003 134.78 1.61158 41.0344 44.6487 0.571613 117.303 4.08329 0.430815 3.65247
internal_count=187476 30242 157234 20885 8380 9357 12505 2376 6641 1739 993 590 552 223 111 88 329 40 112 403 147 10129 102 6414 8384 85 25928 876 85 791
is_linear=0
shrinkage=0.05


Tree=5
num_leaves=31
num_cat=0
split_feature=11 4 2 12 4 29 9 13 18 10 15 0 29 18 18 10 18 9 2 15 11 11 18 15 13 4 4 2 27 15
split_gain=901.745 151.325 36.7217 44.9159 34.7698 40.1839 33.6835 47.6044 31.2169 31.8346 47.6829 25.0197 40.7438 24.8839 38.6309 31.5986 28.7626 26.0293 24.7894 45.9503 22.7518 43.3948 50.361 28.8971 22.5548 32.1674 80.2819 30.0553 21.8586 43.6885
threshold=0.0030687319254769411 0.0049787337734549962 -0.015750921585750307 0.072678571428570551 0.0030010929113765384 -0.1691121411899201 0.27222124178401969 264.50000000000006 1.0000000180025095e-35 0.0036727181874007435 0.045333444678502484 -0.0014875631144604105 -0.23860016402405684 0.0079231938962722216 7.9865835729211443e-05 0.0058231342428931698 5.2096900375784201e-05 0.56210505761672447 -0.052436852071216448 0.25347861651182674 0.0026739501157091775 0.0027757671038810771 0.0018577506856886506 0.089108909126545108 267.50000000000006 0.0041048404148082531 0.0036648253843431697 0.025276626207947909 1.0000000180025095e-35 0.089108909126545108
decision_type=2 2 2 2 2 2 2 2 2 2 2 2 2 2 2 2 2 2 2 2 2 2 2 2 2 2 2 2 2 2
left_child=2 4 3 -1 18 8 7 -3 9 -6 -11 12 24 14 16 -15 17 -8 19 -2 -5 22 23 -22 27 26 -26 -12 29 -19
right_child=1 6 -4 20 5 -7 13 -9 -10 10 11 -13 -14 15 -16 -17 -18 28 -20 -21 21 -23 -24 -25 25 -27 -28 -29 -30 -31
leaf_value=0.77789663614927207 -0.053298886789880477 0.19058765370436781 -0.042915015259852619 -0.050410850816871966 0.062600284110553461 0.009748176117597214 0.023875664836304766 0.99130916905909749 -0.018719158700218081 0.79913464205746254 -0.0065958041695485959 0.11181240562099744 0.8716274870583961 0.49203200995509544 0.05183023661061046 0.14531486763905566 0.57555654369328213 0.027629533701479969 -0.013553280941221388 0.9067268268640416 0.77189109959305702 0.0028902761190252374 1.3800555970563624 -0.050694699694255746 0.2051118469019588 -0.050691492632624874 1.4361549776315363 0.63189641906829708 0.10310598150076361 0.37782996724603524
leaf_weight=0.24066366418264751 0.30889702867716451 0.81974541442468651 590.06786469416693 1.7891810161527248 17.68209280027077 42.832693607080728 10.242355353198944 0.23995412094518542 6.3083504410460582 0.29401710815727611 1.141782246995718 8.227285592351107 0.27111450349911947 0.73366896435618301 57.628291287925094 6.2998523251153529 0.31903510354459186 1.5587040763348334 52.856168380472809 0.20895635429769754 0.18237192276865222 0.94007485127076507 0.13968878006562591 0.25753282476216555 0.38530825125053514 0.2482205149717629 0.20179982157424092 0.21978993481025089 109.0753560801968 2.0776882502250373
leaf_count=10 18 64 151455 314 2927 6314 847 28 1060 33 162 940 34 34 4535 183 30 111 10061 28 28 172 14 36 31 31 26 25 7677 135
internal_value=-0.00547249 0.0621579 -0.0419505 0.11839 0.0208999 0.0422189 0.0907963 0.3719 0.0819793 0.104135 0.170966 0.153698 0.293324 0.0892112 0.0856237 0.181481 0.101422 0.100191 -0.0101805 0.334076 0.0704223 0.212685 0.552963 0.290326 0.221957 0.426496 0.628244 0.0964719 0.107126 0.22772
internal_weight=913.799 320.181 593.617 3.54951 131.186 77.8125 188.995 1.0597 34.9798 28.6714 10.9893 10.6953 2.46802 187.935 180.901 7.03352 123.273 122.954 53.374 0.517853 3.30885 1.51967 0.579594 0.439905 2.1969 0.835329 0.587108 1.36157 112.712 3.63639
internal_count=187363 35334 152029 574 21690 11583 13644 92 5269 4209 1282 1249 309 13552 13335 217 8800 8770 10107 46 564 250 78 64 275 88 57 187 7923 246
is_linear=0
shrinkage=0.05


Tree=6
num_leaves=31
num_cat=0
split_feature=4 10 10 7 27 2 29 5 12 4 2 28 10 3 9 5 2 2 4 3 7 13 3 9 3 9 10 6 12 28
split_gain=743.525 90.5308 47.7957 62.0317 71.3714 79.3545 39.0054 34.7144 32.7327 30.4623 30.2651 25.9124 25.6189 25.408 30.87 24.905 23.9577 64.5412 23.0336 23.4755 41.9035 23.9294 22.7445 26.3725 22.6218 22.5256 28.4792 22.0501 20.9572 18.2509
threshold=0.0044183783530022018 0.0033668816876227846 0.0045054850083006033 0.0035615428919793762 0.55492754135648725 0.0049957860752691827 -0.36554854948987198 0.002080818268426324 0.58196785714285382 0.0029730096399304723 0.06859091664481555 -0.024390147189483891 0.0035888838146235958 -0.041691494970525426 1.3459764017149987 4.2661206517581855e-05 -0.017520343962207693 -0.032865547850219994 0.0073714725110244671 -0.092981992160312818 0.0013849953152773513 287.50000000000006 -0.052939717261276879 0.21528530196063567 -0.092981992160312818 0.70773934434091146 0.029756095645786729 0.003265345973926925 0.06833214285714273 0.018020706233475164
decision_type=2 2 2 2 2 2 2 2 2 2 2 2 2 2 2 2 2 2 2 2 2 2 2 2 2 2 2 2 2 2
left_child=1 9 3 11 5 6 -5 -7 22 24 -6 12 -2 14 18 27 17 -8 19 20 -10 -21 -4 -24 -1 26 28 -13 -3 -11
right_child=2 25 8 4 10 7 16 -9 13 29 -12 15 -14 -15 -16 -17 -18 -19 -20 21 -22 -23 23 -25 -26 -27 -28 -29 -30 -31
leaf_value=0.34071328020988989 0.082023243349172797 0.68149303609742951 -0.039951999125374477 0.7656918752052948 0.037486828277031821 0.60823359479102945 0.00016860569718996876 1.416479168909401 0.77035850891291879 -0.013724796929754132 0.64241697711389867 -0.050399659581344826 0.51223397271840809 0.12108661785836244 0.1108815912108999 0.022524800328585462 -0.0034750128742635786 0.82940702849023928 -0.00044443061528761583 0.032308608320072311 0.055653274738985625 0.53738546388326169 0.59779727126397553 0.061033332721401906 -0.043775101380519238 0.00074043144274917299 0.51805160248471693 0.67363224822240508 0.058230149836801283 0.32485063727950031
leaf_weight=0.38284553959965606 0.9889634889550496 0.13571279332973674 5.997900099027901 0.30628189630806524 5.0862821766640991 0.37934678839519609 0.57235571555793285 0.20445109577849507 0.36538796313107003 91.616802511271089 0.21552382316440333 0.17006648820824821 0.53231194941326976 61.87740374635905 22.954282744787633 87.47635734337382 1.0634331875480687 0.39768903236836273 16.236029149964452 3.003302259836349 0.46746815647929907 0.25436929240822781 0.23003906570374866 43.757001626770943 514.1621510728728 26.047693344531581 0.347865404561161 0.27551095560193062 21.839787408476695 0.39976531872525711
leaf_count=27 48 7 271 35 564 36 20 16 28 20934 9 25 36 3841 866 13152 141 38 433 241 27 9 8 2628 137241 3590 10 26 2994 62
internal_value=-0.00538612 -0.033501 0.0674481 0.0400479 0.171448 0.369788 0.239668 0.891288 0.0846977 -0.0387506 0.0620779 0.0279641 0.232559 0.100532 0.071145 0.024424 0.160438 0.340131 0.0262714 0.132311 0.369206 0.0717466 0.051386 0.0638404 -0.043489 0.0323276 0.0691846 0.397286 0.0620792 -0.0122539
internal_weight=907.744 654.933 252.812 97.6686 8.22536 2.92356 2.33976 0.583798 155.143 606.562 5.30181 89.4432 1.52128 105.158 43.2808 87.9219 2.03348 0.970045 20.3266 4.09053 0.832856 3.25767 49.9849 43.987 514.545 48.3711 22.3234 0.445577 21.9755 92.0166
internal_count=187363 164865 22498 14146 859 286 234 52 8352 158264 573 13287 84 5445 1604 13203 199 58 738 305 55 250 2907 2636 137268 6601 3011 51 3001 20996
is_linear=0
shrinkage=0.05


Tree=7
num_leaves=31
num_cat=0
split_feature=11 10 3 3 30 12 12 9 0 14 7 11 13 28 29 30 12 7 8 0 13 10 9 27 14 12 27 12 11 7
split_gain=729.938 76.0572 42.4244 35.0923 58.3203 37.3295 36.9594 46.6586 52.265 36.3268 33.3978 32.1379 32.2721 31.3012 28.6393 34.8008 76.0029 42.1917 70.1961 41.0178 31.1882 53.66 27.7678 32.4268 41.0404 26.4325 25.5594 25.2806 24.2667 23.8791
threshold=0.0030687319254769411 0.0035888838146235958 0.035972697909382963 0.033394588850732106 -0.075127112088723455 0.85191785714285584 1.0161392857142848 0.90483717427464694 0.00029285639897813637 120.50000000000001 0.0017482423150690235 0.027917342130504192 274.50000000000006 -0.012950054453649364 -0.60661580341029409 0.49156492244249977 1.3411006071428588 0.0032929409096081573 0.88210764496138472 0.0026637740106062462 246.50000000000003 0.006282031336008331 1.5623411655904687 0.04830193658351125 112.50000000000001 0.59952857142857197 1.3714551674245266 0.24177142857142747 0.010015723216495652 1.0000000180025095e-35
decision_type=2 2 2 2 2 2 2 2 2 2 2 2 2 2 2 2 2 2 2 2 2 2 2 2 2 2 2 2 2 2
left_child=2 10 13 22 9 11 7 26 -9 -5 -2 12 -6 29 -8 17 -17 20 -19 -18 21 -16 23 24 -3 28 -7 -26 -24 -1
right_child=1 3 -4 4 5 6 14 8 -10 -11 -12 -13 -14 -15 15 16 19 18 -20 -21 -22 -23 25 -25 27 -27 -28 -29 -30 -31
leaf_value=0.36741379747920316 0.0055805913744179196 0.60754807022175517 1.0280421664237467 0.22772417515919829 0.031632671368004364 -0.050699549607739196 0.033505853098045407 1.1345262008457293 0.35429409104555021 0.050351773560259397 0.069377127073952813 0.49013868248288273 0.45113955359256819 -0.042409729388067571 -0.050630245924593115 1.0846229264498102 0.09406726339470628 0.030541724996524536 0.75602707222429455 0.68907083360561772 0.077875671868876367 0.91208910748679262 0.070745042120598511 0.036238012301806101 0.61630241754758208 0.10910332460158721 0.49760708151762717 0.054844087681764145 -0.042263169110910714 0.041533365126378848
leaf_weight=0.71245349477976505 96.794717502314597 0.52923115342855398 0.092737690079956248 3.1401491248980156 7.0507775340229299 0.51204691035672911 2.3717060713097444 0.37964191706851125 0.49383247178047895 35.75901903025806 26.031792165245861 0.45831559225916851 0.49032806186005462 546.34228295763023 0.27041009441017916 0.35228287708014239 1.0135648730210958 0.60554675851017215 0.74195486586540937 0.40554373711347569 4.9936336786486208 0.31144740059971809 19.778336419723932 103.78026916179806 0.22449051216244731 37.723102840594947 0.36336953472346067 1.8752747643738983 6.2520369328558436 2.6643097139894962
leaf_count=72 17052 18 18 64 562 45 185 28 39 1824 3137 22 20 151592 23 26 47 28 33 32 331 18 1318 8240 21 1838 26 137 220 347
internal_value=-0.00527635 0.0508657 -0.0412913 0.0678378 0.100816 0.168367 0.22127 0.434864 0.69341 0.0646702 0.0191016 0.083616 0.0589093 -0.0414717 0.187514 0.229525 0.427283 0.178924 0.430005 0.264104 0.118242 0.464679 0.0562651 0.0406311 0.214049 0.0823595 0.176893 0.114871 0.0436025 0.11029
internal_weight=902.515 352.703 549.812 229.876 59.7136 20.8144 12.815 1.74889 0.873474 38.8992 122.827 7.99942 7.54111 549.719 11.0661 8.69438 1.77139 6.92299 1.3475 1.41911 5.57549 0.581857 170.163 106.409 2.629 63.7535 0.875416 2.09977 26.0304 3.37676
internal_count=187363 35334 152029 15145 3353 1465 861 138 67 1888 20189 604 582 152011 723 538 105 433 61 79 372 41 11792 8416 176 3376 71 158 1538 419
is_linear=0
shrinkage=0.05


Tree=8
num_leaves=31
num_cat=0
split_feature=11 4 11 5 2 14 13 28 4 29 28 2 4 18 11 0 30 9 8 8 30 6 9 8 8 9 7 7 5 14
split_gain=654.795 80.1525 30.5002 21.9101 33.9955 27.0106 122.314 21.4639 20.5197 31.9235 25.0084 110.491 28.6027 23.9815 17.3951 16.75 15.7449 19.4642 16.7683 15.6567 45.1984 15.4263 14.3537 15.4233 32.3322 24.2275 32.7121 45.8744 42.3937 41.913
threshold=0.0030687319254769411 0.0032141422257934574 0.0019746106203827394 0.0021377309512903447 -0.032865547850219994 102.50000000000001 293.50000000000006 -0.014289510616487451 0.0049787337734549962 -0.10855185579191766 -0.010396677741313752 -0.0013387565962007517 0.0033486967486076147 1.0000000180025095e-35 0.020927239682778511 0.0038964293591047254 0.80277364268360163 0.27222124178401969 0.40235997896493408 0.74165082585273945 0.23145066830664576 0.0039208669531796371 0.55433534649360283 0.95453811927234544 0.84405867470843698 1.1516199895829768 0.0032929409096081573 0.0061055768164916518 0.0019231582946235882 117.50000000000001
decision_type=2 2 2 2 2 2 2 2 2 2 2 2 2 2 2 2 2 2 2 2 2 2 2 2 2 2 2 2 2 2
left_child=2 3 -1 15 -5 6 -6 19 9 10 11 12 -3 -12 -7 -2 17 18 -10 20 -4 -11 -19 24 -24 -26 29 28 -28 -27
right_child=1 8 7 4 5 14 -8 -9 16 21 13 -13 -14 -15 -16 -17 -18 22 -20 -21 -22 -23 23 -25 25 26 27 -29 -30 -31
leaf_value=-0.047467624062383522 -0.017555449234768497 0.57318452860429692 0.97397633526744909 0.75438118727314707 1.6167242399917114 0.0068330868941076511 -0.050282762477113635 -0.021920641631452083 0.10888551344384188 -0.00098813109634513646 0.069357989974655032 1.2346741795633871 0.082741763470931928 -0.041877086494607821 0.51174228783738085 0.30228835218738809 -0.051606385954964321 0.016336586628990828 0.44988643853204274 0.053787868955463239 0.056717635688880955 0.43135741566258456 0.064328250963883712 0.055875913164945813 0.080382109999374174 0.47514095238672721 0.74820178252514169 0.1029779210045355 0.270623175071112 0.10032865904760549
leaf_weight=406.96675120992586 56.072179480455816 0.32056617829948653 0.19515476096421425 0.18637511041015375 0.14996455144137044 4.3767099105753005 0.41330222645774484 118.36160714761354 0.90631796978413948 37.835422583390027 29.382667741272599 0.23338659619912405 4.0929775168187916 5.8022843571379772 0.17750275321304787 0.41234474629163642 2.9166671601124099 14.696256111841647 0.59863027278333902 1.8682008143514393 0.43069634959101677 0.20745033072307606 63.797311700414866 121.68555711070076 12.136410076636823 0.81434983387589355 0.81276526767760437 1.4687108919024467 1.0849936869926748 8.8691914966329914
leaf_count=120961 10482 35 21 26 26 855 81 30826 33 5144 3596 23 430 939 9 25 243 1141 34 187 34 19 3874 6761 889 43 43 32 45 506
internal_value=-0.00518271 0.0458709 -0.0409178 -0.00609687 0.0910676 0.0669102 0.393542 -0.0188619 0.0563077 0.0341266 0.0654124 0.174429 0.118364 0.0510144 0.0265122 -0.0152205 0.0638248 0.0653088 0.244527 0.126297 0.34274 0.00136948 0.064112 0.0674448 0.0832654 0.131233 0.178524 0.312785 0.475159 0.131849
internal_weight=897.273 369.45 527.822 61.7884 5.30385 5.11748 0.563267 120.856 307.662 77.8748 39.8319 4.64693 4.41354 35.185 4.55421 56.4845 229.787 226.87 1.50495 2.49405 0.625851 38.0429 225.366 210.669 88.9837 25.1864 13.05 3.36647 1.89776 9.68354
internal_count=187363 35334 152029 11504 997 971 107 31068 23830 10186 5023 488 465 4535 864 10507 13644 13401 67 242 55 5163 13334 12193 5432 1558 669 120 88 549
is_linear=0
shrinkage=0.05


Tree=9
num_leaves=31
num_cat=0
split_feature=11 4 11 11 28 4 29 12 12 6 7 7 28 11 12 29 14 13 7 3 12 4 29 10 8 1 3 12 15 10
split_gain=590.542 67.2451 30.6314 20.2408 17.2328 17.0333 21.5405 15.3181 38.7634 37.4799 30.1912 33.9126 14.6293 30.9515 38.432 42.9647 18.5716 28.1977 29.305 14.5824 24.0206 21.8912 23.56 41.8895 22.3265 17.5104 38.0241 23.5721 16.4581 30.614
threshold=0.0030687319254769411 0.0032141422257934574 0.0019746106203827394 0.011251109104070236 -0.012950054453649364 0.0051751446897879355 -0.1691121411899201 0.81519642857142938 0.57392142857142769 0.001216102314373842 0.00029882710380368976 0.00012521064098465254 -0.010396677741313752 0.013741420355131444 1.2220535714285605 -0.53646903855935013 122.50000000000001 281.50000000000006 0.0015108191093730764 -0.092981992160312818 0.45214999999999911 0.0076745804644257265 -0.41626655503930649 0.0058231342428931698 1.4104781982164545 -0.011776576988126173 0.095539152624905546 1.3411006071428588 0.31444919645971586 0.0078705780226131644
decision_type=2 2 2 2 2 2 2 2 2 2 2 2 2 2 2 2 2 2 2 2 2 2 2 2 2 2 2 2 2 2
left_child=2 3 -1 -2 -4 6 12 8 -5 10 11 -10 13 16 15 -15 17 18 -3 20 -7 22 23 -22 28 26 -21 -28 -23 -30
right_child=1 5 4 7 -6 19 -8 -9 9 -11 -12 -13 -14 14 -16 -17 -18 -19 -20 25 21 24 -24 -25 -26 -27 27 -29 29 -31
leaf_value=-0.047329219097963476 -0.017633265204348637 0.17517615142956311 0.083359801496897132 0.019568321282562487 -0.021876181345018345 -0.1615650674528015 0.0087349014227849266 -0.0041270025622671689 0.15187607486965138 0.77347143590013878 0.012336423411398081 1.0535620505312624 0.046373457239865412 1.0179122293592611 0.08354789979919322 0.2264542438932754 -0.013841964611374994 0.0045083078850293914 0.8258293750975032 0.082273359057251375 0.71033690474181044 -0.032549229167637063 0.07254410563773267 0.048824527945631913 0.1443043153487597 0.05465374658150382 0.58070237211646625 0.13114726800559484 -0.030042812152734806 0.15164461011704805
leaf_weight=388.22264306503348 53.251368538010865 0.44094626838341244 4.0267459698952726 2.8493217723444086 114.68951238179579 1.6201397054828728 46.706663815770298 4.1245656912215054 0.24604898039251544 0.36391502898186434 0.79118415061384439 0.18097729329019785 37.314663156168535 0.32718550367280841 0.73793822713196278 0.36030242312699534 2.7172090769745409 0.83554809261113405 0.28484437940642238 45.995541884098202 0.45954977720975909 13.30311474949122 2.3939725058153298 0.49936223775148392 3.1973148277029386 155.33127701282501 0.6243358515202988 0.54711289051920176 5.007298259995876 4.3177710343152285
leaf_count=120961 10518 34 397 396 30671 46 6100 413 29 37 97 14 4473 18 33 25 301 55 18 2323 23 203 108 23 71 9777 16 27 73 83
internal_value=-0.00508188 0.0416177 -0.0405326 -0.00616404 -0.0183067 0.0507603 0.0322463 0.0652187 0.129762 0.328215 0.195204 0.534018 0.0577734 0.13235 0.33414 0.603121 0.0651229 0.202546 0.430532 0.0578807 0.0258272 0.0362322 0.156428 0.365848 0.0206274 0.0627558 0.0894378 0.370742 0.00315214 0.0540836
internal_weight=891.768 384.829 506.939 61.8074 118.716 323.022 89.7253 8.55601 4.43145 1.58213 1.21821 0.427026 43.0186 5.70397 1.42543 0.687488 4.27855 1.56134 0.725791 233.297 30.7985 29.1784 3.35288 0.958912 25.8255 202.498 47.167 1.17145 22.6282 9.32507
internal_count=187363 35334 152029 11504 31068 23830 11057 986 573 177 140 43 4957 484 76 43 408 107 52 12773 630 584 154 46 430 12143 2366 43 359 156
is_linear=0
shrinkage=0.05


Tree=10
num_leaves=31
num_cat=0
split_feature=11 4 13 12 10 2 2 27 27 2 18 15 1 12 11 28 1 4 2 28 7 6 1 27 12 12 11 4 11 13
split_gain=542.128 69.3741 28.0838 42.9286 38.181 64.1135 23.9455 19.9163 49.3316 18.5091 17.5751 21.3495 20.9389 27.0381 23.4183 27.2117 39.0468 62.4479 21.5918 47.6122 49.69 22.0844 18.9948 34.7813 17.8223 19.936 51.1214 46.5312 34.6698 34.6845
threshold=0.0030687319254769411 0.0032141422257934574 242.50000000000003 0.65880714285713859 0.0020642304656003632 -0.00061678395006414799 -0.012558432500725357 1.8133107294883197 2.2405501216909083 -0.027347698859158883 0.0079231938962722216 0.066968867984837033 0.00077762088967836551 0.43174285714285843 0.010582861760285474 -0.008488502898164484 0.0061357501880845442 0.0062260757143488372 0.015862391506695887 0.0012528191159740479 0.0010559662090813295 0.0020211048837207269 0.00071812425953732284 0.97005985411763518 1.2789107142857161 0.76740357142856763 0.0083837064500677533 0.0085432361606982751 0.0049922130223150592 243.50000000000003
decision_type=2 2 2 2 2 2 2 2 2 2 2 2 2 2 2 2 2 2 2 2 2 2 2 2 2 2 2 2 2 2
left_child=2 -2 3 4 5 -1 7 9 -9 -4 11 -3 22 -14 15 16 -15 -18 -17 20 -20 -21 -13 -24 25 28 -27 -28 29 -23
right_child=1 10 6 -5 -6 -7 -8 8 -10 -11 -12 12 13 14 -16 18 17 -19 19 21 -22 24 23 -25 -26 26 27 -29 -30 -31
leaf_value=1.7651444755840737 -0.010875395725270203 0.0060704206942810961 0.5504604071640079 0.78744730920002237 -0.050286844974145109 -0.050196197961591443 -0.042503033338087151 1.259777404650908 -0.050223688426827777 0.016507238599671559 0.11275467003354156 0.062413282802397933 0.00085191980324164347 0.085778113114751184 0.023632674838341795 0.034493655231255867 1.0736530036227288 0.16079915370412312 -0.050879907954656071 0.050794242417361815 0.72589838854100108 0.098082471931044843 0.8190206671306961 -0.05055017095300357 0.044336309317308191 0.15804966013237731 1.0322031678366417 0.27731696999169442 0.031547497963689199 0.6722212093163813
leaf_weight=0.082629138138145208 61.378316240850836 31.982579213101417 0.16564297350123425 0.23870324250310648 1.1555420504882929 0.11823255801573296 476.28080641548149 0.11443067155778486 0.19320270512253046 8.0430239962879533 9.8267065770924074 136.10742696514353 39.339261985383928 1.4532171315513545 53.952298875898123 35.106587002053857 0.31111870147287835 0.47094756923615932 0.31942064501345058 21.079466506373137 0.57919985381886363 0.57594798039644757 0.23000270826741953 0.22997366124764085 3.468806644435972 2.3702224618755285 0.36925422213971604 0.45651387050747871 3.2922356366179883 0.48420096980407834
leaf_count=22 11488 2530 7 37 219 31 150143 18 46 1430 216 10047 3011 103 2566 3504 23 27 24 1301 36 14 26 26 129 117 23 21 171 46
internal_value=-0.00478556 0.0380708 -0.040328 0.169127 0.0603131 0.696586 -0.0410171 0.0420842 0.437059 0.0272819 0.0468549 0.0449054 0.0490429 0.036979 0.0484136 0.067422 0.239082 0.523947 0.0617876 0.0908281 0.449787 0.0807782 0.0634973 0.384263 0.138147 0.181258 0.276083 0.614875 0.111627 0.360308
internal_weight=889.776 403.384 486.392 1.59511 1.3564 0.200862 484.797 8.5163 0.307633 8.20867 342.005 332.179 300.196 163.629 124.289 70.3371 2.23528 0.782066 68.1019 32.9953 0.89862 32.0966 136.567 0.459976 11.0172 7.54838 3.19599 0.825768 4.35238 1.06015
internal_count=187402 35449 151953 309 272 53 151644 1501 64 1437 23961 23745 21215 11116 8105 5539 153 50 5386 1882 60 1822 10099 52 521 392 161 44 231 60
is_linear=0
shrinkage=0.05


Tree=11
num_leaves=31
num_cat=0
split_feature=4 10 10 18 4 28 15 6 1 14 5 8 3 14 15 29 30 12 3 3 12 12 30 12 18 12 14 14 12 15
split_gain=458.675 43.3902 42.6473 27.0664 25.6056 29.2218 42.515 33.0691 24.0131 19.1709 18.5873 19.704 25.4316 17.775 38.9017 17.4279 16.443 24.6043 26.1288 15.9623 15.3171 14.0075 25.5986 13.9542 31.3305 12.9346 18.4713 61.7242 110.925 132.222
threshold=0.0033155983502016497 0.0045054850083006033 0.0026997454925884782 8.4693729387728137e-05 0.0009639217846323366 0.0085341715223841083 0.89847052589295207 0.0004918216035740779 -0.013287956030744062 147.50000000000003 0.0016064495979993649 1.620562042234645 0.0040048964058617695 21.500000000000004 0.82291665380860601 -0.34904842580535539 -12.285951013477616 0.47336428571428063 -0.092981992160312818 -0.071858155509915797 1.8200357142857129 0.60832857142856922 0.44140089026893981 0.60832857142856922 0.0025550271369493825 0.29918928571428854 118.50000000000001 114.50000000000001 0.49083214285714211 0.60805950484629567
decision_type=2 2 2 2 2 2 2 2 2 2 2 2 2 2 2 2 2 2 2 2 2 2 2 2 2 2 2 2 2 2
left_child=2 3 9 8 5 7 -7 -4 10 -1 11 12 -2 14 21 -14 17 18 -3 -18 -12 -6 -23 24 -19 -21 27 -27 29 -29
right_child=1 16 4 -5 13 6 -8 -9 -10 -11 20 -13 15 -15 -16 -17 19 23 -20 25 -22 22 -24 -25 -26 26 -28 28 -30 -31
leaf_value=-0.04330063134773654 0.023746505267947578 -0.28193236244318876 -0.018599960709650861 -0.010205571184625232 -0.050221067650258147 0.83773103328285703 0.12152657321829159 0.89577288571776226 0.024172984024298547 0.44362052693725484 0.017078296649745205 0.59581421879030427 0.13688643203766243 -0.0044602470399493326 1.3692423189091807 0.53208636201103843 0.022250891590730695 0.035699485209677258 -0.01061510270291801 0.021458629395302464 0.25562242583951827 -0.050209419426531302 1.1149615662585015 0.039247850456933041 0.39993973392872029 0.063783724448375073 0.058290118583737754 0.22179547558738114 0.1705894465715686 1.6456379280069342
leaf_weight=429.78080202080309 1.3250824075657872 0.93921882286668079 1.5396303574088954 64.063900495413691 0.38259793748147686 0.33734635589644302 0.53713318379595876 0.10566803580149997 119.40226870286278 0.20224080653861065 4.0347547607962042 0.30891639064066101 0.52384105138480663 38.811696025310084 0.070451102452352643 0.59677260508760788 29.691036740783602 1.7264525005593925 16.07470152201131 17.021136761177331 0.80764991231262673 0.10465872823260725 0.085769475903362036 25.914508616086096 0.89717925200238813 20.441197558306161 103.55678204586729 0.36493093194439907 5.3227680888958275 0.29473652550950646
leaf_count=140043 108 10 277 11643 105 27 21 18 17641 18 291 19 20 7281 20 28 759 106 418 1000 25 27 13 816 31 979 5439 23 175 21
internal_value=-0.00469563 0.0337636 -0.0383756 0.0162911 0.00972995 0.16426 0.397815 0.0401249 0.0296571 -0.0430716 0.115851 0.219546 0.172019 -0.000139013 0.260499 0.347347 0.0487847 0.0219992 -0.0255926 0.0556901 0.0568643 0.124183 0.474587 0.0503726 0.160255 0.0624441 0.0678112 0.105125 0.246384 0.857962
internal_weight=885.266 413.308 471.958 191.063 41.975 2.51978 0.87448 1.6453 126.999 429.983 7.59702 2.75461 2.4457 39.4552 0.643477 1.12061 222.245 45.5521 17.0139 176.693 4.8424 0.573026 0.190428 28.5381 2.62363 147.002 129.98 26.4236 5.98244 0.659667
internal_count=187402 39552 147850 29775 7789 343 48 295 18132 140061 491 175 156 7446 165 48 9777 1381 428 8396 316 145 40 953 137 7637 6637 1198 219 44
is_linear=0
shrinkage=0.05


Tree=12
num_leaves=31
num_cat=0
split_feature=11 4 11 29 12 9 18 18 0 10 12 29 4 29 6 12 14 12 27 9 10 4 11 28 1 27 29 9 10 28
split_gain=455.385 49.6524 24.0143 29.3068 33.5119 68.3864 13.5796 14.4606 17.8347 16.9858 43.4413 16.5488 17.3572 17.5605 23.2921 24.5579 31.4607 15.5623 17.5386 27.8487 34.1008 28.3934 13.94 13.5044 16.1231 13.2244 23.4283 14.5512 12.9857 15.7065
threshold=0.0030188658904252165 0.0032141422257934574 0.0022785642081630613 7.9986432319482921 0.38662857142857332 2.8006281187241853 0.0079231938962722216 0.00010195577605002843 0.0067665910050249698 0.0040749421491824093 1.6849500000000035 -0.62753721961857012 0.010848173456555414 -0.39430296265966341 0.0055983158071880919 0.30692857142857483 77.500000000000014 0.16847857142857112 1.0423070318363408 0.45323573182935034 0.0037619042619234538 0.0044183783530022018 0.0080247131008483619 0.022266347226905653 -0.029454615382575485 0.08662692732367093 3.7274815079933195 1.6268810963547022 0.0039613155434864416 0.007881697085294773
decision_type=2 2 2 2 2 2 2 2 2 2 2 2 2 2 2 2 2 2 2 2 2 2 2 2 2 2 2 2 2 2
left_child=2 28 -1 25 -5 -6 7 11 -9 10 -10 -3 13 14 15 16 -13 -18 19 -19 21 -21 23 24 -14 26 27 -4 -2 -30
right_child=1 6 3 4 5 -7 -8 8 9 -11 -12 12 22 -15 -16 -17 17 18 -20 20 -22 -23 -24 -25 -26 -27 -28 -29 29 -31
leaf_value=-0.044676195509966654 -0.022500277462268143 0.0016304777302162698 -0.013830159246712848 -0.050296751131269427 1.6240122422563879 0.15879372949416332 0.093844845833803078 0.0099102104718318627 0.083548491883784964 0.050570891977228583 0.75308420578630475 0.75348744888663877 0.2197581733524813 0.046473564599222451 0.47511633527845265 0.06793643631549158 -0.050588831192709363 0.047975504836186345 0.083707197757540555 0.46480763074906317 0.21199705894387533 1.3362769334780298 0.0031092304571710958 0.22672531340650137 0.026160094998122801 -0.021256406954164059 0.74334913767645605 0.19564158214196564 -0.0070048074459608803 0.10288212770687427
leaf_weight=382.38222560449503 46.72522728331387 21.851878744084388 2.6947165082674469 0.33152893767692049 0.11945213284343481 0.23890829435549676 10.92539181280881 76.926701008342206 1.1018896265886748 17.678383526392281 0.31054574716836203 0.24866998987272326 1.2147825863212336 160.7123504311312 0.37898347666486998 32.18366051861085 0.6385609756689522 0.44778514979407213 1.095108665525913 0.19411714747548103 0.37986659398302436 0.18025911645963788 34.014767647720873 1.1794667467474944 9.3757402156479621 62.09878476546146 0.12600474501959968 1.1974824464414267 9.1320578136946988 5.0501017533242694
leaf_count=133475 10252 1607 582 71 26 37 216 6268 76 637 13 31 25 11906 14 2178 71 23 88 29 26 19 815 15 287 16914 26 89 1158 428
internal_value=-0.00459558 0.0320598 -0.0398439 -0.0121854 0.312012 0.647194 0.0389281 0.037262 0.0206452 0.0639019 0.230756 0.0433034 0.0470626 0.0535237 0.0852199 0.0810419 0.213496 0.167756 0.228452 0.360322 0.545758 0.884413 0.0193384 0.06624 0.0483667 -0.0155682 0.0723394 0.0506164 -0.00978098 0.0321246
internal_weight=881.135 431.946 449.189 66.8069 0.689889 0.35836 371.039 360.114 96.0175 19.0908 1.41244 264.096 242.244 196.459 35.747 35.368 3.18437 2.9357 2.29714 1.20203 0.754243 0.374376 45.7848 11.77 10.5905 66.117 4.0182 3.8922 60.9074 14.1822
internal_count=187402 36182 151220 17745 134 63 24344 24128 6994 726 89 17134 15527 14385 2479 2465 287 256 185 97 74 48 1142 327 312 17611 697 671 11838 1586
is_linear=0
shrinkage=0.05


Tree=13
num_leaves=31
num_cat=0
split_feature=11 4 11 2 8 13 11 30 30 29 27 18 7 18 4 13 11 27 30 4 29 13 11 10 28 2 4 1 1 4
split_gain=416.527 42.2726 24.0291 15.7595 18.6507 13.8523 27.6612 13.3633 14.0007 20.3438 16.0357 15.207 13.8327 13.5499 12.0838 11.894 15.4317 38.2645 12.9864 27.836 15.1696 13.4369 13.1757 11.7173 12.6776 18.3508 12.6793 11.3518 14.3792 10.8527
threshold=0.0030188658904252165 0.0032141422257934574 0.002072514453776523 -0.010156987494183032 0.28445192228559085 242.50000000000003 0.00244466156930627 0.63601749972386823 0.23688206335660336 -0.24431708657320803 4.3674682279247294 0.0009130897440720883 0.00088332077217411387 0.00085065599837773332 0.0044890040439462724 293.50000000000006 0.0021079283796306028 0.52079710906661847 0.65004799605614216 0.0024171688054306123 1.765231262126461 260.50000000000006 0.0027416605122675556 0.0039613155434864416 0.007881697085294773 0.010693911168535577 0.00027004156580107732 -0.0029697550344297548 -0.0037966109619130823 0.0046415402405115226
decision_type=2 2 2 2 2 2 2 2 2 2 2 2 2 2 2 2 2 2 2 2 2 2 2 2 2 2 2 2 2 2
left_child=2 23 -1 4 -4 6 -5 8 14 11 29 13 -9 -10 -3 16 17 -6 20 -20 -18 -22 -23 -2 -25 -26 -27 28 -14 -11
right_child=1 7 3 5 15 -7 -8 12 9 10 -12 -13 27 -15 -16 -17 18 -19 19 -21 21 22 -24 24 25 26 -28 -29 -30 -31
leaf_value=-0.045578633253257061 -0.021868206775503111 0.0063604702703429702 0.57603108136585524 0.51635224356923215 -0.050193871056513677 -0.026571061528474629 -0.050609723250544837 -0.040230259738664516 0.058957278244750881 0.31884519398630001 0.45671102117208584 0.0033329553104664879 0.064036657795471894 0.36684455205312022 0.03678112120728691 -0.03787809419458471 -0.0078265978772461987 1.5010263621169608 0.81746257786747845 0.060468398211190169 -0.050690198351621696 0.150522847586126 0.52577763021199841 -0.0067011122855467099 0.48295353534564039 0.25309940552051641 0.035452338361061438 0.00068368839194837589 0.34334692184454207 0.048493631153288023
leaf_weight=339.83538224664517 45.698474899400026 38.079419215442613 0.15964252944104274 0.35232746484689315 0.10372214182279815 80.412402316229418 0.55246653547510505 11.372780991485344 73.682546688942239 0.54014184419065658 0.49161676922813047 13.829796372447161 5.0852615770418197 0.35909130098298092 228.71402819873765 3.9186102219391614 4.5665918609593064 0.064461635891348124 0.17269045300781716 0.40919587155804038 0.46528889797627915 0.72840575990267076 0.34457109193317592 9.0702453041449171 0.28120593866333266 0.78813570365309704 4.432800468057394 10.186932657146823 0.50670138606801707 1.1869076858274636
leaf_count=125312 10252 4672 37 39 30 23800 67 987 4917 37 32 1017 350 31 11529 812 885 16 32 49 63 59 19 1158 34 18 376 681 34 57
internal_value=-0.00448116 0.0295116 -0.0394353 -0.0168043 0.0395563 -0.024382 0.170166 0.0356214 0.038194 0.0552364 0.204765 0.0514609 0.0018066 0.0604505 0.0324392 0.0316068 0.0713278 0.544359 0.0594302 0.285127 0.0379178 0.173718 0.271031 -0.0094189 0.0296217 0.0894995 0.0683076 0.032105 0.0893456 0.133047
internal_weight=876.392 444.306 432.086 92.2504 10.9332 81.3172 0.904794 384.035 356.884 90.0901 2.21867 87.8714 27.1517 74.0416 266.793 10.7735 6.85493 0.168184 6.68674 0.581886 6.10486 1.53827 1.07298 60.2709 14.5724 5.50214 5.22094 15.7789 5.59196 1.72705
internal_count=187402 36182 151220 25908 2002 23906 106 24344 22292 6091 126 5965 2052 4948 16201 1965 1153 46 1107 81 1026 141 78 11838 1586 428 394 1065 384 94
is_linear=0
shrinkage=0.05


Tree=14
num_leaves=31
num_cat=0
split_feature=11 4 13 15 28 15 11 11 3 5 13 11 11 3 15 5 8 12 15 27 27 11 9 14 11 3 3 9 14 12
split_gain=383.05 36.7901 21.1339 17.053 32.2251 14.8894 13.1415 12.6583 16.1613 34.6453 11.997 21.4666 19.3351 30.0678 18.6244 16.5694 23.3818 18.7795 13.5936 24.7902 37.2006 20.7839 17.3202 15.6706 14.7215 30.0389 22.7034 13.9242 13.2433 29.7671
threshold=0.0027068129331517424 0.0032141422257934574 242.50000000000003 0.65693428978632651 0.0046540908670698973 0.10714284948977744 0.0018998541256306726 0.0036057560785010814 0.028662458366375935 0.0027896989195563475 266.50000000000006 0.0083837064500677533 0.0043754815984061949 -0.031806887318648662 0.17318435657438183 0.00051392963470325902 0.805973676029207 0.85191785714285584 0.45570621213090462 0.62460922827319609 0.53419853933491279 0.005722898708633288 1.7821472305218256 116.50000000000001 0.006378205716521832 0.0049895675361375522 -0.0078354763112205555 1.2755514447488829 120.50000000000001 0.46256428571428548
decision_type=2 2 2 2 2 2 2 2 2 2 2 2 2 2 2 2 2 2 2 2 2 2 2 2 2 2 2 2 2 2
left_child=2 -2 3 5 -5 -1 -4 8 -3 -10 -9 12 13 14 -12 16 17 -14 -17 20 23 -22 24 27 -21 26 -26 -20 -15 -30
right_child=1 7 6 4 -6 -7 -8 10 9 -11 11 -13 15 28 -16 18 -18 -19 19 22 21 -23 -24 -25 25 -27 -28 -29 29 -31
leaf_value=0.39270270978382488 -0.007902033055596237 0.0019607991592966475 -0.046812775549360183 0.65212655057836733 -0.050849524585119966 -0.050770936500801257 -0.024914413991605211 0.029863101331195435 0.68342426155991565 -0.050494982980138797 0.10842501925664678 -0.026555872272231641 0.43481914667500193 0.0047262830250625193 0.47106112503488329 0.03776219938773074 0.0019502849280312743 0.098549860876240555 -0.07608888251487092 0.047063662327360915 0.6891547094652215 0.24270990167060946 0.25457903232945955 0.31332096552435312 0.1861955953102982 -0.0071663162417049918 0.66160757626562849 0.24357985975862753 0.328807261876573 -0.017722337402139837
leaf_weight=0.22544449241831843 69.788346324348822 42.547821367857978 301.43415723997168 0.35475629824213673 0.30164001951925457 1.1795772677287457 88.662994495360181 292.54582742787898 0.27254630555398662 0.39219055185094476 0.92625721869990474 7.6921418444253495 1.1191983870230608 23.093575517181311 0.57314755348488688 14.341380861122159 0.94151150854304422 0.66005653655156482 1.0706689469516311 14.871077966410672 0.53974891873076536 0.50423512095585465 1.2871697526425112 0.67751864623278368 0.62406655633822095 0.98737766640260805 0.42022353224456233 0.49961182009428728 1.0514915999956422 1.5092053045518694
leaf_count=25 14720 6816 117146 30 38 153 27960 16453 40 50 38 84 42 1783 22 792 66 31 54 665 27 16 35 23 21 33 20 8 72 139
internal_value=-0.00435038 0.0256521 -0.0409918 0.118681 0.329081 0.0203872 -0.0418356 0.0313754 0.00578278 0.250417 0.0343976 0.0524728 0.0617258 0.0294087 0.247043 0.0844928 0.203448 0.310072 0.0754582 0.100624 0.226887 0.473526 0.0777749 0.112337 0.064311 0.190556 0.377502 0.0256192 0.0166888 0.124572
internal_weight=871.095 478.936 392.159 2.06142 0.656396 1.40502 390.097 409.148 43.2126 0.664737 365.935 73.3897 65.6975 27.1537 1.4994 38.5438 2.72077 1.77925 35.8231 21.4817 3.29178 1.04398 18.1899 2.2478 16.9027 2.03167 1.04429 1.57028 25.6543 2.5607
internal_count=187402 42050 145352 246 68 178 145106 27330 6906 90 20424 3971 3887 2054 60 1833 139 73 1694 902 128 43 774 85 739 74 41 62 1994 211
is_linear=0
shrinkage=0.05


Tree=15
num_leaves=31
num_cat=0
split_feature=4 10 4 28 1 13 9 8 9 18 12 8 3 14 10 29 8 10 0 9 9 10 14 3 3 2 3 12 18 2
split_gain=319.678 37.4539 25.8651 17.081 19.191 16.8838 16.2277 22.432 38.0123 15.8039 13.8233 13.5109 13.0354 12.3119 39.5073 11.3966 13.547 11.2476 10.8438 11.4352 15.6363 29.4601 24.6037 22.7849 13.722 10.6393 17.9622 35.3292 13.0607 22.6673
threshold=0.0031805298121727146 0.0039613155434864416 0.0050700265782316909 -0.010396677741313752 0.012630678294978772 312.50000000000006 0.44854502157666637 0.55679261421053872 0.32853439367464365 0.0041986777733574818 0.38662857142857332 0.77596674466084814 -0.092981992160312818 79.500000000000014 0.0048959959941310451 -0.32702119788068273 0.16138762254381045 0.0078705780226131644 -0.0030762291873804855 1.3459764017149987 1.6496305291334525 0.0078705780226131644 110.50000000000001 -0.01472047406286575 -0.071858155509915797 -0.0077908932790349264 0.033394588850732106 0.81519642857142938 0.0018577506856886506 -0.017520343962207693
decision_type=2 2 2 2 2 2 2 2 2 2 2 2 2 2 2 2 2 2 2 2 2 2 2 2 2 2 2 2 2 2
left_child=1 9 3 4 18 13 7 15 -9 10 -1 17 -12 14 -4 -3 -17 -5 -2 -20 21 23 -22 24 -21 26 28 -28 -14 -30
right_child=2 6 5 11 -6 -7 -8 8 -10 -11 12 -13 25 -15 -16 16 -18 -19 19 20 22 -23 -24 -25 -26 -27 27 -29 29 -31
leaf_value=-0.045079774660563135 -0.036299476326275705 0.019228539930523019 -0.050446090609897257 0.030609152011351271 0.4549498266690406 -0.020987663294745523 0.0062628441267866368 0.82309826104772754 0.071722026563573363 0.76112833554880166 0.21938281392336278 -0.010255454596031987 0.0024009267415741413 0.034843881352233201 0.74649331905122152 0.43678375459308549 0.075118098687733559 -0.042537670524111212 0.041595281810896473 0.40271359315189059 0.48824907342653295 0.77822187011604838 -0.021367706647205439 0.6261955258523062 -0.050606923299484442 -0.030275756804809401 0.96346884647815312 -0.050433225797561113 0.95183499046478759 -0.05019093161401679
leaf_weight=286.72152350260876 3.187080002157022 2.827589426189661 0.41140289651229878 45.471416934393346 0.29331488301977415 13.930675552925093 10.37404871243052 0.28584051737561811 0.40942956600338221 0.061626474605872228 0.55168680474162002 85.843508695717901 9.4868641996290481 299.69656004314311 0.2500236239284277 0.40941195609047942 0.70440795877948403 5.9422394922003141 11.153241978026925 0.22023299895226944 0.27815219876356412 0.24116655765101302 1.5945891435258088 0.21992859407328191 0.68979639187455177 82.914470197400078 0.1479223233181991 0.2049701833166182 0.099565397016704082 0.13030241639353413
leaf_count=112499 353 292 69 6426 5 1654 1304 22 59 18 23 17118 2468 14984 10 37 58 533 911 12 37 19 133 14 87 28173 19 32 9 36
internal_value=-0.00332047 -0.0364475 0.0245778 0.00787252 0.0538438 0.0328237 0.0410186 0.118781 0.380629 -0.039505 -0.0396348 0.00188484 -0.0229439 0.0353194 0.250802 0.0725905 0.208057 0.0221551 0.0471531 0.065627 0.148254 0.276548 0.054324 0.169476 0.0590996 -0.0243817 0.0241507 0.374565 0.0114243 0.383829
internal_weight=864.753 395.33 469.423 155.135 17.8775 314.289 15.0107 4.63668 0.69527 380.319 380.257 137.257 93.5358 300.358 0.661427 3.94141 1.11382 51.4137 17.5842 14.3971 3.24387 1.37112 1.87274 1.12996 0.910029 92.9841 10.0696 0.352893 9.71673 0.229868
internal_count=187414 145049 42365 25648 1571 16717 1772 468 81 143277 143259 24077 30760 15063 79 387 95 6959 1566 1213 302 132 170 113 99 30737 2564 51 2513 45
is_linear=0
shrinkage=0.05


Tree=16
num_leaves=31
num_cat=0
split_feature=11 4 11 11 8 13 11 27 27 13 8 12 0 9 3 9 0 5 12 27 27 12 3 12 2 2 29 5 13 9
split_gain=328.875 32.3747 19.1721 17.2474 28.3537 19.3904 18.3698 17.4909 14.0374 13.3736 13.193 17.1738 17.285 13.0489 16.7865 19.4997 12.9549 15.1686 20.0116 12.6986 14.5905 11.2019 56.3197 121.801 19.4843 10.5371 10.1206 22.8499 9.87275 10.5082
threshold=0.0026412217142552045 0.0044183783530022018 0.0017214510113141089 0.012775866391965532 0.19011231177833926 267.50000000000006 0.0045058651626888602 0.13559479618707479 0.071117381859847978 242.50000000000003 0.16138762254381045 0.24177142857142747 0.0032101906148626074 0.88537977492746112 -0.092981992160312818 0.600572720014802 0.001824698606641362 0.00092811910606217806 1.0880428571428535 0.91676344675931964 0.40030588664123767 0.071239285714285019 0.012125267803024033 0.064075000000000534 -0.015750921585750307 -0.019713789902610353 -0.81448766492444369 0.0011109432650845054 329.50000000000006 0.41830078939449433
decision_type=2 2 2 2 2 2 2 2 2 2 2 2 2 2 2 2 2 2 2 2 2 2 2 2 2 2 2 2 2 2
left_child=2 3 -1 5 -5 10 -7 8 -6 19 11 -2 -13 14 15 -9 17 -8 -19 20 -4 22 24 -24 -11 26 27 -12 -3 -30
right_child=1 28 9 4 7 6 16 13 -10 21 25 12 -14 -15 -16 -17 -18 18 -20 -21 -22 -23 23 -25 -26 -27 -28 -29 29 -31
leaf_value=-0.047344836616600501 0.36947871269756372 0.032309144588711286 0.066106700331380649 0.60255550845586969 0.091572175811106632 0.0092507102676080994 0.030281812781008749 0.019473985622487283 0.41013084965952029 0.26475606222738562 0.62966466737304272 -0.02080536746020778 0.48904360824227783 -0.041086954315006016 0.032481444987822357 0.38169077599847556 -0.028555246950384951 0.14372704312410906 0.46801015031541965 -0.050663325110346907 0.49817282561593795 -0.027000538487277584 -0.05013720511027378 2.3445686386086626 -0.050159454832154386 -0.027793775469319455 0.017346336518675502 -0.050376888234920307 0.25360302711955995 -0.036441613242225071
leaf_weight=252.0739538220223 0.47055559558793847 346.84102949989028 0.4270083198789496 0.2295718220993902 0.96482167299837118 42.425988555187359 2.1807294604368499 0.69330169679597264 0.53901628218591213 0.60834252834320146 0.22058793110772867 1.643401008332148 0.18494396959431458 4.8110359832644454 8.9052871246822125 0.80066290823742747 1.6110763917677102 2.7369556454941635 0.57583628688007582 0.54202278610318899 0.36023174179717898 101.46770192030817 0.14579339022748161 0.083516024751588702 2.5502038572449228 70.392357084434479 8.0942304276395571 0.28072425001300871 0.32579927355982263 7.5224316380918026
leaf_count=106970 29 17843 51 19 50 8442 150 32 16 7 39 188 15 379 816 27 69 167 29 64 11 35795 55 28 947 13280 1120 42 15 719
internal_value=-0.00323566 0.0228625 -0.0398377 0.00319854 0.0506643 -0.00294931 0.0217113 0.043084 0.205752 -0.0220164 -0.0179758 0.100098 0.0307678 0.027001 0.0585007 0.213597 0.0961213 0.132685 0.200095 0.135583 0.263815 -0.0240143 0.0654234 0.822031 0.0104939 -0.0214123 0.0308485 0.248856 0.0310543 -0.0244012
internal_weight=860.709 502.45 358.259 147.761 16.9437 130.817 49.5306 16.7141 1.50384 106.185 81.2868 2.2989 1.82834 15.2103 10.3993 1.49396 7.1046 5.49352 3.31279 1.32926 0.78724 104.856 3.38786 0.229309 3.15855 78.9879 8.59554 0.501312 354.689 7.84823
internal_count=187414 43486 143928 24909 1339 23570 8857 1320 66 36958 14713 232 203 1254 875 59 415 346 196 126 62 36832 1037 83 954 14481 1201 81 18577 734
is_linear=0
shrinkage=0.05


Tree=17
num_leaves=31
num_cat=0
split_feature=11 10 11 13 11 2 13 0 0 5 0 11 15 28 3 7 0 1 28 9 14 14 12 12 10 10 12 9 3 11
split_gain=303.836 20.4095 19.0881 14.2215 32.0269 24.3228 13.6824 13.7363 15.7603 13.366 12.2454 22.5512 45.5561 72.1055 14.1507 12.1489 13.2332 18.5916 18.7665 11.8593 11.7268 11.6234 38.4964 23.8362 28.0167 48.7065 29.7917 24.0453 11.2518 37.1251
threshold=0.0026412217142552045 0.0045054850083006033 0.0017214510113141089 266.50000000000006 0.0061321232349386638 -0.027347698859158883 252.50000000000003 0.0067665910050249698 0.0010932717812982553 0.0074246145243607869 -0.0015849078523942348 0.0051529214461012206 0.20521172437903754 0.0017073261881481074 0.043099673233818366 0.0028973359602935994 -0.0010361471454458646 -0.003623069072801743 0.0058569365363788199 1.4270454022819197 98.500000000000014 118.50000000000001 1.2789107142857161 0.3555785714285698 0.0030779654175684614 0.0026997454925884782 0.29918928571428854 0.38594785508311419 0.019328914577563586 0.0041260039536118748
decision_type=2 2 2 2 2 2 2 2 2 2 2 2 2 2 2 2 2 2 2 2 2 2 2 2 2 2 2 2 2 2
left_child=2 3 -1 4 28 20 7 8 15 -9 11 21 -13 -14 -12 -6 17 19 -19 -17 -5 -7 23 24 25 26 -23 -25 -2 -30
right_child=1 -3 -4 5 6 10 -8 9 -10 -11 14 12 13 -15 -16 16 -18 18 -20 -21 -22 22 -24 27 -26 -27 -28 -29 29 -31
leaf_value=-0.047205231353329262 -0.041183921880656026 0.030473118477441448 -0.021597780734379866 0.38155386721151424 0.037261167644299716 0.024272995271993211 -0.0011522145299568303 0.32443960995378451 -0.0072689051447768216 0.062411282720480132 0.0080184734431900991 -0.050959670438394757 0.89366467269135497 0.04173149780998027 0.30069552483638018 0.22771054025065501 0.043808381498628965 0.18019273574254333 0.59739059651717263 -0.027372337323254187 0.090542475573013814 -0.050386502229298386 0.69779799908589579 0.59090207287049101 -0.0508420961803904 1.2528768441617895 0.73551124537389567 -0.050701564898432007 0.18150291877859739 -0.03096165290817586
leaf_weight=240.47166768182069 42.860167482635006 276.46746554737911 104.35284035746008 0.68586449790745863 25.129601748893041 21.160083109978594 45.20176026574336 0.7917090887203807 17.055676677962765 1.2631919514387844 56.042311654891819 0.83912456082180031 0.47605036990717053 0.51930559193715453 0.41605564532801409 0.87086349586024903 3.0678369766101232 0.64798946026712634 0.46154115535318851 0.95570280775427818 0.69897353695705533 0.32777428836561717 0.26716758613474656 0.15584212867543135 0.41853573080152273 0.15342688793316483 0.19077303633093834 2.3188243741169572 2.5849098972976199 10.049492590595035
leaf_count=106970 7658 10959 36958 14 2691 2962 5397 26 1481 36 9534 69 25 26 15 25 125 36 15 26 35 67 31 23 43 19 23 315 371 1439
internal_value=-0.00317361 0.0212582 -0.0394558 0.0104452 0.00124483 0.0268467 0.0188067 0.0367626 0.031364 0.163365 0.0233911 0.0512043 0.220411 0.449187 0.0101753 0.052528 0.116428 0.192306 0.353738 0.0942451 0.234671 0.0387843 0.118908 0.0755266 0.270283 0.470294 0.238744 -0.0102966 -0.0289601 0.0125071
internal_weight=856.903 512.078 344.825 235.611 150.94 84.6701 95.4459 50.2441 48.1892 2.0549 83.2853 26.8269 1.83448 0.995356 56.4584 31.1335 6.00393 2.9361 1.10953 1.82657 1.38484 24.9924 3.83234 3.56518 1.09051 0.671974 0.518547 2.47467 55.4946 12.6344
internal_count=187414 43486 143928 32527 19326 13201 9858 4461 4399 62 13152 3603 120 51 9549 2918 227 102 51 51 49 3483 521 490 152 109 90 338 9468 1810
is_linear=0
shrinkage=0.05


Tree=18
num_leaves=31
num_cat=0
split_feature=11 4 11 11 13 11 13 27 29 2 29 12 3 11 1 15 1 15 3 29 27 3 0 0 13 7 7 11 7 2
split_gain=279.993 25.13 18.5013 14.0765 16.869 13.6852 11.9815 10.1181 14.1078 9.52504 11.9993 16.9139 9.51699 26.88 35.3052 51.1384 23.7294 19.7583 21.0571 14.67 9.33271 10.2391 9.30114 10.4906 8.53018 11.6955 9.68728 19.4275 8.417 24.2243
threshold=0.0026114651320405702 0.0044183783530022018 0.0017214510113141089 0.012775866391965532 267.50000000000006 0.0045058651626888602 242.50000000000003 0.13559479618707479 -0.84337416180440783 -0.019713789902610353 -0.87890229701347566 0.49083214285714211 0.017264609419683333 0.0045058651626888602 -0.00093438675675905347 0.5260057641562802 0.011345652886460724 0.87499987239581911 0.0205114554986261 -0.33255526543660424 0.91676344675931964 -0.0014825941034639076 0.001824698606641362 0.0017037226341077851 329.50000000000006 0.0025070311069974754 0.0032929409096081573 0.0051529214461012206 0.00053204996440628643 0.022154611726444399
decision_type=2 2 2 2 2 2 2 2 2 2 2 2 2 2 2 2 2 2 2 2 2 2 2 2 2 2 2 2 2 2
left_child=2 3 -1 4 9 28 20 -5 -9 10 11 -2 -11 14 15 19 -16 18 -18 -14 21 -4 23 -7 -3 -26 27 -27 29 -6
right_child=1 24 6 7 5 22 -8 8 -10 12 -12 -13 13 -15 16 -17 17 -19 -20 -21 -22 -23 -24 -25 25 26 -28 -29 -30 -31
leaf_value=-0.047059824387850183 0.56315350421025456 0.027694755574867266 0.46379733120962219 0.15418119289787646 0.027819406581525482 0.09098837669532106 -0.023334687835483321 0.2615243214061746 0.021701229699462782 -0.040275646574297871 0.017094810832880353 -0.050608480989663529 -0.050354338714152652 -0.020277726869956582 -0.050386797521652385 1.2770495167713243 0.15389193354516362 -0.05038445093572174 0.66834352939433106 0.56417822997184863 -0.050624680234496011 0.10382240061227735 -0.028470136316063169 0.3759292653947881 -0.056946363852783899 -0.050548371697403505 -0.0059826815560635807 0.48024792287087392 -0.011217831387567805 0.70826070296138532
leaf_weight=229.43291677557863 0.24435395910404523 364.63985064462759 0.29065213911235332 1.8631356200203324 19.755760012194518 6.0156318992376319 98.321375318104401 0.6383626572787805 15.569380752975118 39.37877890910022 8.8605738594196719 0.20762683264911175 0.24081441387534142 27.935283104889095 1.9425760221201955 0.15063786203972995 0.46545308874919988 0.41471981583163142 0.347337048035115 0.16274314327165518 0.49581329943612218 0.61664022062905022 1.6034058558288959 0.34135204320773471 6.1897226506844154 0.32079950626939524 1.053288828814402 0.37261314410716295 25.114708860404789 0.13167224614880879
leaf_count=106970 27 17961 18 68 4126 335 36107 34 1237 8264 1179 22 47 4759 387 20 18 57 29 34 62 40 69 11 663 38 46 6 4768 12
internal_value=-0.00310473 0.0195987 -0.0392446 0.00242024 -0.00319319 0.0187141 -0.0212643 0.043832 0.031147 -0.0176332 0.0299135 0.281209 -0.0238662 -0.00345575 0.122723 0.490914 0.0583562 0.230446 0.373737 0.197469 0.123814 0.219141 0.0791453 0.106289 0.0265786 -0.0247029 0.089557 0.234681 0.00802449 0.0323245
internal_weight=853.118 523.961 329.157 151.384 133.313 52.9625 99.7245 18.0709 16.2077 80.3509 9.31255 0.451981 71.0383 31.6596 3.72428 0.554195 3.17009 1.22751 0.81279 0.403558 1.40311 0.907292 7.96039 6.35698 372.576 7.93642 1.7467 0.693413 45.0021 19.8874
internal_count=187414 44217 143197 25503 24164 9321 36227 1339 1271 14843 1228 49 13615 5351 592 101 491 104 47 81 120 58 415 346 18714 753 90 44 8906 4138
is_linear=0
shrinkage=0.05


end of trees

feature_importances:
volatility_20=60
atr=56
range_pct=39
time_since_open=33
volatility_5=32
returns_10=31
returns_20=29
pressure_ratio=29
volume_ratio_20=28
volume_momentum=28
distance_from_vwap=25
lower_wick=23
price_position=23
volume_ratio=21
time_to_close=19
fvg_size_pct=18
returns=16
body_pct=16
returns_5=15
upper_wick=14
pv_divergence=14
fvg_up=1

parameters:
[boosting: gbdt]
[objective: binary]
[metric: auc]
[tree_learner: serial]
[device_type: cpu]
[data_sample_strategy: bagging]
[data: ]
[valid: ]
[num_iterations: 500]
[learning_rate: 0.05]
[num_leaves: 31]
[num_threads: 0]
[seed: 0]
[deterministic: 0]
[force_col_wise: 0]
[force_row_wise: 0]
[histogram_pool_size: -1]
[max_depth: -1]
[min_data_in_leaf: 20]
[min_sum_hessian_in_leaf: 0.001]
[bagging_fraction: 0.8]
[pos_bagging_fraction: 1]
[neg_bagging_fraction: 1]
[bagging_freq: 5]
[bagging_seed: 3]
[bagging_by_query: 0]
[feature_fraction: 0.8]
[feature_fraction_bynode: 1]
[feature_fraction_seed: 2]
[extra_trees: 0]
[extra_seed: 6]
[early_stopping_round: 0]
[early_stopping_min_delta: 0]
[first_metric_only: 0]
[max_delta_step: 0]
[lambda_l1: 0]
[lambda_l2: 0]
[linear_lambda: 0]
[min_gain_to_split: 0]
[drop_rate: 0.1]
[max_drop: 50]
[skip_drop: 0.5]
[xgboost_dart_mode: 0]
[uniform_drop: 0]
[drop_seed: 4]
[top_rate: 0.2]
[other_rate: 0.1]
[min_data_per_group: 100]
[max_cat_threshold: 32]
[cat_l2: 10]
[cat_smooth: 10]
[max_cat_to_onehot: 4]
[top_k: 20]
[monotone_constraints: ]
[monotone_constraints_method: basic]
[monotone_penalty: 0]
[feature_contri: ]
[forcedsplits_filename: ]
[refit_decay_rate: 0.9]
[cegb_tradeoff: 1]
[cegb_penalty_split: 0]
[cegb_penalty_feature_lazy: ]
[cegb_penalty_feature_coupled: ]
[path_smooth: 0]
[interaction_constraints: ]
[verbosity: -1]
[saved_feature_importance_type: 0]
[use_quantized_grad: 0]
[num_grad_quant_bins: 4]
[quant_train_renew_leaf: 0]
[stochastic_rounding: 1]
[linear_tree: 0]
[max_bin: 255]
[max_bin_by_feature: ]
[min_data_in_bin: 3]
[bin_construct_sample_cnt: 200000]
[data_random_seed: 1]
[is_enable_sparse: 1]
[enable_bundle: 1]
[use_missing: 1]
[zero_as_missing: 0]
[feature_pre_filter: 1]
[pre_partition: 0]
[two_round: 0]
[header: 0]
[label_column: ]
[weight_column: ]
[group_column: ]
[ignore_column: ]
[categorical_feature: ]
[forcedbins_filename: ]
[precise_float_parser: 0]
[parser_config_file: ]
[objective_seed: 5]
[num_class: 1]
[is_unbalance: 0]
[scale_pos_weight: 1]
[sigmoid: 1]
[boost_from_average: 1]
[reg_sqrt: 0]
[alpha: 0.9]
[fair_c: 1]
[poisson_max_delta_step: 0.7]
[tweedie_variance_power: 1.5]
[lambdarank_truncation_level: 30]
[lambdarank_norm: 1]
[label_gain: ]
[lambdarank_position_bias_regularization: 0]
[eval_at: ]
[multi_error_top_k: 1]
[auc_mu_weights: ]
[num_machines: 1]
[local_listen_port: 12400]
[time_out: 120]
[machine_list_filename: ]
[machines: ]
[gpu_platform_id: -1]
[gpu_device_id: -1]
[gpu_use_dp: 0]
[num_gpu: 1]

end of parameters

pandas_categorical:[]
