tree
version=v4
num_class=1
num_tree_per_iteration=1
label_index=0
max_feature_idx=30
objective=binary sigmoid:1
feature_names=returns returns_5 returns_10 returns_20 range_pct body_pct upper_wick lower_wick volume_ratio volume_ratio_20 volatility_5 volatility_20 atr time_since_open time_to_close price_position fvg_up fvg_down fvg_size_pct displacement_up displacement_down order_block_bull order_block_bear liquidity_grab_high liquidity_grab_low bos_up bos_down pressure_ratio distance_from_vwap volume_momentum pv_divergence
feature_infos=[-0.072086870962801752:0.03817018459954391] [-0.41097373883223542:0.21353517364203034] [-0.41734447874186054:0.21396757527169075] [-0.42302138796137534:0.22702991452991461] [0:0.10313391280727956] [0:0.077684829301379155] [0:0.032373663751214851] [0:0.097650414233328847] [0.006973727368629455:4.8450409322601127] [0.0054206996809179047:18.087455809607512] [1.9528239969586537e-05:0.18715918564497872] [0.00011583433358019584:0.093004821541031846] [0.0093857142857134736:14.285721428571435] [241:383] [7:149] [0:0.99999999949974983] [0:1] [0:1] [0:0.074971738638932917] [0:1] [0:1] [0:1] [0:1] [0:1] [0:1] [0:1] [0:1] [0:25978520] [-0.20361475155195896:0.10174171672467372] [-0.99903813714441581:1084.6737967914439] [-1084.879243123441:1.0054270341910052]
tree_sizes=3385 3394 3407 3412 3439 3426 3438 3443 3454 3429 3458 3455 3482 3465 3443 3435 3441 3470 3433 3458 3473 3486 3446

Tree=0
num_leaves=31
num_cat=0
split_feature=4 3 10 28 28 2 13 12 8 11 0 4 11 2 13 10 6 11 12 10 29 28 10 7 28 15 29 4 4 8
split_gain=5668.07 2464.91 870.883 743.717 579.73 711.628 870.593 592.388 561.177 549.584 478.145 346.386 314.507 270.492 252.063 322.345 251.917 332.459 205.193 187.243 263.419 450.419 184.692 183.966 152.981 151.134 149.53 164.4 164.753 147.398
threshold=0.0070882721694686965 -0.060732164814790872 0.0033668816876227846 -0.024390147189483891 -0.024390147189483891 0.022154611726444399 253.50000000000003 0.78186785714285134 0.96247087118349672 0.005722898708633288 -0.00095178419885588717 0.010848173456555414 0.016284612047473956 -0.052436852071216448 242.50000000000003 0.0069604162755077291 0.0023831196176748253 0.018192519933042477 1.4893785714285723 0.021239571451079974 9.6386330129864994 0.010403203450538081 0.0078705780226131644 0.0011417662387197267 0.022266347226905653 0.81848063330483256 5.9793980623940559 0.0044183783530022018 0.0056351041504052552 0.46211261436703349
decision_type=2 2 2 2 2 2 2 2 2 2 2 2 2 2 2 2 2 2 2 2 2 2 2 2 2 2 2 2 2 2
left_child=2 4 -1 13 7 29 -7 -2 10 -3 23 24 -5 14 -4 -16 -10 -18 -12 -13 21 -21 -14 -9 -11 -26 27 -24 -29 -6
right_child=1 9 3 12 5 6 -8 8 16 11 18 19 22 -15 15 -17 17 -19 -20 20 -22 -23 26 -25 25 -27 -28 28 -30 -31
leaf_value=-5.2856841596064603 -4.4533941914667148 -5.062717770805655 -4.4973742398442003 -5.1486267050506687 -2.8278916034349662 1.5059023636821394 -4.2305619463541415 -1.4557140940575199 -4.3682715171877176 -4.8428483250404915 1.4258586756351361 -4.514597683478323 -4.873604824039961 -4.611722365625651 -4.4246072507105501 -1.2104738583389869 -0.28638021650109291 -3.4506490884601151 -1.2340546502350129 -4.1509164856108356 -4.325128328856942 -1.2770119067897507 -5.2978111203143801 -3.9256336109369308 -2.7364131028098191 -4.46586097683356 -4.9665958594301678 -1.8894992421832937 -3.8570247354680531 -4.287503594355063
leaf_weight=869.96241544559598 0.47369964700192202 13.398932872340081 0.18739766255021095 62.674107141792774 0.18219217192381609 0.12493177503347386 0.14054824691265821 0.15616471879184246 0.32274041883647442 11.759203325025737 0.15616471879184224 4.5964482231065622 3.3002810571342698 0.51013808138668426 0.11452079378068447 0.24465805944055319 0.11972628440707922 0.27068551257252693 0.13534275628626347 0.34876787196844805 1.2337012784555552 0.22383609693497419 0.11452079378068436 0.14575373753905296 0.15616471879184324 0.66109730955213308 0.30191845633089542 0.16137020941823721 0.31232943758368492 3.4148018509149551
leaf_count=167124 91 2574 36 12040 35 24 27 30 62 2259 30 883 634 98 22 47 23 52 26 67 237 43 22 28 30 127 58 31 60 656
internal_value=-5.24796 -4.64948 -5.27222 -5.09979 -3.68512 -4.02919 -1.53105 -2.93863 -2.38945 -4.81755 -1.2535 -4.64446 -5.12059 -3.78368 -3.01085 -2.23527 -3.3347 -2.48027 0.190899 -4.3451 -3.91377 -3.02748 -4.70121 -2.64809 -4.79688 -4.13539 -4.06205 -3.59777 -3.18677 -4.21357
internal_weight=975.905 38.0209 937.884 67.9212 5.64275 3.86247 0.26548 1.78028 1.30658 32.3782 0.593426 18.9792 66.8645 1.05671 0.546577 0.359179 0.713152 0.390412 0.291507 6.40275 1.80631 0.572604 4.19042 0.301918 12.5765 0.817262 0.890139 0.58822 0.4737 3.59699
internal_count=187476 7304 180172 13048 1084 742 51 342 251 6220 114 3646 12845 203 105 69 137 75 56 1230 347 110 805 58 2416 157 171 113 91 691
is_linear=0
shrinkage=1


Tree=1
num_leaves=31
num_cat=0
split_feature=13 6 5 3 13 3 13 1 7 13 3 29 28 28 6 7 7 1 27 9 27 1 12 8 5 5 13 8 27 13
split_gain=1152.92 312.201 382.227 207.099 177.461 485.168 247.688 169.005 117.667 115.485 228.843 96.7825 77.4604 285.111 108.508 90.6194 72.1156 89.4237 71.2184 98.1981 152.108 67.8306 105.092 60.1142 58.6424 98.7384 57.7508 89.6921 104.085 71.1471
threshold=269.50000000000006 0.0016647305127225861 0.0039469041367276329 -0.029040389991455248 263.50000000000006 0.017264609419683333 265.50000000000006 0.0034091292660624055 0.0030722383770440949 265.50000000000006 0.012125267803024033 -0.075893085553867298 -0.024390147189483891 -0.011053214601388682 0.003265345973926925 0.0021011985126172736 0.0013612085968984541 0.0046570743144798152 0.37128706050172156 1.6496305291334525 0.16970248587631998 -0.0077757311731163617 2.6590642857142881 1.1235848800696868 0.0018065729806516465 0.0020246535313720058 267.50000000000006 0.88593563054692726 0.42247101349729005 268.50000000000006
decision_type=2 2 2 2 2 2 2 2 2 2 2 2 2 2 2 2 2 2 2 2 2 2 2 2 2 2 2 2 2 2
left_child=1 2 8 -2 12 26 7 -7 -1 -10 -11 -8 -3 15 -15 16 17 24 19 -17 -21 22 -5 -20 -14 -26 -6 28 -28 -30
right_child=3 4 -4 21 5 6 11 -9 9 10 -12 -13 13 14 -16 18 -18 -19 23 20 -22 -23 -24 -25 25 -27 27 -29 29 -31
leaf_value=-0.0038154484291565705 0.30020254389721113 0.064293798019436826 0.17142953768483871 0.045161582669770696 0.093529602364549144 3.6854359527617073 1.6907815335620713 1.5283669565772025 0.14155737081433778 0.15628960940891512 2.8112990186314692 0.15003042005324549 0.1054938060498081 0.075185303148437854 0.23944079418937783 0.40934687622006233 -0.009731902581549606 1.6353562882724928 0.67494776120503364 0.72995179969471569 2.2600158142777547 -0.040739975241029722 1.023058295555473 0.042235181651285564 1.6656087948283838 0.43723457065251603 2.2313477537854087 0.15544633481584394 1.3127502250328245 -0.050269143048358937
leaf_weight=131.28943222900853 4.5406763362698248 18.878049260005355 48.492304258048534 16.241789408959452 2.433673609513789 0.17399405222386111 0.17230468150228262 0.18992362590506673 9.5450760805979336 0.24123989418149072 0.12230947753414512 0.24952176073566079 1.278408954385666 28.973125594202429 15.398207775317131 0.43319751415401719 1.2042635832913218 0.14829412987455715 1.23885629652068 0.38436550227925181 0.2813167255371809 735.63077641138807 0.27946981182321806 0.53862863685935725 0.17475385498255525 2.5615174518898129 0.13148568663746096 0.7291107433848083 0.18341274000704288 0.20028961356729269
leaf_count=24509 430 327 4977 3066 444 29 29 22 1090 36 22 39 205 3998 1436 42 134 18 99 39 30 145837 39 51 23 275 25 134 33 38
internal_value=-0.0049969 0.0846179 0.0503179 -0.0364574 0.170277 0.476136 1.60393 2.55969 0.00872391 0.174871 1.04952 0.779386 0.151181 0.182355 0.132187 0.452387 0.331029 0.429605 0.678839 0.995265 1.37656 -0.0384898 0.0617035 0.483218 0.385067 0.515686 0.235199 0.512284 1.01729 0.601265
internal_weight=1022.34 265.647 189.69 756.693 75.9567 4.46372 0.785744 0.363918 141.198 9.90863 0.363549 0.421826 71.493 52.6149 44.3713 8.2436 5.36724 4.16297 2.87636 1.09888 0.665682 752.152 16.5213 1.77748 4.01468 2.73627 3.67797 1.2443 0.515188 0.383702
internal_count=187476 38104 30634 149372 7470 793 119 51 25657 1148 58 68 6677 6350 5434 916 655 521 261 111 69 148942 3105 150 503 298 674 230 96 71
is_linear=0
shrinkage=0.05


Tree=2
num_leaves=31
num_cat=0
split_feature=10 6 10 7 28 10 6 28 28 12 15 10 9 27 29 8 12 6 8 28 13 12 12 6 27 28 27 28 1 29
split_gain=1520.52 102.701 88.4832 59.323 53.8828 81.3051 82.5726 52.5151 117.76 49.1393 47.0368 39.1823 69.4259 171.718 150.445 54.9573 120.204 49.114 49.5765 49.4746 47.1761 39.1661 35.787 35.355 50.9092 82.7202 34.5886 52.2201 61.3441 71.3288
threshold=0.0031822810311430342 0.0015678431153701227 0.0046902951481643815 0.00262419977997849 -0.014289510616487451 0.0033001984524636059 0.0014785003616332125 -0.024390147189483891 -0.012950054453649364 0.44678571428571551 0.91237260938516218 0.006282031336008331 0.91958735503312927 0.78933054013817827 -0.028724864525146162 0.88210764496138472 1.0506107142857197 6.8472046367297471e-05 0.79852821744518854 -0.016164212103059263 280.50000000000006 0.38250357142857594 0.38662857142857332 0.0028604925028821045 2.3991739197209712 0.0081843865344281772 1.0674733199640116 -0.0081394185827355948 0.0047834979253629237 -0.27227606800382737
decision_type=2 2 2 2 2 2 2 2 2 2 2 2 2 2 2 2 2 2 2 2 2 2 2 2 2 2 2 2 2 2
left_child=1 3 4 -1 5 6 -2 -4 9 -9 -3 12 20 15 -15 16 -14 18 19 -13 -11 23 -23 -10 -25 -26 -24 28 -28 -30
right_child=2 10 7 -5 -6 -7 -8 8 21 11 -12 17 13 14 -16 -17 -18 -19 -20 -21 -22 22 26 24 25 -27 27 -29 29 -31
leaf_value=-0.042208743545409218 0.14968602344026311 0.032987394213459108 0.084463811513421833 0.085838929265233441 0.057345270311652312 0.15643552056109872 1.4058425743667948 0.097075287869874807 0.019059780704096696 0.0070214697782274016 0.8956706644229524 1.5400049900738475 0.14912475125450872 0.61260780479481081 2.4490313138384106 0.19502398155798026 1.826832529265136 0.24021529196795025 0.30499630600568517 0.4516634239252148 0.97991651394831836 0.74187229504383712 0.10831456666500579 0.045442527480045021 1.1457535160750809 0.17725303904100306 0.2806794880960774 0.16173361213888665 0.34261860501537139 1.5805369749890941
leaf_weight=759.00557252531871 0.24988367687910695 46.217774164397269 34.002851521130651 9.1543256631121022 67.344786080997437 5.6299443701282144 0.27457585697993636 3.0400574957020607 11.486838221549986 0.86442970577627354 0.15854865871369739 0.22005949541926384 0.24985169991850842 0.22614403674378991 0.22003956651315082 1.015295462682843 0.18642612639814615 9.5519080585800094 0.56238393532112241 0.19871594058349629 0.14558959240093827 0.25243048882111807 33.459132909309119 1.5234200973063701 0.33438391843810666 0.64717928459867835 2.2594530866481359 35.743676269892603 0.254259392619133 0.21456056972965587
leaf_count=156369 36 8133 603 1516 10464 531 25 318 1647 91 23 27 23 22 24 96 19 535 51 15 21 34 3078 137 39 51 223 3281 25 19
internal_value=-0.00538274 -0.0363204 0.114526 -0.0406828 0.0702871 0.211903 0.807335 0.138319 0.156158 0.278613 0.0359367 0.319673 0.482153 0.660388 1.51826 0.396697 0.866027 0.274819 0.611695 1.02357 0.14726 0.132738 0.147579 0.0561757 0.226374 0.507187 0.145493 0.177828 0.388677 0.909165
internal_weight=1024.69 814.536 210.158 768.16 73.4992 6.1544 0.52446 136.659 102.656 16.4809 46.3763 13.4408 2.90778 1.89776 0.446184 1.45157 0.436278 10.5331 0.981159 0.418775 1.01002 86.1753 72.1835 13.9918 2.50498 0.981563 71.9311 38.4719 2.72827 0.46882
internal_count=187476 166041 21435 157885 11056 592 61 10379 9776 1242 8156 924 296 184 46 138 42 628 93 42 112 8534 6660 1874 227 90 6626 3548 267 44
is_linear=0
shrinkage=0.05


Tree=3
num_leaves=31
num_cat=0
split_feature=11 4 13 14 11 12 16 2 13 7 4 8 4 15 15 11 30 4 15 27 11 15 13 6 30 12 30 27 4 30
split_gain=1390.66 212.976 139.43 59.2604 57.0037 54.2148 37.525 50.4571 37.5145 53.7801 143.495 181.059 43.7868 43.7447 95.7206 36.3954 36.3591 81.039 77.3186 35.1989 92.825 34.6641 30.4802 77.388 54.6368 28.89 27.1899 27.4801 26.8983 25.9633
threshold=0.0036987585791874631 0.0055130817899250164 263.50000000000006 120.50000000000001 0.0023702366230750004 0.20927857142857045 1.0000000180025095e-35 -0.071085338514563709 265.50000000000006 0.0012232149980056033 0.0043516340662658037 0.62804077905416944 0.003538570417551293 0.59463000448555825 0.71428561224498521 0.018192519933042477 0.75034027639292156 0.0033155983502016497 0.49589729939796606 285364.50000000006 0.0059072019205743042 0.041666664930547305 244.50000000000003 0.0035571861286572432 -12.285951013477616 0.22640357142857229 0.86022793913400741 0.97005985411763518 0.0033856123355381468 -9.5815316030815705
decision_type=2 2 2 2 2 2 2 2 2 2 2 2 2 2 2 2 2 2 2 2 2 2 2 2 2 2 2 2 2 2
left_child=4 2 15 16 22 -5 7 -3 -7 13 11 -11 -13 -10 -15 28 -4 -18 -19 26 -21 -17 23 24 -1 -23 -9 -28 -2 -8
right_child=1 6 3 5 -6 8 29 19 9 10 -12 12 -14 14 -16 21 17 18 -20 20 -22 25 -24 -25 -26 -27 27 -29 -30 -31
leaf_value=0.99380544128029902 -0.021226298592509598 0.077531390936421057 0.069733027247407237 1.018856755920742 -0.0082239750069331204 0.1275477403968413 0.20808886161359103 0.15057811242196253 0.045271612611448839 2.2245373794813119 0.16636196134317424 -0.050263316383504057 0.95800471978870216 1.2846284940280266 0.12753831408364141 0.66680899594149246 0.04855053615735011 0.33581495109046228 2.1155475457582535 1.2408622188053793 0.16327881441351955 0.68632356089787327 -0.046916354951847282 1.2054107989638094 -0.021216819328452471 0.082318832604933834 0.85564113599709557 0.14029210545255386 0.034244623735333511 0.047005115173979581
leaf_weight=0.14365957304835331 44.346470675896853 25.963871656451374 11.247334868181497 0.23379144864156742 116.32817772729322 3.5489073870703578 2.8922870149835971 105.89917097240686 1.5601880885660655 0.24173188442364313 0.91216460196301341 0.19037332059815526 0.24789108475670218 0.26211992185562838 0.56185796624049544 0.27865344379097123 0.45960138970986086 0.12948091747239232 0.11542910849675536 0.27078369911759981 0.76290538860484958 0.20353067526593793 632.77042064303532 0.15926097147166718 1.7188383680768302 7.2507512355223298 0.27557508647441764 0.26178888464346528 43.088260494172573 18.51278373459354
leaf_count=23 8431 532 2030 35 22261 332 205 7836 195 35 68 37 39 34 92 28 47 21 21 26 61 30 136138 21 292 592 19 25 6470 1500
internal_value=-0.0054301 0.091957 0.0403746 0.161412 -0.0404006 0.269013 0.130227 0.140086 0.245717 0.351184 0.5762 1.12597 0.520033 0.200916 0.495626 0.0153056 0.0915592 0.440009 1.17462 0.155198 0.445561 0.119278 -0.0462971 0.147533 0.0570746 0.0988105 0.152378 0.507143 0.00611004 0.068771
internal_weight=1020.84 269.718 114.879 19.7109 751.12 7.75903 154.839 133.434 7.52523 3.97633 1.59216 0.679996 0.438264 2.38417 0.823978 95.1677 11.9518 0.704511 0.24491 107.47 1.03369 7.73294 634.792 2.02176 1.8625 7.45428 106.437 0.537364 87.4347 21.4051
internal_count=187476 28741 18537 2986 158735 867 10204 8499 832 500 179 111 76 321 126 15551 2119 89 42 7967 87 650 136474 336 315 622 7880 44 14901 1705
is_linear=0
shrinkage=0.05


Tree=4
num_leaves=31
num_cat=0
split_feature=11 4 13 10 11 11 2 2 11 0 29 2 12 29 0 10 13 10 15 18 11 11 13 15 12 10 1 27 0 14
split_gain=1192.59 169.795 76.7726 72.6879 51.8616 40.0108 45.7021 31.9833 27.0444 28.233 24.6621 52.9552 64.9242 31.0721 27.1399 28.6125 23.5341 27.0538 32.0165 23.7402 23.1016 43.8232 61.9189 75.2167 98.6652 76.2502 41.5944 47.2206 28.261 27.9708
threshold=0.0036057560785010814 0.0055130817899250164 263.50000000000006 0.0031822810311430342 0.0023702366230750004 0.0042579352982579357 0.022154611726444399 0.011234771022262004 0.0068485112344272335 -0.00059919659666607384 -0.41078358906682688 -0.0024002863500687806 0.7016285714285696 -0.52486390958976037 0.0035116568440850542 0.0015590848923748091 244.50000000000003 0.0018900422367827566 0.5260057641562802 0.0029721924491034591 0.006378205716521832 0.0049922130223150592 283.50000000000006 0.66836734011869914 0.81519642857142938 0.0048959959941310451 -0.0091542809996645307 3.7000493268115462 -0.00016175994823680592 118.50000000000001
decision_type=2 2 2 2 2 2 2 2 2 2 2 2 2 2 2 2 2 2 2 2 2 2 2 2 2 2 2 2 2 2
left_child=4 2 3 -2 16 6 -4 8 9 -7 11 -11 13 -13 15 -12 17 18 -1 -19 21 26 29 24 28 -26 27 -3 -24 -23
right_child=1 20 5 -5 -6 7 -8 -9 -10 10 14 12 -14 -15 -16 -17 -18 19 -20 -21 -22 22 23 -25 25 -27 -28 -29 -30 -31
leaf_value=0.74483596314784817 -0.027723386008301189 0.19401365243497515 0.034899411078377338 0.058627717204131513 -0.008949987707541877 0.08138328939310617 0.88357998790660064 -0.02444634403850883 0.52384196367093716 0.14309695467841896 0.7443414387352747 0.12751474331030271 1.0919913871281186 0.82001273197499747 0.64298744547771669 0.11467772340932791 -0.046747659611364935 -0.024296973951344746 -0.050627005759925507 0.63968784578867766 0.10117738905022014 -0.050858922271649447 0.13370798380345758 0.071996886596210383 1.8097352641241207 0.58030626601317503 0.054533659487924671 0.99821204149788356 0.72514457395498544 0.18869450415994427
leaf_weight=0.31422318983823005 51.019392399117351 4.2686611711978939 12.827857209835202 46.657832430209965 111.12660263013095 4.4757860149256867 0.16061696968972761 1.887649250216781 0.60071529913693744 1.2740144268609586 0.18862473778426725 0.55128842080011964 0.43724596314132214 0.22938398644327829 0.28840326145291317 4.1463196710683405 604.02786459121853 1.9048962881788614 0.2117307516746223 0.14485689578577865 136.26946005783975 1.335654236376288 0.54281684290617715 0.8155018351972102 0.26869118819013238 0.23767695249989629 15.044847568031399 0.19068877724930633 0.32167708408087414 13.897180391475557
leaf_count=32 10207 391 1889 5548 21502 501 27 246 39 97 25 55 38 19 39 383 136138 261 27 16 6738 149 61 86 21 19 1732 19 26 1145
internal_value=-0.00544406 0.0786486 0.0341729 0.0135243 -0.0403519 0.108686 0.0453943 0.167073 0.196726 0.179773 0.241663 0.368458 0.604198 0.330991 0.173323 0.142076 -0.0461045 0.104711 0.42461 0.0226271 0.110683 0.145764 0.203404 0.45223 0.678425 1.23267 0.0942862 0.228402 0.353781 0.16769
internal_weight=1015.67 297.938 124.745 97.6772 717.73 27.0679 12.9885 14.0794 12.1918 11.5911 7.11528 2.49193 1.21792 0.780672 4.62335 4.33494 606.604 2.57571 0.525954 2.04975 173.193 36.9234 17.4192 2.18636 1.37086 0.506368 19.5042 4.45935 0.864494 15.2328
internal_count=187476 29500 19113 15755 157976 3358 1916 1442 1196 1157 656 209 112 74 447 408 136474 336 59 277 10387 3649 1507 213 127 40 2142 410 87 1294
is_linear=0
shrinkage=0.05


Tree=5
num_leaves=31
num_cat=0
split_feature=11 4 13 10 11 12 13 13 11 10 8 11 2 10 13 2 11 9 9 2 12 5 11 27 6 9 10 27 9 11
split_gain=1103.27 141.396 52.2111 63.0571 46.0274 42.1262 68.6755 40.9244 34.1266 50.7569 32.6993 29.7059 46.0744 27.5875 49.7756 74.977 40.1788 25.4504 76.7835 20.5523 36.4068 20.4114 53.4934 19.847 32.3285 20.0105 30.7421 35.669 54.6403 45.7765
threshold=0.0035146581939047091 0.0056351041504052552 265.50000000000006 0.0030779654175684614 0.0023702366230750004 1.2220535714285605 355.50000000000006 270.50000000000006 0.0051529214461012206 0.0027747813922435471 1.860287636411657 0.027917342130504192 0.0022215169787368487 0.001731434693861655 277.50000000000006 0.0012535658774639471 0.014966609327632982 0.31341875201627561 0.26232847177178259 0.050671037103841028 0.30982142857142952 0.0030770699456222229 0.0026114651320405702 720322.50000000012 0.0017382614626713303 0.88537977492746112 0.0078705780226131644 2.8420350303315609 1.0398894055944152 0.012003052131057358
decision_type=2 2 2 2 2 2 2 2 2 2 2 2 2 2 2 2 2 2 2 2 2 2 2 2 2 2 2 2 2 2
left_child=4 2 3 11 -1 -6 10 8 17 -10 21 -2 -13 14 16 -16 -3 18 -4 -5 -21 -7 -23 25 -25 -15 -27 -28 29 -29
right_child=1 13 7 19 5 6 -8 -9 9 -11 -12 12 -14 23 15 -17 -18 -19 -20 20 -22 22 -24 24 -26 26 27 28 -30 -31
leaf_value=-0.045991655227513584 -0.025417202205759881 0.038333358890629859 -0.051446733387403604 0.045772154683982359 -0.01776368922552047 0.020853078530745726 1.3946993869877935 0.050264620945788485 0.78035613446390983 0.19691923690579882 0.74434220837135523 -0.050273460501345069 1.2639723271116345 0.12485374675174117 1.4717235046893711 -0.050570579195871879 0.73344525071491551 0.10717156318813192 1.0847077979505892 0.75266465671192861 0.1259132830379292 1.0361726704902603 0.11959702100036136 0.093465029562196225 0.48795899040920149 0.059593993396459377 0.088490545649886954 0.19640586829015516 0.14976867356888629 0.95154277783912156
leaf_weight=579.70137193519622 51.489796679466963 1.1241309968754638 0.34034736640751528 53.621551332063973 99.770890983287245 4.2144355247728518 0.10380864888429631 18.269277202431113 0.54085957072675217 1.1995137324556706 0.18876750348135818 0.16042390186339517 0.11413218593224883 45.733642585109919 0.19708210229873646 0.13719068607315421 0.25505468435585488 7.1924916715361178 0.26410107826814055 0.24903029855340664 3.3300448316149414 0.18408233392983664 1.176988980732858 1.3258361699990922 0.85374563233926881 59.436870553065091 59.299079516902566 0.40396172925830143 17.606585816480219 0.39884163346141577
leaf_count=136435 10229 128 28 6053 19643 791 20 2708 36 59 34 30 20 2925 24 16 23 583 21 34 278 34 200 60 39 3961 2183 24 725 19
internal_value=-0.00453476 0.0715638 0.0329377 0.0173319 -0.0404603 -0.0101063 0.120087 0.0940914 0.178044 0.378235 0.0971323 -0.0226513 0.496055 0.0998493 0.299554 0.846951 0.166881 0.133359 0.444972 0.0535153 0.169522 0.07522 0.243562 0.0980003 0.247989 0.0962127 0.0866618 0.107365 0.168163 0.571566
internal_weight=1008.88 323.544 136.772 108.965 685.34 105.639 5.86808 27.8066 9.53731 1.74037 5.76427 51.7644 0.274556 186.772 1.71346 0.334273 1.37919 7.79694 0.604448 57.2006 3.57908 5.57551 1.36107 185.059 2.17958 182.879 137.145 77.7085 18.4094 0.802803
internal_count=187363 30206 20079 16644 157157 20722 1079 3435 727 95 1059 10279 50 10127 191 40 151 632 49 6365 312 1025 234 9936 99 9837 6912 2951 768 43
is_linear=0
shrinkage=0.05


Tree=6
num_leaves=31
num_cat=0
split_feature=4 10 4 18 18 28 10 6 3 8 8 29 13 10 2 29 15 4 14 18 15 24 6 29 2 28 4 12 7 5
split_gain=897.92 99.3413 81.0629 38.6799 25.0858 29.669 27.9532 24.4861 29.5568 25.9645 25.5223 23.7639 31.5465 26.0128 31.8786 36.2573 86.7727 30.1896 88.9002 25.4605 28.6328 24.2054 45.8123 45.2528 34.087 23.4046 103.971 22.1397 38.7212 67.7162
threshold=0.0041620363132469224 0.0024024795288486115 0.0062260757143488372 0.00022636416460997753 0.00065833868251345261 -0.024390147189483891 0.0078705780226131644 0.0012732091510746816 -0.052939717261276879 0.66181045547669781 1.2016053096694066 0.44512833203434149 261.50000000000006 0.0035888838146235958 -0.014469518913674704 0.16619528946911435 0.27555162778187448 0.0068381972663748708 136.50000000000003 0.00017565945502070511 0.84615371597634215 1.0000000180025095e-35 0.0025960888583232856 0.029182588758628895 0.0023821857202620538 0.022266347226905653 0.0017547750045987388 0.89375714285714036 0.0024108345384393176 0.0009383063570255211
decision_type=2 2 2 2 2 2 2 2 2 2 2 2 2 2 2 2 2 2 2 2 2 2 2 2 2 2 2 2 2 2
left_child=1 -1 3 -2 5 -4 -6 8 9 -8 -11 13 -13 14 15 17 -17 18 -7 21 -21 -16 23 -23 -25 27 -27 -3 -29 -30
right_child=2 25 4 -5 6 11 7 -9 -10 10 -12 12 -14 -15 19 16 -18 -19 -20 20 -22 22 -24 24 -26 26 -28 28 29 -31
leaf_value=-0.043680737806568504 0.050916622601610201 -0.0042425734582398258 0.049574758847723853 -0.014740967738003258 0.03118705319509767 1.2398422138856107 0.11955875158673752 0.054311804980045689 0.10134250267425363 0.54378773666631908 0.16785510848170659 0.099340570178076626 -0.024684540208884706 0.11491620553007836 0.084903772644820769 0.21062462808935956 1.42941569509763 0.15128865789943299 0.070632746897411933 0.70705742347457778 -0.050473366203966752 -0.053837981509003374 0.91583799920359599 0.19428173621381903 1.1603974006424644 1.118248054002033 -0.050462037963176047 0.038929316513078738 0.19110468548161511 1.3819675559537508
leaf_weight=595.72110279137269 83.657222604379058 78.452662750147283 25.278035605326295 30.649512970354408 35.405509219504893 0.27112291753292073 1.437439436092973 12.610676705371587 7.4341384372673947 1.1863173861056564 0.72886838205158699 48.367895883042365 5.7350237639620891 43.06816147454083 6.5685928720049542 0.38198486762121309 0.23642621422186494 1.9519863990135489 0.40607774583622813 0.39580930955708016 0.18214140506461263 0.72468473855406024 0.25849552499130357 0.20423191133886576 0.16511163674294949 0.25669581349939008 0.7357170358300209 19.350049061235044 0.82301090145483513 0.13962593534961343
leaf_count=144391 9939 14372 357 5337 2853 25 20 406 386 39 29 2163 639 2338 585 26 18 89 31 44 23 72 21 25 15 32 90 2883 94 21
internal_value=-0.00449724 -0.0359478 0.0666801 0.0333116 0.0864432 0.0983759 0.0592114 0.101618 0.156924 0.280171 0.400718 0.109702 0.0861936 0.132905 0.198858 0.332108 0.676584 0.251083 0.538735 0.147941 0.468321 0.124565 0.317183 0.175734 0.626175 0.0102308 0.251835 0.00780317 0.0543268 0.363834
internal_weight=1002.78 695.479 307.305 114.307 192.999 134.196 58.8029 23.3974 10.7868 3.35263 1.91519 108.918 54.1029 54.8148 11.7467 3.2476 0.618411 2.62919 0.677201 8.49907 0.577951 7.92112 1.35252 1.09403 0.369344 99.7578 0.992413 98.7653 20.3127 0.962637
internal_count=187363 161883 25480 15276 10204 6471 3733 880 474 88 68 6114 2802 3312 974 189 44 145 56 785 67 718 133 112 40 17492 122 17370 2998 115
is_linear=0
shrinkage=0.05


Tree=7
num_leaves=31
num_cat=0
split_feature=11 10 13 11 28 12 2 3 13 13 3 12 2 2 15 15 11 2 15 12 12 3 5 3 0 14 2 12 11 12
split_gain=877.162 61.1369 65.0771 44.9445 35.6326 58.1419 29.6242 56.6013 27.6276 66.5316 22.6954 20.1295 21.2143 76.1191 29.6005 19.3553 19.0898 53.0901 23.8476 18.4018 16.7629 26.7892 17.5028 16.5767 16.2837 16.2434 14.3838 14.2865 43.5157 47.2652
threshold=0.0035146581939047091 0.0026330910036398126 266.50000000000006 0.0023702366230750004 -0.018911058890414851 0.75310714285714253 -0.00018629538689168831 0.0205114554986261 294.50000000000006 299.50000000000006 0.0030854154785199266 1.2220535714285605 0.0043658734418434717 0.0036068666379460716 0.91916077212259906 0.99361127491612578 0.0036987585791874631 -0.0097225024257024933 0.76363634280990544 0.87233928571428176 2.2448857142857146 -0.071858155509915797 0.0066531089644437198 0.005687946730460248 0.0035116568440850542 130.50000000000003 0.06859091664481555 0.41749999999999893 0.020927239682778511 0.34838928571428446
decision_type=2 2 2 2 2 2 2 2 2 2 2 2 2 2 2 2 2 2 2 2 2 2 2 2 2 2 2 2 2 2
left_child=3 2 20 -1 5 -5 7 8 10 -10 -4 -6 13 14 24 27 17 -11 -18 23 22 -22 26 -12 -13 -23 -2 28 -3 -30
right_child=1 15 6 4 11 -7 -8 -9 9 16 19 12 -14 -15 -16 -17 18 -19 -20 -21 21 25 -24 -25 -26 -27 -28 -29 29 -31
leaf_value=-0.045598604921061422 -0.024855116770941214 0.035931581656768116 0.01305842892781283 -0.050582130440838563 -0.01788195995104273 0.96305540301547854 0.032462187775002614 0.90781783103405145 0.85760178782610552 1.1127099505484892 0.45673647514356253 0.026988081035213357 -0.050478496808885567 1.0051508379809575 0.66485057412601367 -0.016099798888640909 -0.050740440875824092 -0.050528379711056483 0.64117974076893014 0.52508246824505711 0.43613620480108245 0.30389065842932822 0.29955543027896908 0.013932540209293957 0.3862974674251598 -0.050422230986375431 0.36058764811514027 0.074184234061727486 0.52115347643099408 -0.051738613952317714
leaf_weight=532.33548226277344 46.189949677791446 47.045323214028031 3.1032562311738729 0.33181451307609577 97.055863466113806 0.24661438586190343 5.9733717790804786 0.26063730381429184 0.43755550263449539 0.17185166059061885 0.29335742490366079 3.8748764181509605 2.4281567605212331 0.2368054250255226 0.20970763964578498 6.7998219090513876 0.91468663560226537 0.228521960787475 0.14415562525391579 0.43309284653514613 0.51287122583016787 0.41583270765840907 0.42485316144302387 0.75612117955461144 0.34325667563825835 1.4564678259193895 0.24331934610381623 242.9767383155413 0.96023322176188119 0.57598606217652559
leaf_count=136435 8797 4427 354 43 19585 25 747 21 26 19 24 615 358 30 31 532 113 37 11 29 35 36 19 72 35 255 38 14535 49 30
internal_value=-0.00444409 0.0579046 0.0127094 -0.0397081 -0.0097661 0.381584 0.113546 0.185372 0.156325 0.316823 0.0899412 -0.0119396 0.0693738 0.131762 0.0850525 0.0672903 0.154667 0.448766 0.0434607 0.250869 -0.0133306 0.115971 -0.0199123 0.137708 0.0562274 0.0282697 -0.0228353 0.0692352 0.0444828 0.306355
internal_weight=997.381 360.318 61.9599 637.063 104.727 0.578429 12.7166 6.74324 6.4826 1.89677 4.58583 104.149 7.0928 4.66465 4.42784 298.358 1.45922 0.400374 1.05884 1.48257 49.2433 2.38517 46.8581 1.04948 4.21813 1.8723 46.4333 291.558 48.5815 1.53622
internal_count=187363 30206 10633 157157 20722 68 1453 706 685 206 479 20654 1069 711 681 19573 180 56 124 125 9180 326 8854 96 650 291 8835 19041 4506 79
is_linear=0
shrinkage=0.05


Tree=8
num_leaves=31
num_cat=0
split_feature=11 4 11 11 9 12 2 4 18 10 7 7 12 28 12 13 29 8 4 28 9 12 0 6 28 0 6 13 29 13
split_gain=783.614 80.4629 34.3109 28.7955 40.9775 27.4988 34.2625 27.4682 39.2302 26.978 37.0736 35.1745 21.7866 20.6046 33.4681 23.2263 18.8323 38.6978 23.0625 18.1644 16.9173 18.2838 18.3607 29.2349 47.1223 25.9066 23.9882 58.0278 20.783 28.7953
threshold=0.0032407515761463455 0.0033155983502016497 0.0020219810475687072 0.018192519933042477 1.3591078292751477 1.2220535714285605 -0.022892104269653154 0.0060584033001403644 5.2267942424140904e-06 0.0025109654992494152 0.0022458130791439108 0.0027456106708916845 1.9867392857142872 0.022266347226905653 0.38250357142857594 259.50000000000006 0.044093312683305637 1.1020567901504192 0.0048922559763906462 -9.3359749599447901e-05 0.75207878493120639 0.16667499999999794 -0.00048364508995396566 0.00041266184093766188 0.0054042705689038417 0.0013414243662879246 0.0035571861286572432 262.50000000000006 -0.54877467687156634 251.50000000000003
decision_type=2 2 2 2 2 2 2 2 2 2 2 2 2 2 2 2 2 2 2 2 2 2 2 2 2 2 2 2 2 2
left_child=2 3 -1 13 12 -4 -7 8 -3 -8 16 -12 -5 15 -15 -2 17 18 -11 -20 21 -9 23 -23 26 -24 -25 -28 -27 -30
right_child=1 7 5 4 -6 6 9 20 -10 10 11 -13 -14 14 -16 -17 -18 -19 19 -21 -22 22 25 24 -26 28 27 -29 29 -31
leaf_value=-0.047127645873886161 -0.033247332060992466 0.055105986314467816 -0.024412935495171442 0.021157346884225131 0.81734126525877127 0.72905241608210458 -0.038023031506375871 0.43363615270874079 -0.017187561507280836 -0.012027523528230277 0.97949955548350565 0.14199580031954234 0.51915879303924883 0.010709355124884648 0.56795731222900725 0.034150600841847505 -0.050505852530739283 0.77907299253539841 0.10430760199033054 0.65276174300589407 0.064624177912801742 0.032450537728991889 -0.074782839808184481 0.19521107191441009 -0.015010932315244561 -0.013122772244365304 0.70935588357504265 0.087759106455775587 0.3312738125074256 0.092728646898626491
leaf_weight=457.05609593121335 40.446735605131835 94.421286695171148 131.45386461936869 1.3238262417726208 0.23040133574977506 0.19216233259066839 4.0494387664366496 0.41264602215960522 23.420143899042159 1.3014800301752991 0.2424077778123318 0.25966628082096577 0.26329914852976788 0.80947547731920966 0.40388852311298251 18.689439652487636 1.4637230802327392 0.24097167747095216 0.32213013805449009 0.28411857318133105 179.49235209496692 4.7926132171414819 2.8488107300363508 7.8079017614945752 2.4749843953177324 3.6768272197805354 0.78806597739458062 0.7171015259809792 1.4562671007588477 9.6364968959242088
leaf_count=123135 8015 9611 29781 133 22 11 798 33 3142 205 13 30 28 64 30 2853 205 25 27 25 7513 266 101 382 113 160 34 38 72 498
internal_value=-0.00436797 0.0503484 -0.0404974 -0.00185646 0.194231 -0.0188221 0.0691293 0.0601254 0.0407382 0.053596 0.143766 0.546353 0.103774 -0.00776195 0.196199 -0.0119468 0.0878127 0.182037 0.106624 0.361341 0.070796 0.102802 0.0988103 0.136575 0.178909 0.0632697 0.230444 0.413211 0.0898977 0.124045
internal_weight=990.979 394.113 596.866 62.1671 1.81753 139.81 8.3561 331.945 117.841 8.16394 4.1145 0.502074 1.58713 60.3495 1.21336 59.1362 3.61242 2.1487 1.90773 0.606249 214.104 34.6117 34.1991 16.5807 11.7881 17.6184 9.31307 1.50517 14.7696 11.0928
internal_count=187363 33108 154255 11145 183 31120 1339 21963 12753 1328 530 43 161 10962 94 10868 487 282 257 52 9210 1697 1664 833 567 831 454 72 730 570
is_linear=0
shrinkage=0.05


Tree=9
num_leaves=31
num_cat=0
split_feature=11 4 11 6 10 12 3 14 13 11 28 13 27 11 28 7 8 8 11 15 12 12 10 10 2 12 7 1 2 29
split_gain=705.439 66.6771 34.3186 24.1314 30.0835 22.7258 25.9681 36.4287 48.8194 21.2552 40.0041 17.3611 20.1501 16.8817 47.0304 29.1855 18.6006 34.6902 18.8787 21.1648 38.58 16.7052 32.02 41.2923 56.8207 53.4386 40.193 23.002 35.9266 41.1156
threshold=0.0032407515761463455 0.0033155983502016497 0.0020219810475687072 0.0006261134010977328 0.006282031336008331 1.2220535714285605 -0.01472047406286575 109.50000000000001 288.50000000000006 0.016284612047473956 0.0085341715223841083 259.50000000000006 285364.50000000006 0.0043754815984061949 0.0070492802331590327 0.0025070311069974754 1.1345283567241258 1.1520171313557692 0.014966609327632982 0.95370369487310358 1.1723464285714313 0.18928571428571522 0.0028950924287415446 0.0035097310720491469 -0.0086448115292073174 0.15647571428571441 0.0010559662090813295 0.02301059805086603 -0.0083314714503290848 3.0620536311622488
decision_type=2 2 2 2 2 2 2 2 2 2 2 2 2 2 2 2 2 2 2 2 2 2 2 2 2 2 2 2 2 2
left_child=2 9 -1 4 -3 -4 7 8 -7 11 -11 -2 -13 14 15 -6 -15 -18 -19 20 -20 22 -5 24 -24 -26 -25 28 -28 -30
right_child=1 3 5 21 13 6 -8 -9 -10 10 -12 12 -14 16 -16 -17 17 18 19 -21 -22 -23 23 26 25 -27 27 -29 29 -31
leaf_value=-0.046972190500002592 -0.027835193950352378 0.010460202351976686 -0.023774211301301168 -0.031809550515696172 -0.050577527616190998 1.0130015759278437 0.024364370535392966 -0.051838533849198599 0.17254849993951729 0.046433962032631143 0.52127900912457059 0.023564427010848123 0.4300554047056438 0.042941857266208999 0.79882128963969923 0.57335631151166011 0.58757879677860647 0.048099786523837881 0.56501167615804848 0.0015511584450307889 0.099910574798843688 0.060158928290086761 -0.051449075685503214 0.0027908771966275339 0.341136978683382 1.22225542555531 0.18282017174447776 -0.050892753757446285 0.36973580892283575 1.1656829479777586
leaf_weight=436.16827130503953 39.724389834329486 58.667029259726405 128.3171124085784 2.1436657970771176 0.85192186338826903 0.28173132915981092 7.9722714331001026 0.51502899802289903 0.44681325578130782 2.8872364531271155 0.52405487094074477 18.810181643813852 0.3098934548906972 31.336347927339375 0.29432201338931907 0.24029135657474399 0.3909963993355613 5.0310508892871439 0.81080000568181299 0.81023719254881132 0.99063025880604982 241.43502328684554 0.33715381240472198 2.66761380340904 0.38047761702910043 0.31416640011593699 1.0463021891191602 0.3975899745710193 0.47536649834364664 0.24631833052262664
leaf_count=123135 8000 6029 29781 249 85 18 1224 49 48 252 37 2827 29 1243 29 19 13 276 29 19 38 13501 30 200 37 30 53 28 41 14
internal_value=-0.00428205 0.0457073 -0.0401052 0.0542134 0.0333842 -0.0183273 0.0575131 0.270023 0.497555 -0.00195916 0.119381 -0.00899343 0.0301527 0.0663822 0.237856 0.0866905 0.0603432 0.128219 0.104719 0.213788 0.309246 0.0625155 0.13356 0.194003 0.481141 0.73964 0.132704 0.292735 0.370011 0.641401
internal_weight=984.824 411.123 573.701 348.867 99.4236 137.533 9.21585 1.24357 0.728545 62.2558 3.41129 58.8445 19.1201 40.7566 1.38654 1.09221 39.3701 8.03371 7.64272 2.61167 1.80143 249.444 8.00865 5.86499 1.0318 0.694644 4.83319 2.16558 1.76799 0.721685
internal_count=187363 33108 154255 21963 7780 31120 1339 115 66 11145 289 10856 2856 1751 133 104 1618 375 362 86 67 14183 682 433 97 67 336 136 108 55
is_linear=0
shrinkage=0.05


Tree=10
num_leaves=31
num_cat=0
split_feature=11 4 4 11 27 10 7 13 13 6 13 11 10 4 30 24 12 4 6 29 10 12 10 2 28 13 29 29 27 0
split_gain=619.76 51.3917 38.3271 33.3532 18.6281 27.7154 17.8804 17.2783 29.1222 34.1803 18.9784 38.8657 31.4213 29.8301 22.7422 21.247 29.5642 19.3753 35.8323 21.9874 19.4634 36.6961 69.8375 18.336 20.9076 32.4073 41.1063 44.3141 53.9772 42.6159
threshold=0.0032407515761463455 0.0033155983502016497 0.0036648253843431697 0.00077965576441024786 16.25345954426545 0.0037619042619234538 0.0017851968932016268 336.50000000000006 333.50000000000006 0.0012927841240590379 264.50000000000006 0.005538403949361218 0.0031822810311430342 0.0080649020785208258 -0.63478809901379152 1.0000000180025095e-35 1.1287428571428617 0.0033856123355381468 0.00087661957356734317 -0.388822402291226 0.0012996807240889449 0.44175000000000209 0.0010060293732362239 0.0052292767732128329 -0.0016089804553830833 272.50000000000006 -0.20991002432136993 0.23852365883045237 1.0674733199640116 -0.00093125490353823659
decision_type=2 2 2 2 2 2 2 2 2 2 2 2 2 2 2 2 2 2 2 2 2 2 2 2 2 2 2 2 2 2
left_child=2 4 -1 -4 -2 6 -6 8 10 -10 12 14 13 -3 -12 -13 -17 18 -16 -20 21 22 -19 24 -22 26 -26 28 -28 -30
right_child=1 7 3 -5 5 -7 -8 -9 9 -11 11 15 -14 -15 17 16 -18 20 19 -21 23 -23 -24 -25 25 -27 27 -29 29 -31
leaf_value=-0.043852169535564596 -0.0071750786381701154 -0.013173436303329168 0.8778477646653462 -0.0032549473419393772 -0.024224117970442799 0.36427992868926901 0.49423671149442933 -0.051099551144412982 0.069109497269607162 0.76934917935375602 -0.014236902810137434 0.11839131098777218 0.049446421202424498 0.12689392224194165 -0.0509587305198278 0.16402177268986862 0.61742402931964235 -0.050984339048803777 0.90345179165047773 0.20370350332047338 0.043033683892619287 0.061369542545531314 1.2009738209531913 0.0033297151917331216 0.10011941568296989 0.049363893340441542 0.20576007604633065 0.024768480015261177 0.35646461803680418 1.0548208162066925
leaf_weight=489.78384119737893 59.272599131567404 35.727168742567301 0.10759626468643446 60.458233950892463 1.8324854294769464 0.84281465550884593 0.18289472348988045 4.346438313368707 0.40737828984856506 0.3045522179454565 10.812989004421977 15.899824536871165 251.62821284215897 4.2537907855585209 0.38578253379091521 1.1507134027779109 0.52291489113122214 0.20813221437856444 0.26148712448775768 0.19671420659869909 17.536017869133502 0.86438178224489093 0.23964887391775846 11.745581141207365 3.162417315877974 5.9869759329594672 0.77632867591455779 0.64591319859027851 0.36575429653748881 0.54242648184299458
leaf_count=141269 10652 4987 7 12887 362 88 19 410 31 23 1010 585 11059 189 52 48 23 18 15 27 1458 49 26 1127 145 677 52 45 22 40
internal_value=-0.00406948 0.0408984 -0.0392122 -0.00168965 -0.00116307 0.123513 0.0228259 0.0480003 0.0491849 0.368661 0.0485581 0.0716811 0.0429042 0.00172909 0.0505698 0.136228 0.305685 0.0668977 0.304098 0.603037 0.0621395 0.251682 0.619054 0.0560379 0.0773742 0.129831 0.217537 0.376875 0.511887 0.77357
internal_weight=980.452 430.102 550.35 60.5658 62.1308 2.85819 2.01538 367.972 363.625 0.711931 362.913 71.304 291.609 39.981 53.7306 17.5735 1.67363 42.9176 0.843984 0.458201 42.0736 1.31216 0.447781 40.7614 29.0158 11.4798 5.49284 2.33042 1.68451 0.908181
internal_count=187402 33239 154163 12894 11121 469 381 22118 21708 54 21654 5419 16235 5176 4763 656 71 3753 94 42 3659 93 44 3566 2439 981 304 159 114 62
is_linear=0
shrinkage=0.05


Tree=11
num_leaves=31
num_cat=0
split_feature=4 14 4 14 2 4 18 10 15 15 29 5 12 27 12 8 10 14 9 12 15 28 30 12 2 6 8 29 5 18
split_gain=533.409 50.2813 34.3029 46.9122 95.6617 109.729 40.3105 30.5756 25.5703 25.644 51.3291 19.9832 46.7095 19.3101 17.0178 41.1854 16.2537 19.3384 17.015 35.3311 23.9853 42.788 15.1368 14.6115 34.3032 14.5721 34.0068 12.8384 20.1558 12.5883
threshold=0.0033155983502016497 53.500000000000007 0.0060584033001403644 55.500000000000007 -0.0038060331080946304 0.0048068816648983602 1.0000000180025095e-35 0.0033668816876227846 0.077801002414293635 0.063492062988178485 -0.12135663819232971 0.00031002602007899302 0.93728214285714795 16.25345954426545 0.059807142857144065 0.89014286118979835 0.0023255607368223952 147.50000000000003 0.40813910216417537 0.78186785714285134 0.40540538349164973 0.0022268129466432541 0.58185612266532971 0.96116785714286024 -0.00041686931348305917 0.0025960888583232856 0.77596674466084814 2.7399377334382513 0.00054840218680236765 0.0017565842751508817
decision_type=2 2 2 2 2 2 2 2 2 2 2 2 2 2 2 2 2 2 2 2 2 2 2 2 2 2 2 2 2 2
left_child=7 -2 3 4 5 -3 14 25 9 29 -11 12 -8 -10 15 -5 17 -16 19 -18 21 22 -21 24 -22 -1 -27 28 -15 -9
right_child=1 2 -4 6 -6 -7 11 8 13 10 -12 -13 -14 27 16 -17 18 -19 -20 20 23 -23 -24 -25 -26 26 -28 -29 -30 -31
leaf_value=-0.04217290795253828 -0.047541219425001474 1.8756684873267859 0.050188561818761759 1.0708767029971364 0.015273559999608952 0.18725530937316559 -0.050296013170712743 0.055497546135207257 -0.014419916157497603 1.0115180825186996 -0.050651364725419881 -0.023616620843197156 1.1163983374094231 0.059954496197760589 -0.0021109089425655346 -0.050346370636991725 0.024639860990920796 0.36751100124931785 0.035778025354459675 0.35774363970591222 0.77008075308149815 0.80017569431251945 0.028845472071279146 0.035937783924195485 -0.050558102574238352 0.77634551213893066 -0.050423594404647221 -0.050484810018814379 0.54153040399545771 0.48184869476765724
leaf_weight=486.49815571517684 17.702221397776157 0.18171610333956778 257.70268257753924 0.13373024086467822 0.76027562771923729 0.2045489966403693 0.25819970085285504 2.2072456758469379 23.003238167148087 0.23536984762176871 0.22010461054742325 45.558711522491649 0.12847607862204313 0.4479048829525698 32.480721267871559 0.21133471047505736 5.6830337850842607 0.35776947811245818 95.088473115349188 0.84816559776663758 0.24354845564812422 0.41129413526505221 0.59539448982104659 1.6990001779049633 0.26688505569472942 0.18129646149463852 0.39615079807117581 0.39395211357623339 0.42197078419849277 0.18786557437852014
leaf_count=144221 3882 36 10590 22 154 8 49 220 3102 27 27 8358 11 34 6116 51 497 34 9446 43 20 35 39 130 31 28 83 44 38 26
internal_value=-0.00399373 0.0350907 0.038394 0.0219742 0.340811 0.981559 0.0199871 -0.0389981 0.0126752 0.154337 0.498233 -0.0205788 0.337347 -0.00396543 0.0334911 0.384185 0.0326121 0.00191606 0.0422273 0.105142 0.217707 0.350274 0.22209 0.106415 0.341002 -0.041875 0.20915 0.186319 0.293564 0.0889393
internal_weight=974.709 460.516 442.814 185.111 1.14654 0.386265 183.965 514.193 27.1177 2.85059 0.455474 45.9454 0.386676 24.2671 138.019 0.345065 137.674 32.8385 104.836 9.74732 4.06429 1.85485 1.44356 2.20943 0.510434 487.076 0.577447 1.26383 0.869876 2.39511
internal_count=187402 39552 35670 25080 198 44 24882 147850 3518 300 54 8418 60 3218 16464 73 16391 6150 10241 795 298 117 82 181 51 144332 111 116 72 246
is_linear=0
shrinkage=0.05


Tree=12
num_leaves=31
num_cat=0
split_feature=11 4 14 18 28 12 7 4 6 14 14 10 2 11 14 29 10 4 11 28 7 0 10 12 1 9 11 29 27 7
split_gain=521.286 54.7533 29.8721 24.7476 21.7864 19.181 18.2255 28.2281 17.7564 17.6807 23.1575 25.2536 63.4449 15.7047 17.327 24.0951 21.1277 22.2202 18.1248 16.0977 23.2112 26.4047 34.2012 18.2328 39.9686 44.5549 27.5105 46.5786 21.6188 15.5898
threshold=0.0026739501157091775 0.0033155983502016497 145.50000000000003 0.0033591879796799171 -0.018911058890414851 0.059807142857144065 0.0028973359602935994 0.0073714725110244671 0.00084004640470354379 53.500000000000007 57.500000000000007 0.0048959959941310451 -0.0097225024257024933 0.0035146581939047091 125.50000000000001 0.61043926239475343 0.0031822810311430342 0.0080649020785208258 0.005538403949361218 0.00080110710161177608 0.0035615428919793762 -0.00089011919611103874 0.0029384021391488063 0.93728214285714795 0.00066277328424224635 0.56999658781224449 0.0027416605122675556 0.34635030530512928 0.69818883944504961 1.6810219125116333e-05
decision_type=2 2 2 2 2 2 2 2 2 2 2 2 2 2 2 2 2 2 2 2 2 2 2 2 2 2 2 2 2 2
left_child=2 8 4 6 -1 -3 -4 -8 -2 -7 11 12 -11 19 15 18 17 -16 -15 20 23 -22 -23 -12 26 -26 27 -25 -27 -10
right_child=1 5 3 -5 -6 9 7 -9 29 10 13 -13 -14 14 16 -17 -18 -19 -20 -21 21 22 -24 24 25 28 -28 -29 -30 -31
leaf_value=0.32880255795087016 -0.022934592155069468 0.43193119189636092 0.018451271705669774 0.60436548646181742 -0.043463704158354537 -0.042914326692985595 0.6962920937189252 -0.050850036289212447 0.097500899234011465 0.9878472818761721 -0.00061384813434392689 -0.020939199654050222 0.15996953982086262 0.058921317119768113 -0.011877189082453936 -0.00047348528855100947 0.041498621900380742 0.10157110212905279 0.11945695901785353 -0.033472945637522837 -0.050562192961588509 0.92349247744308627 0.12550793537004892 -0.050473443882222836 0.87391807844482217 0.52765553920383812 -0.030321333442438349 1.2749995853583134 -0.050507471815935318 0.0063331549385927631
leaf_weight=0.39335816144011815 53.866212134948 0.3096631933003654 2.8802207049448043 0.22883399436250318 462.18091057590209 6.6012226121965787 0.26771783921867598 0.23952755611389875 6.0439825293142375 0.28828690107911836 15.024499606108298 0.83863078802824009 1.1732348159421226 41.225658178795129 34.511221460998058 12.068558017257599 268.69692440610379 4.9330563805997363 17.662456452846527 14.614964448381214 0.35374408354982734 0.25635792361572285 0.2819552356377244 0.15996070252731431 0.32426102086901643 0.25693737762048841 2.4470718093216419 0.11317486641928554 0.43613840499892831 20.919171050190926
leaf_count=23 11033 22 369 16 144134 950 33 20 1091 21 2648 28 98 2837 4725 888 10853 185 556 2470 41 22 25 25 38 15 325 18 65 3828
internal_value=-0.00393111 0.0313493 -0.0420281 0.101118 -0.0431471 0.0385612 0.067122 0.343482 -0.00635439 0.0382727 0.0395621 0.197772 0.323269 0.0386817 0.0416119 0.0638877 0.0364823 0.0023111 0.0770779 0.00626708 0.0358181 0.285011 0.505528 0.02397 0.122794 0.39016 0.0228018 0.498742 0.163829 0.0267691
internal_weight=969.598 503.407 466.191 3.6163 462.574 422.578 3.38747 0.507245 80.8294 422.268 415.667 2.30015 1.46152 413.367 379.098 70.9567 308.141 39.4443 58.8881 34.2691 19.6541 0.892057 0.538313 18.762 3.73754 1.01734 2.72021 0.273136 0.693076 26.9632
internal_count=187402 42807 144595 438 144157 26855 422 53 15952 26833 25883 147 119 25736 20044 4281 15763 4910 3393 5692 3222 88 47 3134 486 118 368 43 80 4919
is_linear=0
shrinkage=0.05


Tree=13
num_leaves=31
num_cat=0
split_feature=11 4 13 11 6 16 10 28 2 9 13 13 1 29 10 8 9 1 7 27 10 1 13 11 8 9 2 4 11 11
split_gain=477.875 46.6614 25.8283 16.6333 16.0426 15.9888 19.2844 14.8006 14.5599 14.4101 13.2391 16.2303 14.4421 12.4376 17.8806 21.0148 19.679 15.4793 22.2464 17.8115 31.7519 14.2616 14.2124 24.9188 20.9447 20.4002 17.7562 15.0605 21.0159 40.9376
threshold=0.0026739501157091775 0.0033155983502016497 244.50000000000003 0.0017326208224449672 0.00084004640470354379 1.0000000180025095e-35 0.029756095645786729 0.022266347226905653 -0.027347698859158883 5.4946444680976905 336.50000000000006 334.50000000000006 0.00074757704944361525 5.341976653983969 0.0093638050848428075 0.57681075200061083 0.66562216630492066 -0.0054949885339169993 0.0046616884823565902 0.12745686095778211 0.016726715586870698 0.00013555186942415534 264.50000000000006 0.005538403949361218 0.21465893909558079 1.1188076735726269 0.0014340032597752741 0.0076745804644257265 0.0041260039536118748 0.0040085600491094808
decision_type=2 2 2 2 2 2 2 2 2 2 2 2 2 2 2 2 2 2 2 2 2 2 2 2 2 2 2 2 2 2
left_child=2 4 -1 -4 -2 9 -7 -6 -5 10 11 13 -13 14 22 -16 -17 18 19 20 -18 -19 27 24 -24 -25 -26 -3 29 -29
right_child=1 5 3 8 7 6 -8 -9 -10 -11 -12 12 -14 -15 15 16 17 21 -20 -21 -22 -23 23 25 26 -27 -28 28 -30 -31
leaf_value=0.083458948411393147 -0.022293983900226119 0.01583046264611113 -0.048894003628802446 0.36198214953928343 0.020322203948234689 0.0010630545444373673 0.10637632795007211 0.32865942025254991 -0.028100113174907317 0.10617959415052765 -0.040881725337686803 0.020181142963828818 0.32788434073125533 0.017319564148960985 0.02892511555518771 0.25686401076748816 0.43504932423851489 -0.083421278494117235 0.2662056090171378 0.067578030229488953 0.079028271167861042 0.065226330688082812 0.37366810200131689 0.12519806004075032 0.056023674637895919 -0.020696159020386767 0.0035135036701544574 0.1095343700837336 0.041836298432316836 0.71759064004064776
leaf_weight=4.0856391866691402 52.674104804173112 102.18970776745118 318.52516438136809 0.23967502638697524 27.285071067279208 50.270679329754785 4.7583680832758537 0.39482594607397814 124.41341543756425 7.8188234772533169 5.2981128864921621 0.65519666485488304 0.91232539247721434 60.489452965557575 22.557235943619162 1.69153657183051 0.99328808952123226 1.7867828728631163 2.1836399147287002 11.463033975102006 1.6948894644156096 16.647206039167941 0.46286548906937142 16.008414085023109 42.629677872639149 2.8178148632869116 25.868490700144321 1.8648225008510046 54.859450630843639 0.32505503948777903
leaf_count=438 11033 8987 107541 3 4892 4097 87 27 36613 265 771 27 29 2086 598 32 29 34 47 270 27 515 13 457 4014 83 2646 118 1609 14
internal_value=-0.00384385 0.0289146 -0.0416807 -0.0428343 -0.00609876 0.0353638 0.0101695 0.0247203 -0.0273501 0.0390007 0.037594 0.0387235 0.19927 0.0380369 0.0421316 0.0668574 0.0903253 0.0822231 0.117664 0.0947426 0.210579 0.0508181 0.0362244 0.0523769 0.0384582 0.103361 0.0361931 0.0273196 0.0478995 0.199791
internal_weight=963.865 516.601 447.264 443.178 80.354 436.247 55.029 27.6799 124.653 381.218 373.399 368.101 1.56752 366.533 306.044 59.0176 36.4604 34.7688 16.3349 14.1512 2.68818 18.434 247.026 87.7873 68.961 18.8262 68.4982 159.239 57.0493 2.18988
internal_count=187402 42807 144595 144157 15952 26855 4184 4919 36616 22671 22406 21635 56 21579 19493 1552 954 922 373 326 56 549 17941 7213 6673 540 6660 10728 1741 132
is_linear=0
shrinkage=0.05


Tree=14
num_leaves=31
num_cat=0
split_feature=11 4 13 13 14 2 28 12 16 1 12 11 11 27 27 13 4 9 9 12 1 1 28 28 15 7 9 8 5 3
split_gain=439.93 44.6351 20.8647 15.5909 13.6923 15.3699 32.5042 29.771 13.7739 16.3263 13.6349 13.9663 13.0945 12.5082 14.6345 19.8799 14.0138 21.7527 13.1467 16.968 20.9003 22.1996 14.2769 15.2308 17.257 13.9599 11.9407 16.8437 11.5733 23.1187
threshold=0.002551024517668784 0.0033155983502016497 244.50000000000003 336.50000000000006 57.500000000000007 -0.001723969911608225 -0.0061538930472092796 0.40850000000000064 1.0000000180025095e-35 -0.047976883531594176 0.066899999999999654 0.0036987585791874631 0.0017326208224449672 2.076249034973531 3.6163296991677858 241.50000000000003 0.0068381972663748708 0.60455828207886597 0.39710730984648274 0.60832857142856922 0.0026442510251557532 0.0016288237587289702 -0.014289510616487451 0.0016256145683511529 0.37735848344610101 0.0010299950124187879 5.4946444680976905 1.7478482706189069 0.0028407868171253206 0.095539152624905546
decision_type=2 2 2 2 2 2 2 2 2 2 2 2 2 2 2 2 2 2 2 2 2 2 2 2 2 2 2 2 2 2
left_child=2 -2 -1 4 5 6 -3 -8 10 -10 -6 -12 -4 18 15 -15 -16 -18 19 -13 21 22 -21 -24 25 -25 -20 -28 -19 -30
right_child=1 3 12 -5 8 -7 7 -9 9 -11 11 13 -14 14 16 -17 17 28 26 20 -22 -23 23 24 -26 -27 27 -29 29 -31
leaf_value=0.069199996990318133 -0.0069244168732296319 0.0094854839298838169 -0.048824307651672526 -0.042863149829515973 0.27148380242444942 -0.050938389514776507 0.11041837832784991 0.59356896771961576 0.1157192360055192 0.0022360377309791914 0.0081644037322581835 0.0032333224908167799 -0.028615519554369015 -0.042000052522072021 0.0047366541256504196 0.091640091895513739 -0.099909036815068575 0.11973864522830446 0.029221598689016654 0.41292565915310331 -0.051264905253375473 0.45505845870467659 0.045925437887585047 0.49482959045241065 0.047358601769452086 0.18254770991854363 0.28415188573375444 0.062643191643494953 0.035305608606410153 0.25642630981020775
leaf_weight=4.1492175937164566 86.494058806682006 1.1951319174841049 303.41227937629446 6.8028693811502299 0.61350054433569212 0.83451671688817342 0.5893269660882654 0.69466185383498669 3.3768619121983638 51.563000139314681 41.491360939107835 4.3604655363596967 108.93827691068873 3.045120262540876 19.299975346308202 32.301569583360106 2.000242116861048 8.4287334801629203 244.01208231784403 0.42605327535420556 1.3992406991310415 0.58593301009386767 3.4706515539437524 0.632906034588814 0.98585754167288531 0.82353508053347468 1.0307401567697514 5.1273560314439237 18.249246901832525 1.26394398882985
leaf_count=404 17700 34 107541 1106 32 90 23 24 60 4122 6208 299 33700 91 1591 1543 50 224 11459 17 92 23 181 20 59 21 25 155 480 28
internal_value=-0.00373489 0.0259981 -0.0423628 0.0322621 0.0334033 0.134665 0.197142 0.371812 0.0326484 0.00921125 0.0359539 0.0355824 -0.0434854 0.0388566 0.0555801 0.080127 0.03796 0.0593749 0.0334749 0.0831339 0.124988 0.160602 0.133384 0.113242 0.208903 0.318252 0.0309569 0.0997192 0.0707773 0.0496284
internal_weight=957.599 541.099 416.5 454.605 447.802 3.31364 2.47912 1.28399 444.488 54.9399 389.549 388.935 412.351 347.444 84.5888 35.3467 49.2421 29.9422 262.855 12.6846 8.32418 6.92494 6.339 5.91295 2.4423 1.45644 250.17 6.1581 27.9419 19.5132
internal_count=187402 45757 141645 28057 26951 171 81 47 26780 4182 22598 22566 141241 16358 4007 1634 2373 782 12351 712 413 321 298 281 100 41 11639 180 732 508
is_linear=0
shrinkage=0.05


Tree=15
num_leaves=31
num_cat=0
split_feature=10 4 10 28 12 1 15 9 8 18 8 2 13 2 13 3 3 15 1 3 2 3 2 28 14 30 0 18 4 3
split_gain=385.031 46.373 28.1647 25.4693 20.0919 21.4429 23.1152 29.3434 34.8982 19.3929 18.4824 20.1091 21.5438 20.6358 26.4452 29.4336 31.4253 20.5152 17.6817 17.0713 70.8332 42.1447 27.5937 19.3709 17.5771 31.6516 18.6747 16.0135 15.5721 21.2214
threshold=0.0025109654992494152 0.0025404613383341605 0.006282031336008331 -0.011875124224841679 1.5787035714285715 -0.0091542809996645307 0.029852973971734673 1.3336425078505476 0.62804077905416944 2.83412859398146e-05 0.79461196423302027 0.013530208093183617 241.50000000000003 -0.0047411020681391572 255.50000000000003 -0.0032018977102779007 -0.060732164814790872 0.53495223529562064 0.017784253943345044 -0.022437986107483873 -0.0035687213279260717 -0.060732164814790872 0.022154611726444399 -0.0078321840336513879 140.50000000000003 -4.3501762733883202 0.0024214335276456782 0.00049336830796467849 0.0070882721694686965 -0.052939717261276879
decision_type=2 2 2 2 2 2 2 2 2 2 2 2 2 2 2 2 2 2 2 2 2 2 2 2 2 2 2 2 2 2
left_child=1 -1 3 28 5 6 7 8 -4 18 -7 12 -12 -14 15 16 -15 -17 -3 20 21 -6 -22 24 -23 -26 -27 -5 29 -2
right_child=2 9 4 27 19 10 -8 -9 -10 -11 11 -13 13 14 -16 17 -18 -19 -20 -21 22 23 -24 -25 25 26 -28 -29 -30 -31
leaf_value=-0.045698705600840418 0.17126587358564888 0.00019206944744926124 0.089988436191984739 0.017724799603588158 0.033710255998427335 0.02430775076184781 -0.00013294936233819332 0.026401692944708368 0.41372364842273213 -0.038113610691194205 0.44536037470081402 0.051067154314362033 0.048933218705783377 0.21586919981506353 0.05018172582011611 0.020519469922828187 0.6455613114112273 0.37535671063030351 0.26619838037315197 0.03204700423474232 0.43511359433914915 0.027858944446963154 0.16457172133831965 0.06101989665069181 0.14150219243396028 0.64756515873933396 0.27784957485740136 -0.014295354085626556 0.026632568273860131 0.052783793043616273
leaf_weight=337.1764540898148 5.3600109105464098 91.068980016512796 2.8275173930451265 173.10992920119315 21.579753193072982 37.317040168680251 59.78082852717489 10.566081854514776 1.179814238566905 44.81891939160414 0.50240704789757629 33.500422420911491 6.4221454826183608 0.92428317479789257 2.4409825052134693 1.3365710545331237 0.78849999979138308 0.58590277936309565 0.6290274728089561 18.568876456003636 1.8280482077971094 0.62732771132141385 1.9456072738394139 1.7773230271413911 1.2685345998033883 0.78600032720714785 0.60403503477573395 50.418343287659809 24.478445277083665 12.814940412994472
leaf_count=121218 270 19757 43 19276 277 1785 1802 228 37 12450 22 1189 200 18 116 55 30 29 38 557 36 23 37 78 39 30 16 6102 650 1006
internal_value=-0.0038749 -0.0357442 0.0280182 0.0172586 0.0418435 0.0331779 0.0136317 0.070095 0.185301 -0.0111581 0.0505172 0.0715502 0.124331 0.111426 0.177477 0.262952 0.413683 0.128661 0.00201681 0.0698244 0.0928869 0.064171 0.295629 0.193996 0.265923 0.322097 0.486907 0.0105024 0.0526648 0.0877256
internal_weight=947.033 473.693 473.34 266.182 207.158 158.172 74.3542 14.5734 4.00733 136.517 83.8183 46.5012 13.0008 12.4984 6.07624 3.63526 1.71278 1.92247 91.698 48.9855 30.4166 26.643 3.77366 5.06322 3.2859 2.65857 1.39004 223.528 42.6534 18.175
internal_count=187414 153463 33951 27304 6647 5554 2110 308 80 32245 3444 1659 470 448 248 132 48 84 19795 1093 536 463 73 186 108 85 46 25378 1926 1276
is_linear=0
shrinkage=0.05


Tree=16
num_leaves=31
num_cat=0
split_feature=11 6 4 13 12 13 11 4 8 18 27 13 13 11 9 11 12 3 0 11 2 0 26 11 8 12 12 11 27 2
split_gain=388.396 31.7452 26.9312 15.7038 18.8372 15.4257 17.1648 16.7825 12.5849 13.4449 17.2245 12.8261 16.7885 12.3098 11.049 12.9642 23.8824 10.7519 10.0416 9.77357 13.2183 16.864 30.0377 24.7208 74.4747 14.1356 33.3577 33.8268 13.9568 19.7928
threshold=0.002551024517668784 0.00095161138686695264 0.0068381972663748708 243.50000000000003 2.2448857142857146 244.50000000000003 0.001302357351279557 0.0048068816648983602 1.2496997084737218 0.005716092770839557 0.36387602902007748 335.50000000000006 334.50000000000006 0.0018998541256306726 1.2974278064201912 0.018192519933042477 1.0161392857142848 -0.060732164814790872 0.005231140049128725 0.0049922130223150592 -0.0033477276250417627 -0.0021125213487397927 1.0000000180025095e-35 0.0028921132516294161 0.82903980882472184 0.17201785714285886 0.13446071428571549 0.0034427327150834577 0.63175864447424901 -0.0086448115292073174
decision_type=2 2 2 2 2 2 2 2 2 2 2 2 2 2 2 2 2 2 2 2 2 2 2 2 2 2 2 2 2 2
left_child=5 2 -2 4 14 6 7 -1 11 -10 -11 12 19 -7 -4 17 -17 -16 -8 20 21 22 23 24 -3 26 -23 -28 -25 -30
right_child=1 8 3 -5 -6 13 18 -9 9 10 -12 -13 -14 -15 15 16 -18 -19 -20 -21 -22 25 -24 28 -26 -27 27 -29 29 -31
leaf_value=-0.050764656504415341 -0.0027906867535297114 1.3299536237871021 -0.047558223033955009 0.01943307301991673 0.21628867254350392 -0.047989209696800678 -0.034225178986067424 0.36406019005248308 0.0080487496714635575 0.2786696902624094 0.034425678178341163 -0.050622640708020111 0.22257294487716403 -0.025646835327577139 0.13659895866949887 0.31935642142871784 0.034538021230864621 0.026992238267356583 0.25992186742977719 0.044390568875955105 0.001162702748551195 0.0057814920770715636 -0.0068261148391551233 0.04921051228400717 -0.050388961899623191 0.011661342686654579 -0.050245112888694626 0.89253124479024049 0.33895658801055517 -0.050835397430131858
leaf_weight=0.3693237779662002 158.5434537732508 0.18106791959144475 2.3431382011622253 60.275275777094066 1.9761613886803377 303.42925301450305 3.002912374446169 0.71748462272807956 60.316253947559744 1.0505736526101821 2.3068302953615785 3.9875248880125573 1.249640667811035 77.36936845164746 2.7793142870068612 1.3421052601188415 1.6297618169337509 11.476082878652955 0.32117556734010566 188.7091270100791 34.520776954945177 0.84755351766944176 2.7777803938370198 1.4525504759512844 0.21228162618353963 16.482767569599673 0.14852754841558635 0.26472038263455033 1.5050066947005691 0.41560670873150174
leaf_count=41 23836 22 62 2442 37 117053 310 22 3949 26 80 563 33 24272 42 27 25 366 23 7796 3950 88 240 88 35 1823 32 21 68 42
internal_value=-0.00377358 0.0229308 0.00923257 0.0325296 0.0691665 -0.0423729 0.0505939 0.223093 0.0333362 0.0134694 0.110853 0.038341 0.039767 -0.0434498 0.0543106 0.0681661 0.163163 0.0483618 -0.0058045 0.0388441 0.0210462 0.0493069 0.11791 0.209902 0.585015 0.0240042 0.185365 0.553683 0.16616 0.254608
internal_weight=942.003 556.794 240.365 81.8218 21.5466 385.21 4.4109 1.08681 316.429 63.6737 3.3574 252.755 248.767 380.799 19.5704 17.2273 2.97187 14.2554 3.32409 247.518 58.8086 24.2879 6.54429 3.76651 0.39335 17.7436 1.2608 0.413248 3.37316 1.92061
internal_count=187414 45693 26837 3001 559 141721 396 63 18856 4055 106 14801 14238 141325 522 460 52 408 333 14205 6409 2459 495 255 57 1964 141 53 198 110
is_linear=0
shrinkage=0.05


Tree=17
num_leaves=31
num_cat=0
split_feature=11 10 13 11 12 14 13 28 12 6 13 9 15 11 28 30 12 15 28 12 18 1 1 28 11 15 11 15 28 6
split_gain=359.171 30.5293 26.274 22.913 18.1302 26.6691 32.7664 43.5966 16.4145 14.6611 14.2639 13.5908 12.824 12.5159 12.4485 24.3762 12.8559 15.4969 15.0192 15.762 19.7439 19.0189 21.1151 27.7086 41.9611 35.7828 22.909 14.0086 17.0998 15.8861
threshold=0.002551024517668784 0.0026664437981045808 265.50000000000006 0.0040085600491094808 0.18142857142857038 128.50000000000003 280.50000000000006 0.0060317984174497697 0.40850000000000064 0.00053388699438923742 244.50000000000003 0.21528530196063567 0.99361127491612578 0.0018998541256306726 0.01402236433851761 0.8155018680190117 0.49083214285714211 0.34071211711637533 0.0098320249777151952 0.4678499999999966 0.0039611968453784853 0.0089412265286077392 -0.0022124561300144725 -0.0050779426641420853 0.011251109104070236 0.36363634710744325 0.013741420355131444 0.50567199841971588 0.00097132041835135596 0.00051265948518269919
decision_type=2 2 2 2 2 2 2 2 2 2 2 2 2 2 2 2 2 2 2 2 2 2 2 2 2 2 2 2 2 2
left_child=10 2 -2 -3 5 6 7 -5 11 -4 -1 -6 14 -12 16 -16 18 -18 19 20 27 22 23 26 25 -25 -21 -10 29 -29
right_child=1 3 9 4 8 -7 -8 -9 12 -11 13 -13 -14 -15 15 -17 17 -19 -20 21 -22 -23 -24 24 -26 -27 -28 28 -30 -31
leaf_value=0.045099795017464729 -0.024955375120527496 -0.0010109888022085533 -0.012263426358251187 0.58502845817246085 0.2169599369491941 0.052730705356777478 -0.051149685760211283 0.10256056459023069 -0.0098802099412670825 0.043550353487714168 -0.047878301972153807 -0.0011744691794879866 -0.03389087493371739 -0.025008964827547893 0.052617870799895765 0.28253297119597798 0.039746179462602393 0.015279663463386313 -0.078605913157421645 0.0012543018635676826 0.27231350553220579 0.40581918670244055 -0.051001671353595249 0.83520250078592528 -0.040044274812958254 0.2001820348498376 0.40215902416399801 -0.051361072400188404 0.0039443098654672838 0.30368459056448954
leaf_weight=4.6371463395189485 59.199719391996041 62.804962045745924 18.174129689810798 0.93888743966817789 0.72510800044983525 9.3155977013520879 0.72660265956073988 0.93403082899749279 6.9878768501803314 33.368385544512421 289.28282994916663 46.885145167121664 6.9074068649206302 75.425634162966162 47.998980626929551 1.1812150892801572 134.36219838541001 124.86666019167751 1.5416861749254156 1.883245737757534 0.92473769001662809 0.65607104031369079 1.3318736725486804 0.50732749514281772 0.43576488643884659 0.39422052213922143 0.43950035283341993 0.40935288276523385 1.8231864823028443 1.3677103864029048
leaf_count=396 11440 8409 3683 33 38 609 55 31 425 4910 117053 2934 359 24272 1501 42 4457 6065 107 98 32 39 117 30 12 17 12 40 147 51
internal_value=-0.00367075 0.0213195 -0.00223062 0.0270344 0.0315102 0.0922461 0.233853 0.34442 0.0296139 0.0238702 -0.0420407 0.00214774 0.0335288 -0.0431487 0.0349525 0.05814 0.0308495 0.027961 0.0708848 0.0843147 0.0507516 0.15273 0.119467 0.181499 0.362808 0.557527 0.0771118 0.031401 0.111525 0.221899
internal_weight=936.437 567.092 110.742 456.349 393.544 11.9151 2.59952 1.87292 381.629 51.5425 369.346 47.6103 334.019 364.708 327.112 49.1802 277.931 259.229 18.7026 17.1609 11.5129 5.648 4.99193 3.66006 1.33731 0.901548 2.32275 10.5881 3.60025 1.77706
internal_count=187414 45693 20033 25660 17251 728 119 64 16523 8593 141721 2972 13551 141325 13192 1543 11649 10522 1127 1020 695 325 286 169 59 47 110 663 238 91
is_linear=0
shrinkage=0.05


Tree=18
num_leaves=31
num_cat=0
split_feature=11 11 13 13 11 2 2 12 3 1 1 18 12 27 27 13 7 12 27 29 11 27 4 4 3 15 3 1 5 25
split_gain=332.419 25.56 13.7178 16.1986 26.7033 17.9795 21.6924 17.8556 18.3843 16.0477 20.8852 16.424 15.8831 22.812 21.6419 24.6266 23.2682 18.8482 18.4128 27.1166 15.3169 16.9324 15.0153 14.5614 29.7752 13.7586 16.7407 29.4901 25.6698 15.213
threshold=0.002551024517668784 0.0040085600491094808 263.50000000000006 268.50000000000006 0.010582861760285474 -0.0016713821352157818 -0.0022375725729454894 0.18928571428571522 0.0040048964058617695 0.010341023521595718 -0.0048772774522218834 0.0012100006753905863 1.5787035714285715 0.23266542182512187 0.4369098260059619 252.50000000000003 4.3189548174630149e-05 2.2448857142857146 2.1382734114596555 5.341976653983969 0.0041260039536118748 0.46488760792107181 0.0062260757143488372 0.002944187162648439 0.0205114554986261 0.88461534633875238 -0.052939717261276879 0.012630678294978772 0.0020518636518235601 1.0000000180025095e-35
decision_type=2 2 2 2 2 2 2 2 2 2 2 2 2 2 2 2 2 2 2 2 2 2 2 2 2 2 2 2 2 2
left_child=-1 -2 9 4 7 6 -5 -4 -9 10 12 25 20 -14 15 16 -15 -17 -16 -20 21 -3 -8 24 -10 26 27 28 -11 -27
right_child=1 2 3 5 -6 -7 22 8 23 11 -12 -13 13 14 18 17 -18 -19 19 -21 -22 -23 -24 -25 -26 29 -28 -29 -30 -31
leaf_value=-0.041692006424336757 -0.0010972464018781925 -0.051462089721262406 0.19814551558561908 0.046159398354040038 0.3254554156609748 -0.0069732658184570948 0.10302514635276656 -0.0040521041677184996 0.041537890544703526 0.52968511007925956 -0.00048396117473558384 -0.00083228464121937206 -0.0075510360224533618 0.37676447231510113 0.016296828218253186 0.19111575736197417 0.070455237917244437 0.54771747924239633 0.19580888351835804 0.0016138868597994971 0.016074276574630314 0.33625495297714059 0.58876869619483541 0.072528336914914532 0.62506592026272056 0.1140987392959007 0.02389838632524835 0.042493376354401952 0.11988840986475445 0.038578658856852209
leaf_weight=354.23566151573323 116.27066710824147 0.44377665454521664 2.2929265098646345 28.830825386568907 1.0138023486360896 22.298542622011155 0.32442638603970309 9.2574303448200244 0.53836252680048602 0.68584507191553601 122.1092689470388 20.829802969703451 10.809020374901591 0.69607371417805808 13.545756044797601 0.99244569242000558 5.6718345701228827 0.59133074036799371 4.2902030767872921 3.0940491911023855 117.97512881737202 0.77054753410629928 0.31219442002475262 16.119309525471181 0.3680722750723362 14.026299735996872 45.063741677440703 3.7988385385833681 0.86298728920519352 12.712391125736758
leaf_count=141721 19181 36 31 1228 13 1564 27 456 45 24 12653 804 272 22 395 32 149 27 53 57 5040 32 13 349 13 658 1803 81 22 613
internal_value=-0.00357076 0.0198493 0.02514 0.0437689 0.0732786 0.0269009 0.0525342 0.0643321 0.0526583 0.0211408 0.0150651 0.038565 0.0270155 0.0544109 0.0776003 0.14782 0.103938 0.324259 0.0509224 0.11444 0.0178928 0.194563 0.34123 0.0834935 0.278489 0.0492019 0.0338241 0.117466 0.301352 0.0781942
internal_weight=930.832 576.596 460.325 81.3559 29.5899 51.766 29.4674 28.5761 26.2832 378.969 280.989 97.9799 158.88 39.6907 28.8817 7.95168 6.36791 1.58378 20.93 7.38425 119.189 1.21432 0.636621 17.0257 0.906435 77.1501 50.4114 5.34767 1.54883 26.7387
internal_count=187414 45693 26512 3739 907 2832 1268 894 863 22773 18768 4005 6115 1007 735 230 171 59 505 110 5108 68 40 407 58 3201 1930 127 46 1271
is_linear=0
shrinkage=0.05


Tree=19
num_leaves=31
num_cat=0
split_feature=10 4 13 18 6 10 8 12 3 7 5 5 12 1 6 10 1 15 8 13 15 6 3 18 6 13 6 5 4 14
split_gain=276.528 45.1169 19.1707 17.6089 13.1833 16.8261 14.4338 13.8699 21.2271 15.1481 16.0521 30.8903 29.213 20.1598 12.2741 11.6256 11.4427 10.8401 13.985 15.2233 19.314 10.8314 10.7656 11.0223 20.9453 10.2027 9.73848 13.4134 9.42161 8.93928
threshold=0.0025109654992494152 0.0025404613383341605 336.50000000000006 2.83412859398146e-05 0.00091814306186559539 0.0069604162755077291 1.1639919669669843 0.17015714285714448 -0.071858155509915797 0.00047521526125959395 0.0015180615009110254 0.0023263754526068941 0.13618928571428821 0.010341023521595718 0.0055983158071880919 0.00032099994031921115 0.017784253943345044 0.93635806311327807 0.83265122925100388 256.50000000000006 0.94674555652815517 0.0011664668304647414 0.07144390320040496 0.005716092770839557 0.003265345973926925 242.50000000000003 0.0035571861286572432 0.0014356877612482961 0.0070882721694686965 56.500000000000007
decision_type=2 2 2 2 2 2 2 2 2 2 2 2 2 2 2 2 2 2 2 2 2 2 2 2 2 2 2 2 2 2
left_child=1 -1 4 15 5 -2 7 8 -6 -10 -11 12 -12 -13 -4 -3 25 -9 -19 20 -20 -22 23 29 -25 -17 -5 -28 -7 -8
right_child=2 3 14 26 6 28 22 17 9 10 11 13 -14 -15 -16 16 -18 18 19 -21 21 -23 -24 24 -26 -27 27 -29 -30 -31
leaf_value=-0.044875127127297902 0.0019336514738302231 0.63288308111613567 -0.05500532660116985 -0.040243545803143058 0.74601915745728276 0.0090334792434287395 0.1947688701137501 0.03106816694154764 -0.013109154424668513 0.052113720873728786 0.20776168418695398 0.012666711818939917 0.84697231010699492 0.36191133250729296 0.25991110603912659 0.14083669810764127 0.18647124230325679 -0.0034019727006734989 0.35318474283669088 -0.017985072185784715 0.26715469438487549 0.044330687644950129 0.068028531189368621 0.0083093689048183619 0.24595700347786723 -0.0012834425970153149 0.36200774487753196 -0.05132894711179508 0.046589960333237063 -0.0032626476934110994
leaf_weight=285.39242010866292 129.19118617731147 0.073200120124964907 10.235208325320851 39.530705816345289 0.12527382420375932 26.996981271542609 0.57513829623348911 209.58067471417598 2.4510875188279888 2.751277155475691 0.3851714353077117 1.3378708565142003 0.33351239282637835 0.59785770624876011 0.31905984110198993 1.2813412095420051 0.83737913146614928 2.5278274253942064 1.221457679755986 1.1536441547796128 0.78259517811238799 1.7992822574451564 7.2524135354906312 3.0487879817374042 1.3323503229767082 87.380111284088343 0.36039476748555799 0.43101608869619668 43.779039826244116 62.186312261270359
leaf_count=121218 15105 23 2378 12396 4 1480 20 9717 277 168 27 48 15 15 9 61 38 100 32 35 27 42 197 89 24 19673 20 34 964 3178
internal_value=-0.00346634 -0.0337568 0.0212006 -0.00932857 0.0226099 0.0126688 0.0292485 0.03556 0.10029 0.0899943 0.136744 0.224463 0.504394 0.120532 -0.0454853 0.00302312 0.00250796 0.0331797 0.0923056 0.141112 0.18937 0.111871 0.0101557 0.00390455 0.0805805 0.000770487 -0.0367668 0.136897 0.0322643 -0.00144791
internal_weight=925.251 415.287 509.964 129.894 499.41 199.967 299.443 225.048 7.98205 7.85678 5.40569 2.65441 0.718684 1.93573 10.5543 89.572 89.4988 217.065 7.48481 4.95698 3.80334 2.58188 74.395 67.1426 4.38114 88.6615 40.3221 0.791411 70.776 62.7615
internal_count=187414 153463 33951 32245 31564 17549 14015 10507 554 550 273 105 42 63 2387 19795 19772 9953 236 136 101 69 3508 3311 113 19734 12450 54 2444 3198
is_linear=0
shrinkage=0.05


Tree=20
num_leaves=31
num_cat=0
split_feature=11 11 10 13 10 12 2 2 2 6 11 24 2 27 27 15 14 3 28 3 11 14 8 13 28 6 2 5 2 11
split_gain=294.173 18.6541 21.7623 18.3269 29.2495 14.6287 19.5355 14.4372 17.7387 15.933 13.6921 13.4327 26.7319 27.3295 41.0832 13.2976 13.2072 21.8469 40.0517 47.0457 103.184 17.1506 28.8659 13.1929 27.2637 23.6216 35.3014 20.5534 15.8352 12.7852
threshold=0.002551024517668784 0.0036987585791874631 0.00044593049929069986 263.50000000000006 0.0031822810311430342 0.93728214285714795 -0.071085338514563709 0.00050251070333673386 0.00046506940650592471 0.0016309777032509853 0.0018998541256306726 1.0000000180025095e-35 0.0016204338119449881 0.55492754135648725 0.293639811266942 0.99999999379517257 95.500000000000014 -0.0059775108656127665 -0.0043761111071530618 -0.00071345689746604702 0.0031784319420916935 62.500000000000007 0.7180549443497305 268.50000000000006 0.0019967578649395371 2.3705957537190245e-05 0.00066708280473759551 0.0046888398419338588 0.0016662834400636985 0.0051529214461012206
decision_type=2 2 2 2 2 2 2 2 2 2 2 2 2 2 2 2 2 2 2 2 2 2 2 2 2 2 2 2 2 2
left_child=10 2 -2 4 5 6 -3 8 9 15 -1 -7 -13 14 -14 -4 17 -11 19 20 -19 22 -20 24 -5 26 -26 -28 -25 -27
right_child=1 3 7 23 -6 11 -8 -9 -10 16 -12 12 13 -15 -16 -17 -18 18 21 -21 -22 -23 -24 28 25 29 27 -29 -30 -31
leaf_value=-0.046803862921568629 0.58390495732974779 0.29513264146531215 -0.0061069887495128553 0.013560661692926704 0.022662585855944748 0.004877920056981299 -0.03491675439181887 -0.026681844503046809 0.51169606230678677 0.021337553160014802 -0.021945599299500254 0.0091749589585376854 0.12210620404825177 -0.050365815111650197 0.96114805055741592 0.37243173353579584 0.025681524502543907 0.20898152853197122 0.88863586224793956 -0.050637890452434012 1.9605266464062876 -0.050371797062492091 0.12415017848897819 0.045548920454350557 0.69260814577919372 0.041096243890624821 0.0069240605346796366 0.44359921102402028 -0.0060425160788528873 0.1244822898207685
leaf_weight=255.3512000204064 0.15769550274126132 0.45319942873902519 39.332982910797 14.649404759053139 335.74534063972533 19.547823368106041 41.797789688920602 39.718804417178035 0.17794281570240755 2.0238365554250781 70.740976195549592 1.6424446573946618 0.28745516808703531 0.28358339215628803 0.29625247605144978 0.23337883455678721 8.4294475493952614 0.19272314943373203 0.15912754926830375 0.16703096614219282 0.14915984822437167 0.72416823287494481 0.55114827328361571 42.272183025721461 0.40199276804924267 8.3130721617490071 0.81084589427337028 0.40359224937856197 22.947357868775725 10.283050886355339
leaf_count=116840 39 27 7553 693 12468 2630 8198 7856 37 244 24273 184 24 48 22 15 950 33 13 22 15 119 54 2185 13 264 46 17 1734 157
internal_value=-0.00327491 0.0177263 -0.00296313 0.0215329 0.0167456 -0.014146 -0.0313765 -0.0039706 0.0133299 0.0116233 -0.0414112 0.0188589 0.127754 0.352315 0.54795 -0.00387421 0.0610865 0.136315 0.256053 0.63714 0.973162 0.120851 0.295423 0.040669 0.0654989 0.103142 0.286477 0.152044 0.0273966 0.087206
internal_weight=918.245 592.153 92.0174 500.135 400.054 64.3085 42.251 91.8598 52.1409 51.963 326.092 22.0576 2.50974 0.867291 0.583708 39.5664 12.3966 3.96719 1.94336 0.508914 0.341883 1.43444 0.710276 100.081 34.862 20.2126 1.61643 1.21444 65.2195 18.5961
internal_count=186773 45660 16950 28710 23601 11133 8225 16911 9055 9018 141113 2908 278 94 46 7568 1450 500 256 70 48 186 67 5109 1190 497 76 63 3919 421
is_linear=0
shrinkage=0.05


Tree=21
num_leaves=31
num_cat=0
split_feature=11 11 13 10 2 10 4 12 2 8 1 11 7 29 11 10 11 8 8 1 11 6 2 6 29 28 13 28 5 3
split_gain=272.471 16.9127 15.4809 26.1259 14.1065 24.1609 14.0081 13.3672 15.0027 11.778 14.5421 11.8998 11.0248 29.1144 11.0077 10.9894 15.1498 11.7171 13.398 11.4686 16.1384 10.8334 13.103 10.7892 19.2877 23.0276 10.3437 18.3542 27.6457 12.6925
threshold=0.002551024517668784 0.0036987585791874631 263.50000000000006 0.0031822810311430342 0.00050251070333673386 0.00044593049929069986 0.0055130817899250164 0.93728214285714795 -0.071085338514563709 1.2650267999272296 -0.013287956030744062 0.001302357351279557 0.00262419977997849 0.64469065160112859 0.0017326208224449672 0.0046902951481643815 0.0042579352982579357 1.1520171313557692 1.129089627174521 -0.013287956030744062 0.0080247131008483619 0.0016309777032509853 0.00046506940650592471 0.002141403904007637 1.0557344252986496 -0.00048015780497530645 271.50000000000006 -0.0063495208596600758 0.0057414230510394459 -0.010426168822440239
decision_type=2 2 2 2 2 2 2 2 2 2 2 2 2 2 2 2 2 2 2 2 2 2 2 2 2 2 2 2 2 2
left_child=6 4 3 7 5 -2 14 8 -3 10 -8 -12 -9 -14 -1 16 17 18 -4 20 -17 22 -7 -13 25 -25 27 -18 -29 -28
right_child=1 2 15 -5 -6 21 9 12 -10 -11 11 23 13 -15 -16 19 26 -19 -20 -21 -22 -23 -24 24 -26 -27 29 28 -30 -31
leaf_value=-0.048518521794733455 0.67421492033697294 0.22703451976368927 0.031670231755286084 0.021145333154623299 -0.026125405199376645 -0.0037136752792790526 0.53706566325071403 0.00040671972244241128 -0.034358763521395018 -0.050715284856651027 0.26484817296654911 -0.029540603675003892 0.032500892907657591 0.39050603424002261 -0.027402876704119172 0.024464120783743767 -0.021303588576044419 -0.043606331448656034 0.32499805381159302 0.0032484533774859038 0.18609335969496998 0.05014520165460621 0.36737139625280024 -0.050243971626543829 -0.050996113518467771 0.70522405796071652 0.10256806410930851 0.097174822796782467 0.4030533222329698 0.012728348833686613
leaf_weight=220.50278072571382 0.13799478812143107 0.55649706581607361 17.204391261097051 341.68572801537812 38.83796028397046 39.409449351020157 0.16985263023525465 18.393352495040748 40.388760799542069 2.6936794305220246 0.62151920422911588 2.3686289822217081 3.5256968988105646 0.67693187342956651 85.71160177490674 5.2067912872880688 3.1225614487193551 5.8054379257373503 0.39830403914675017 31.525566182564944 2.1956655634567142 13.668694171821697 0.23932844400405784 0.16323164035566151 0.45583478314802051 0.26401742035523046 5.7004102203063693 18.588709238450978 0.76927186269312997 12.668663278222082
leaf_count=107059 18 27 1319 12468 7877 7568 11 2677 8198 626 14 450 193 38 32854 126 150 520 35 1272 31 1456 31 37 37 25 298 535 31 792
internal_value=-0.00320949 0.0164987 0.0200732 0.0156705 -0.00319233 0.0134696 -0.0410391 -0.0137698 -0.0308061 0.0302806 0.0842435 0.064386 0.0171011 0.090166 -0.0426081 0.0373634 0.0500637 0.0179921 0.0383075 0.0163992 0.0724055 0.0117595 -0.00147373 0.0260704 0.175232 0.416595 0.0684418 0.0911851 0.10933 0.040608
internal_weight=913.657 600.706 508.413 405.227 92.2934 53.4555 312.951 63.5412 40.9453 6.73676 4.04308 3.87323 22.596 4.20263 306.214 103.186 64.2577 23.4081 17.6027 38.928 7.40246 53.3175 39.6488 3.25171 0.883084 0.427249 40.8496 22.4805 19.358 18.3691
internal_count=186773 45660 28710 23601 16950 9073 141113 11133 8225 1200 574 563 2908 231 139913 5109 3680 1874 1354 1429 157 9055 7599 549 99 62 1806 716 566 1090
is_linear=0
shrinkage=0.05


Tree=22
num_leaves=31
num_cat=0
split_feature=10 6 2 1 29 10 28 29 6 5 1 27 4 4 27 6 0 0 5 4 12 3 27 3 8 10 28 3 2 13
split_gain=211.834 40.2344 16.7218 13.7745 21.02 18.4502 18.5009 12.4667 16.3724 17.1481 11.5853 11.1821 11.1715 11.0901 9.8289 13.6848 18.4327 23.2325 12.1926 9.00708 13.7436 9.64632 21.4602 27.4251 16.2794 8.97015 8.84782 9.09502 16.6755 25.722
threshold=0.0023762038053189755 0.00099890358440464944 -0.071085338514563709 -0.0048772774522218834 4.8206272253573514 0.0069604162755077291 -0.018911058890414851 3.4741428724539554 0.0055983158071880919 0.0066531089644437198 0.031375460598845335 2.6767639580117675 0.0037992369290536601 0.0076745804644257265 3.9729146043249055 0.0023831196176748253 -0.00061563346875476144 0.0058192728748892595 0.0026902226074224556 0.0022330424553826246 0.38250357142857594 0.024946037341032404 285364.50000000006 0.019328914577563586 0.67411705545966216 0.016726715586870698 0.011813909568701536 0.001811173806846367 0.00030334602688131268 252.50000000000003
decision_type=2 2 2 2 2 2 2 2 2 2 2 2 2 2 2 2 2 2 2 2 2 2 2 2 2 2 2 2 2 2
left_child=1 2 -1 4 7 -5 -7 26 9 -9 -4 -8 -3 -6 15 -13 -17 18 -18 20 -16 22 23 -21 -25 -11 27 28 -2 -30
right_child=3 12 10 5 13 6 11 8 -10 25 -12 14 -14 -15 19 16 17 -19 -20 21 -22 -23 -24 24 -26 -27 -28 -29 29 -31
leaf_value=0.80454241446013042 0.03191086239091525 -0.016340730837658517 -0.041194634414862277 0.001735191789825516 -0.036307130167510138 -0.087417384562540945 0.019110092052091274 0.032563836810352811 0.31384373492627815 0.30628473493629405 0.55170708713865801 0.044073618305580542 0.024872241730533526 0.013860076232057029 -0.051856247500890178 0.03910664298057559 0.19043319017154658 0.038287854297896745 0.44458984803059876 -0.015310322784554459 0.31336597509897729 0.01012511436907401 0.32932654853640431 0.071628982613716918 0.50874198024617578 0.10289106282572102 0.14528542847811055 0.0080377674452842777 0.24754457284859926 0.047618071730338829
leaf_weight=0.058480347506700947 111.34773185080849 36.486386323580518 293.51445585489273 221.72915426385589 15.97735099121928 3.4308218993246546 70.644206865690649 7.0025586965493822 0.74943460337817747 0.97005540621466968 0.082414403557776406 6.5674045598134381 29.932666957844049 35.479024518514052 0.41449074354022986 2.050287926569581 0.82444200199097428 0.99370533414185036 1.1034791171550749 3.5921458033844855 0.68047499330714345 17.155600809957832 0.78158627729862917 0.40777075197547663 0.44595956243574619 1.2286964543163774 1.6869864212349046 35.740093560423702 2.3126763552427283 5.2859713891521096
leaf_count=7 5493 12691 132708 24407 784 41 2281 246 9 25 1 215 3727 658 24 44 25 15 22 98 27 543 15 28 21 21 38 2183 65 311
internal_value=-0.00311242 -0.032911 -0.0408598 0.0164459 0.0262107 0.0100176 0.0268516 0.0348508 0.089116 0.0708122 -0.0410282 0.0305619 0.00223247 -0.00171698 0.053665 0.0914502 0.15403 0.234679 0.335904 0.0350938 0.175114 0.0282441 0.0877073 0.0452306 0.299962 0.192625 0.0313977 0.0301556 0.0368015 0.108466
internal_weight=908.677 360.074 293.655 548.602 217.781 330.822 109.092 166.324 9.95075 9.20131 293.597 105.662 66.4191 51.4564 35.0173 11.5393 4.97191 2.92163 1.92792 23.478 1.09497 22.3831 5.22746 4.44588 0.85373 2.19875 156.373 154.686 118.946 7.59865
internal_count=186773 149134 132716 37639 9833 27806 3399 8391 301 292 132709 3358 16418 1442 1077 321 106 62 47 756 51 705 162 147 49 46 8090 8052 5869 376
is_linear=0
shrinkage=0.05


end of trees

feature_importances:
volatility_20=74
time_since_open=59
atr=56
volatility_5=50
returns_10=45
range_pct=45
distance_from_vwap=41
upper_wick=34
pressure_ratio=30
volume_ratio=29
returns_20=28
price_position=28
returns_5=26
volume_momentum=26
lower_wick=20
volume_ratio_20=19
time_to_close=18
body_pct=17
fvg_size_pct=15
returns=14
pv_divergence=8
fvg_up=3
liquidity_grab_low=3
bos_up=1
bos_down=1

parameters:
[boosting: gbdt]
[objective: binary]
[metric: auc]
[tree_learner: serial]
[device_type: cpu]
[data_sample_strategy: bagging]
[data: ]
[valid: ]
[num_iterations: 500]
[learning_rate: 0.05]
[num_leaves: 31]
[num_threads: 0]
[seed: 0]
[deterministic: 0]
[force_col_wise: 0]
[force_row_wise: 0]
[histogram_pool_size: -1]
[max_depth: -1]
[min_data_in_leaf: 20]
[min_sum_hessian_in_leaf: 0.001]
[bagging_fraction: 0.8]
[pos_bagging_fraction: 1]
[neg_bagging_fraction: 1]
[bagging_freq: 5]
[bagging_seed: 3]
[bagging_by_query: 0]
[feature_fraction: 0.8]
[feature_fraction_bynode: 1]
[feature_fraction_seed: 2]
[extra_trees: 0]
[extra_seed: 6]
[early_stopping_round: 0]
[early_stopping_min_delta: 0]
[first_metric_only: 0]
[max_delta_step: 0]
[lambda_l1: 0]
[lambda_l2: 0]
[linear_lambda: 0]
[min_gain_to_split: 0]
[drop_rate: 0.1]
[max_drop: 50]
[skip_drop: 0.5]
[xgboost_dart_mode: 0]
[uniform_drop: 0]
[drop_seed: 4]
[top_rate: 0.2]
[other_rate: 0.1]
[min_data_per_group: 100]
[max_cat_threshold: 32]
[cat_l2: 10]
[cat_smooth: 10]
[max_cat_to_onehot: 4]
[top_k: 20]
[monotone_constraints: ]
[monotone_constraints_method: basic]
[monotone_penalty: 0]
[feature_contri: ]
[forcedsplits_filename: ]
[refit_decay_rate: 0.9]
[cegb_tradeoff: 1]
[cegb_penalty_split: 0]
[cegb_penalty_feature_lazy: ]
[cegb_penalty_feature_coupled: ]
[path_smooth: 0]
[interaction_constraints: ]
[verbosity: -1]
[saved_feature_importance_type: 0]
[use_quantized_grad: 0]
[num_grad_quant_bins: 4]
[quant_train_renew_leaf: 0]
[stochastic_rounding: 1]
[linear_tree: 0]
[max_bin: 255]
[max_bin_by_feature: ]
[min_data_in_bin: 3]
[bin_construct_sample_cnt: 200000]
[data_random_seed: 1]
[is_enable_sparse: 1]
[enable_bundle: 1]
[use_missing: 1]
[zero_as_missing: 0]
[feature_pre_filter: 1]
[pre_partition: 0]
[two_round: 0]
[header: 0]
[label_column: ]
[weight_column: ]
[group_column: ]
[ignore_column: ]
[categorical_feature: ]
[forcedbins_filename: ]
[precise_float_parser: 0]
[parser_config_file: ]
[objective_seed: 5]
[num_class: 1]
[is_unbalance: 0]
[scale_pos_weight: 1]
[sigmoid: 1]
[boost_from_average: 1]
[reg_sqrt: 0]
[alpha: 0.9]
[fair_c: 1]
[poisson_max_delta_step: 0.7]
[tweedie_variance_power: 1.5]
[lambdarank_truncation_level: 30]
[lambdarank_norm: 1]
[label_gain: ]
[lambdarank_position_bias_regularization: 0]
[eval_at: ]
[multi_error_top_k: 1]
[auc_mu_weights: ]
[num_machines: 1]
[local_listen_port: 12400]
[time_out: 120]
[machine_list_filename: ]
[machines: ]
[gpu_platform_id: -1]
[gpu_device_id: -1]
[gpu_use_dp: 0]
[num_gpu: 1]

end of parameters

pandas_categorical:[]
