tree
version=v4
num_class=1
num_tree_per_iteration=1
label_index=0
max_feature_idx=30
objective=binary sigmoid:1
feature_names=returns returns_5 returns_10 returns_20 range_pct body_pct upper_wick lower_wick volume_ratio volume_ratio_20 volatility_5 volatility_20 atr time_since_open time_to_close price_position fvg_up fvg_down fvg_size_pct displacement_up displacement_down order_block_bull order_block_bear liquidity_grab_high liquidity_grab_low bos_up bos_down pressure_ratio distance_from_vwap volume_momentum pv_divergence
feature_infos=[-0.072086870962801752:0.03817018459954391] [-0.41097373883223542:0.29123073625966844] [-0.41734447874186054:0.27672955974842761] [-0.42302138796137534:0.32974176615841388] [0:0.10313391280727956] [0:0.077684829301379155] [0:0.032373663751214851] [0:0.097650414233328847] [0.0094778667509143703:4.8336139450100264] [0.0091364363125615768:17.397427935776776] [1.9528239969586537e-05:0.18840894429181493] [0.00012085252845317843:0.093004821541031846] [0.0093857142857134736:14.123821428571432] [241:383] [7:149] [0:0.99999999973781772] [0:1] [0:1] [0:0.074971738638932917] [0:1] [0:1] [0:1] [0:1] [0:1] [0:1] [0:1] [0:1] [0:18207692] [-0.12155582296937181:0.22592121730524209] [-0.99903813714441581:709.92562929061785] [-709.84769406794578:1.0054270341910052]
tree_sizes=3388 3415 3413 3404 3432

Tree=0
num_leaves=31
num_cat=0
split_feature=4 3 10 11 28 4 2 11 15 28 12 14 29 14 29 0 4 13 28 11 6 2 3 10 28 7 3 10 10 2
split_gain=6469.92 2556.98 954.626 809.03 697.717 565.408 457.399 361.731 349.62 344.358 338.883 603.316 594.958 329.432 365.169 335.311 352.655 318.819 311.409 305.323 275.414 261.74 229.006 228.158 209.519 196.724 181.664 174.931 167.719 279.924
threshold=0.0070466568739997052 -0.051594149866153786 0.003241560412562882 0.023310232750711899 -0.020423588983883179 0.013476019392037304 0.032984199339558658 0.007808043551115214 1.0000000180025095e-35 -0.014918310393935008 1.4028571428571441 145.50000000000003 5.4755578159914275 83.500000000000014 8.4066787038374517 0.0072741092992887344 0.010722493306909399 308.50000000000006 0.025279486414489943 0.004747709971756834 0.00145916614768255 0.010871743306771988 -0.051594149866153786 0.032719527243169032 0.025279486414489943 0.0017705633634450598 0.0688141689398344 0.00538255656152238 0.0090207893791242159 0.0083287838865807613
decision_type=2 2 2 2 2 2 2 2 2 2 2 2 2 2 2 2 2 2 2 2 2 2 2 2 2 2 2 2 2 2
left_child=2 3 -1 8 -4 19 9 -7 -2 13 -10 21 -13 -5 15 16 -15 -9 22 -3 -19 -12 27 -14 -21 -22 -20 -6 -11 -30
right_child=1 5 4 6 18 7 -8 17 10 28 11 12 23 14 -16 -17 -18 20 26 24 25 -23 -24 -25 -26 -27 -28 -29 29 -31
leaf_value=-5.0593080028299005 -1.8267915491303333 -4.9371998415279572 -4.0662786447816215 -4.5904590754229506 -4.8299769277016384 -4.7024589725448145 -0.88881954020681952 -4.0853280406562122 -4.3560373476608234 -4.2423827721114682 -4.3411871024632234 -0.25176426557466414 -2.1215827519349109 -0.99259516672601311 -3.6544970065185245 0.40519898638972673 -3.2114168956365443 -4.6862662163344257 -4.5627462660683875 -4.6667727566967621 -3.1533519617508068 -2.3321478967952953 -4.9460273353274422 -4.5904590754229488 -4.0891426404210343 -0.8113996283591689 -3.2731108878901467 -4.2525812273809063 -3.8130076860593278 -1.2372091435212891
leaf_weight=996.38971586991102 0.16961157415062 11.716245660558341 2.4919854355975977 0.20875270664691981 3.5487960129976264 2.3158503393642595 0.21527622872963537 3.3530903505161409 4.9056886062026024 0.90676956949755549 1.4416983802802863 0.22832327289506782 0.16961157415062189 0.30660553788766243 0.42402893537655473 0.13699396373704076 0.43055245745927095 0.13047044165432442 0.78934617200866231 23.341162011958662 0.18265861831605434 0.18265861831605423 83.422800393775105 0.20875270664691925 1.6830686973407853 0.17613509623333812 0.4175054132938385 2.0810035443864763 0.39793484704568982 0.14351748581975698
leaf_count=152738 26 1796 382 32 544 355 33 514 752 139 221 35 26 47 65 21 66 20 121 3578 28 28 12788 32 258 27 64 319 61 22
internal_value=-5.01869 -4.48121 -5.04503 -3.78093 -4.8916 -4.65223 -3.11393 -4.20885 -4.07036 -3.27602 -4.12368 -3.61278 -2.26739 -2.7469 -2.45045 -1.86639 -2.28854 -3.91135 -4.91439 -4.72655 -2.71903 -4.11527 -4.9252 -3.48372 -4.62792 -2.00367 -4.1166 -4.61655 -3.82659 -3.13027
internal_weight=1142.52 53.3755 1089.14 10.4768 92.7514 42.8987 3.17043 6.1582 7.30634 2.95516 7.13673 2.23104 0.606688 1.50693 1.29818 0.874152 0.737158 3.84235 90.2595 36.7405 0.489264 1.62436 89.0526 0.378364 25.0242 0.358794 1.20685 5.6298 1.44822 0.541452
internal_count=175138 8182 166956 1606 14218 6576 486 944 1120 453 1094 342 93 231 199 134 113 589 13836 5632 75 249 13651 58 3836 55 185 863 222 83
is_linear=0
shrinkage=1


Tree=1
num_leaves=31
num_cat=0
split_feature=6 5 7 5 28 7 2 3 27 6 2 28 12 2 2 27 9 1 12 0 18 1 15 8 12 12 28 9 13 29
split_gain=1256.38 677.37 364.168 198.043 174.45 96.7095 91.3495 73.6654 73.5666 106.798 73.2446 73.1468 63.7498 64.633 62.8215 60.1355 60.0906 63.1351 57.3499 56.2987 53.221 50.4377 48.9313 47.2001 46.0174 57.9316 48.0554 44.5667 74.7929 44.1766
threshold=0.0015982185232092556 0.0041134854569138098 0.0027945864432423187 0.0017992073058611777 -0.013413914000899484 0.0017369576508959761 0.07786734529278018 0.054228129583427383 0.33011339980002069 0.0041748257066209849 -0.078237031874417592 -0.013413914000899484 1.6310607142857056 -0.014948396663959472 -0.0074596676691247579 2.9892564149234637 0.28034314889241857 0.009147534183109431 1.0417892857142872 0.003507597137416885 0.0034289677016759025 0.012594265451581712 0.90697673363979081 1.2126504534514932 0.61935714285714238 0.52445714285713974 0.025279486414489943 0.34134745437973918 266.50000000000006 -0.54293530355526798
decision_type=2 2 2 2 2 2 2 2 2 2 2 2 2 2 2 2 2 2 2 2 2 2 2 2 2 2 2 2 2 2
left_child=1 2 4 5 10 -2 21 11 9 -5 -1 14 -11 -14 -3 -8 -10 29 -13 -12 -16 -6 -20 -7 25 26 -9 28 -4 -18
right_child=3 7 27 8 6 23 15 24 16 12 19 18 13 -15 20 -17 17 -19 22 -21 -22 -23 -24 -25 -26 -27 -28 -29 -30 -31
leaf_value=0.81010930547868609 0.036452877347591117 0.16875604027857349 1.3130653011180229 0.21338119415218029 -0.041377647386235589 0.21818632932318582 0.16269825516870717 0.14772896465871682 0.82846712207697415 0.43204008276724848 0.12888876192503709 0.03868802616705868 1.4556458870311331 0.37318832425530613 1.1862102620182748 0.97099381757264558 0.28944011063294695 0.23974339158296387 0.21918549645785396 0.7638112899534869 0.25042589855746583 0.073155825114528852 0.030143053629706269 0.022255439209745265 0.18610552479967632 0.91996750895418511 0.72127929140362934 0.16046779014353207 -0.050338656201805235 0.11248792781677497
leaf_weight=0.46467467723414291 48.200983401853591 18.989016038365666 0.22003200883046048 11.790568897966294 933.74837928498164 13.527630960568787 0.70176902506500372 1.2379624792374664 0.34090406447648902 3.2862511859275396 6.6891829958185545 37.681041375268251 0.33182505797594786 0.23596806544810522 0.28300680872052808 0.34236874617636204 3.8869137912988654 18.493803040590137 9.9121538861654681 0.36836435133591283 0.32807687250897288 9.7123575182631594 5.2286371039226642 3.9776218361221245 5.4912088643759489 0.51508090924471606 0.51802955754101265 21.064708421006799 0.18530085403472185 38.104226459283382
leaf_count=38 7098 922 31 937 148031 1282 65 118 31 165 815 4778 20 22 30 26 348 1274 941 37 13 1350 422 425 522 42 33 2406 28 2888
internal_value=-0.0028476 -0.0216733 -0.0331788 0.136671 -0.0377712 0.0730088 -0.0396813 0.118012 0.191371 0.288071 0.202062 0.102322 0.516567 1.00579 0.184814 0.427735 0.1665 0.162769 0.071713 0.162028 0.683809 -0.0401986 0.153903 0.173666 0.264398 0.453699 0.31693 0.170461 0.689775 0.128868
internal_weight=1195.86 1053.68 973.497 142.177 952.027 65.7062 944.505 80.1842 76.4705 15.6446 7.52222 72.4219 3.85404 0.567793 19.6001 1.04414 60.8258 60.4849 52.8218 7.05755 0.611084 943.461 15.1408 17.5053 7.76228 2.27107 1.75599 21.47 0.405333 41.9911
internal_count=175138 160648 152827 14490 150362 8805 149472 7821 5685 1144 890 7106 207 42 965 91 4541 4510 6141 852 43 149381 1363 1707 715 193 151 2465 59 3236
is_linear=0
shrinkage=0.05


Tree=2
num_leaves=31
num_cat=0
split_feature=10 6 6 7 27 15 28 13 9 7 6 5 1 27 5 6 7 1 6 5 9 18 10 12 12 7 7 6 14 13
split_gain=2127.34 112.315 104.712 101.659 95.7928 149.801 68.8726 55.6596 68.0097 66.8631 103.715 63.4475 48.894 77.0549 103.651 104.976 47.1596 42.5545 50.8728 40.6389 49.1672 58.3346 48.9884 90.2523 112.718 50.1685 56.5137 42.1673 95.0605 83.4022
threshold=0.003241560412562882 0.0017691549654833248 0.00094583512805280015 0.0022361282714540571 807036.50000000012 0.85707658717272694 -0.013413914000899484 318.50000000000006 1.0852504222674375 0.0032939894094204821 0.00029529012254544707 0.0017377911193124332 -0.010160912314841562 0.19389210335192911 0.0010633548650781331 0.0024932865951191921 0.00238561293611511 -0.0030036081687507816 0.00035842877866769357 0.011253668068423343 0.77524902074084778 1.0000000180025095e-35 0.0042561295721063302 0.18392857142857091 0.13416428571428188 0.0018505894869427335 0.0022361282714540571 0.0010792786962402197 134.50000000000003 250.50000000000003
decision_type=2 2 2 2 2 2 2 2 2 2 2 2 2 2 2 2 2 2 2 2 2 2 2 2 2 2 2 2 2 2
left_child=1 16 3 6 12 -6 17 -5 9 -9 -11 -12 13 -3 -15 -16 -1 -2 -19 20 21 22 23 24 -4 -25 -27 28 -24 -30
right_child=2 4 19 7 5 -7 -8 8 -10 10 11 -13 -14 14 15 -17 -18 18 -20 -21 -22 -23 27 25 -26 26 -28 -29 29 -31
leaf_value=-0.042821618644450332 0.13935152163844 0.053797376302842273 -0.050360973391977204 0.14962694021414261 -0.05046278849423752 1.6509371957674095 0.037963446240167058 0.2894284680254024 -0.050532399834447107 0.12820980287542422 1.8732247957850885 0.75535823535069568 0.019245428504081376 -0.050385146734287838 0.32988792580150683 1.7177851210238708 0.040106844043333048 0.88847724898264924 0.085380530463327386 0.24473190774469261 0.12785914950060551 0.055676140629072939 0.26602030865619591 0.038425656998414041 1.5253325918391436 0.73573475394411447 0.16560636982125523 0.25120361530831725 0.4508429091453337 1.883971721651577
leaf_weight=881.16546713188291 12.994029249064623 1.8704059724695974 0.2052867528982486 24.289988896343861 0.2877097106538703 0.23507961910218 64.666669572237879 1.0297026559710496 0.62341460678726424 0.2796925869770347 0.25984272267669439 0.24815828539431095 39.234455849044025 0.35310543049126852 0.26293894415721297 0.28275142703205347 17.483808383345604 0.42586678639054198 0.36723630968481302 11.315071223303674 98.785728799644858 6.1284117083996525 0.94724134774878865 7.306498197373001 0.25384087720885873 0.57239365996792946 1.8063366673886774 18.29892146633938 0.19944486347958446 0.20676252525299788
leaf_count=145638 644 192 29 1791 36 23 7921 124 69 28 22 23 5515 49 33 31 2311 32 30 334 7065 487 100 948 31 70 146 1374 22 20
internal_value=-0.00294722 -0.0374508 0.126323 0.0882871 0.0419491 0.714596 0.0595948 0.172498 0.400102 0.554682 0.901431 1.32715 0.0335771 0.236631 0.617109 1.04903 -0.0412082 0.161053 0.516614 0.15372 0.146075 0.196166 0.225061 0.135827 0.820803 0.103356 0.302796 0.271122 0.540426 1.18032
internal_weight=1192.39 941.176 251.211 105.185 42.5264 0.522789 78.4538 26.7308 2.44081 1.8174 0.787694 0.508001 42.0037 2.7692 0.898796 0.54569 898.649 13.7871 0.793103 146.026 134.711 35.9251 29.7967 10.1444 0.459128 9.68523 2.37873 19.6524 1.35345 0.406207
internal_count=175138 153828 21310 10684 5879 59 8627 2057 266 197 73 45 5820 305 113 64 147949 706 62 10626 10292 3227 2740 1224 60 1164 216 1516 142 42
is_linear=0
shrinkage=0.05


Tree=3
num_leaves=31
num_cat=0
split_feature=11 4 11 13 27 11 4 13 7 18 11 13 1 15 7 30 27 27 12 13 14 14 2 2 12 11 12 2 1 4
split_gain=1875.73 327.96 53.3714 52.5326 75.938 68.9861 185.604 85.6483 74.0527 65.9091 58.2101 64.0668 50.5172 49.0373 80.8256 45.9678 69.8892 67.2406 73.2386 45.1507 87.0939 81.9823 112.889 258.454 208.282 41.8597 40.3359 54.1742 39.5302 49.6669
threshold=0.0036379885944268827 0.0040952080122236339 0.0023699649203307561 320.50000000000006 2.377594554669654 0.0070380590628699195 0.0082742803701931957 344.50000000000006 0.0021053401426761316 0.00015272970057914417 0.0039902141344919572 326.50000000000006 0.054159519141094743 0.83401240066498983 0.0027945864432423187 -30.491570439839894 0.56856660905878331 0.41204309024543984 0.59262142857143074 263.50000000000006 121.50000000000001 123.50000000000001 0.0026852896388953611 -0.0031229632871173636 0.47436785714285185 0.016337970691581008 0.36808214285714774 0.0045435208957133053 -0.0024793298510393798 0.0062474011910644981
decision_type=2 2 2 2 2 2 2 2 2 2 2 2 2 2 2 2 2 2 2 2 2 2 2 2 2 2 2 2 2 2
left_child=2 19 -1 12 5 -5 7 8 -7 10 -6 -12 28 -13 -15 -14 17 18 -17 25 -21 22 23 -22 -25 -2 27 -8 -3 -30
right_child=1 3 -4 4 9 6 26 -9 -10 -11 11 13 15 14 -16 16 -18 -19 -20 20 21 -23 -24 24 -26 -27 -28 -29 29 -31
leaf_value=-0.047800695205860028 -0.016377059834666474 0.13548408803020126 -0.013224295894965089 0.083144972631832334 -0.051092292535446018 1.8985497880421578 0.69841984584218519 0.17000105354101458 0.77302512893700537 0.089582263803977116 0.22982191280738951 0.50041528931172408 0.040556062481040898 0.66958459581326746 1.64226586587384 0.87480015512215514 0.19028679857773892 1.0536363290551556 0.19194053742276135 0.03797981794711703 0.2135374694517459 0.13643412207670808 -0.050319366756745525 0.71722034633039566 3.4148674384161897 0.16010319780007687 0.074260564024760153 0.11022701850212709 0.045567673681028306 0.11723899933654945
leaf_weight=721.64214885048568 61.766491911839694 106.69446144718677 132.02496583294123 11.58196173375473 0.41150312591344063 0.28216404188424249 0.73319409321993567 0.22620047396048903 0.30315085360780358 1.3605769327841697 0.87374056549742851 0.99733585538342573 2.7285577319562426 0.62387985549867153 0.32474381942301989 0.53986660577356671 6.598408788908273 0.45262001268565644 1.4400507640093563 20.36102293711156 0.37887636572122574 1.8737195488065479 0.33663940709084272 0.13028400763869219 0.15872131427749991 3.553332761861383 3.1446251003071666 0.83990413136780262 36.945067562162876 69.917225394863635
leaf_count=124159 9433 6222 20609 1169 39 25 35 18 17 94 48 79 156 46 20 26 337 27 81 2961 54 285 54 20 25 391 68 27 4533 4080
internal_value=-0.00308263 0.097071 -0.0424532 0.126667 0.200961 0.152512 0.297813 0.996284 1.31561 0.381508 0.504431 0.585503 0.119511 0.745205 1.00256 0.220403 0.27474 0.503826 0.378137 0.0145181 0.0743727 0.33182 0.696271 1.07258 2.19876 -0.00677671 0.177666 0.384374 0.113955 0.0924604
internal_weight=1189.25 335.578 853.667 247.019 21.703 17.1112 5.52924 0.811515 0.585315 4.59178 3.2312 2.8197 225.316 1.94596 0.948624 11.7595 9.03095 2.43254 1.97992 88.5591 23.2393 2.87824 1.00452 0.667882 0.289005 65.3198 4.71772 1.5731 213.557 106.862
internal_count=175138 30370 144768 17147 1685 1359 190 60 42 326 232 193 15462 145 66 627 471 134 107 13223 3399 438 153 99 45 9824 130 62 14835 8613
is_linear=0
shrinkage=0.05


Tree=4
num_leaves=31
num_cat=0
split_feature=11 4 10 11 15 4 13 27 29 13 27 11 27 8 14 1 10 27 1 11 13 11 10 18 1 6 6 8 13 13
split_gain=1588.36 263.722 59.1242 53.4865 45.8384 45.2356 29.8642 32.1414 63.2445 29.7732 36.0296 66.6927 33.7554 35.9987 31.5298 35.5163 27.679 32.8365 49.4123 26.9418 22.9985 39.2469 49.2796 24.9749 22.3209 29.6847 34.3277 28.1374 25.7914 160.162
threshold=0.0036379885944268827 0.0033046061797379731 0.0026827253609663453 0.0023699649203307561 0.97485206824995818 0.010722493306909399 264.50000000000006 187212.00000000003 -0.090148032121999719 266.50000000000006 0.53385917921827586 0.0043326859315722232 0.30938406274967212 0.92752528011448188 67.500000000000014 -0.0038653139565729684 0.002473713289583498 67.356362417371272 0.01425581081258598 0.016337970691581008 246.50000000000003 0.0013220158979692475 0.0015408212477980127 0.0026447052950402282 0.054159519141094743 0.0019907973795751681 0.0017331022530329282 0.58685680137838958 263.50000000000006 267.50000000000006
decision_type=2 2 2 2 2 2 2 2 2 2 2 2 2 2 2 2 2 2 2 2 2 2 2 2 2 2 2 2 2 2
left_child=3 16 5 20 24 6 -3 9 -9 10 -8 -12 13 14 -11 -16 -2 19 -19 -18 21 22 -1 -23 28 26 27 -26 -4 -30
right_child=1 2 4 -5 -6 -7 7 8 -10 12 11 -13 -14 -15 15 -17 17 18 -20 -21 -22 23 -24 -25 25 -27 -28 -29 29 -31
leaf_value=-0.050310125849648592 -0.039293229973431786 -0.0050771563325281667 0.099402470088730266 -0.012732427718442614 0.020704564989502516 0.36207369810563572 -0.050414752158241066 0.87250791545123241 0.037426722831177921 0.85596605701885875 0.15803846227014828 1.4637405929842606 -0.0059775883627361257 0.035630648960280759 0.15148918772615613 0.99317540382746827 0.0057281713997335004 -0.050469983709176963 0.90815100454141118 0.1950156951358811 -0.048238836687348269 -0.026929622567996525 1.0329565023800287 0.66134489715390565 0.42845803461126319 0.11397963145138923 0.63084726992499129 0.1513647173362844 0.40309495396349582 0.11628320122305702
leaf_weight=0.19261972885578815 35.325008016545326 21.33896145503968 157.02476450428367 130.31352064199746 13.619065582286565 1.0638332469388831 0.27607041876762828 0.37881106976419687 0.56473931157961565 0.2757366080768392 0.23990627890452743 0.16510213119909167 7.8468078724108636 1.7270247354172168 0.97899530688300718 0.14373480295762409 25.639166730921723 0.27748380368575354 0.26073882589116693 2.0285802795551708 685.64413227234036 2.127376739867032 0.2307665916159749 0.14050646685063828 1.2480765907093863 7.18929857108742 0.58627505972981442 3.4449546784162521 5.1751282401382914 81.881022108253092
leaf_count=32 5837 2792 9271 20609 838 36 35 27 49 32 33 21 1066 192 93 20 3378 36 28 165 123768 303 36 20 58 302 28 153 484 5396
internal_value=-0.00329551 0.0828769 0.102171 -0.0421054 0.110093 0.0410252 0.0309609 0.0920087 0.37269 0.0692825 0.390062 0.690309 0.0493709 0.188328 0.3769 0.259244 -0.00980274 0.027131 0.413928 0.0196066 -0.0476662 0.098212 0.540124 0.0157124 0.114838 0.18009 0.270119 0.225056 0.111504 0.133333
internal_weight=1187.35 368.699 305.168 818.649 270.169 34.9997 33.9359 12.5969 0.94355 11.6534 0.681079 0.405008 10.9723 3.12549 1.39847 1.12273 63.531 28.206 0.538223 27.6677 688.335 2.69127 0.423386 2.26788 256.55 12.4686 5.27931 4.69303 244.081 87.0562
internal_count=175138 30370 20926 144768 16530 4396 4360 1568 76 1492 89 54 1403 337 145 113 9444 3607 64 3543 124159 391 68 323 15692 541 239 211 15151 5880
is_linear=0
shrinkage=0.05


end of trees

feature_importances:
volatility_20=13
time_since_open=13
upper_wick=11
pressure_ratio=11
returns_10=10
lower_wick=10
atr=10
returns_5=9
volatility_5=9
range_pct=8
distance_from_vwap=8
time_to_close=6
body_pct=5
price_position=5
returns_20=4
volume_ratio_20=4
fvg_size_pct=4
volume_momentum=4
volume_ratio=3
returns=2
pv_divergence=1

parameters:
[boosting: gbdt]
[objective: binary]
[metric: auc]
[tree_learner: serial]
[device_type: cpu]
[data_sample_strategy: bagging]
[data: ]
[valid: ]
[num_iterations: 500]
[learning_rate: 0.05]
[num_leaves: 31]
[num_threads: 0]
[seed: 0]
[deterministic: 0]
[force_col_wise: 0]
[force_row_wise: 0]
[histogram_pool_size: -1]
[max_depth: -1]
[min_data_in_leaf: 20]
[min_sum_hessian_in_leaf: 0.001]
[bagging_fraction: 0.8]
[pos_bagging_fraction: 1]
[neg_bagging_fraction: 1]
[bagging_freq: 5]
[bagging_seed: 3]
[bagging_by_query: 0]
[feature_fraction: 0.8]
[feature_fraction_bynode: 1]
[feature_fraction_seed: 2]
[extra_trees: 0]
[extra_seed: 6]
[early_stopping_round: 0]
[early_stopping_min_delta: 0]
[first_metric_only: 0]
[max_delta_step: 0]
[lambda_l1: 0]
[lambda_l2: 0]
[linear_lambda: 0]
[min_gain_to_split: 0]
[drop_rate: 0.1]
[max_drop: 50]
[skip_drop: 0.5]
[xgboost_dart_mode: 0]
[uniform_drop: 0]
[drop_seed: 4]
[top_rate: 0.2]
[other_rate: 0.1]
[min_data_per_group: 100]
[max_cat_threshold: 32]
[cat_l2: 10]
[cat_smooth: 10]
[max_cat_to_onehot: 4]
[top_k: 20]
[monotone_constraints: ]
[monotone_constraints_method: basic]
[monotone_penalty: 0]
[feature_contri: ]
[forcedsplits_filename: ]
[refit_decay_rate: 0.9]
[cegb_tradeoff: 1]
[cegb_penalty_split: 0]
[cegb_penalty_feature_lazy: ]
[cegb_penalty_feature_coupled: ]
[path_smooth: 0]
[interaction_constraints: ]
[verbosity: -1]
[saved_feature_importance_type: 0]
[use_quantized_grad: 0]
[num_grad_quant_bins: 4]
[quant_train_renew_leaf: 0]
[stochastic_rounding: 1]
[linear_tree: 0]
[max_bin: 255]
[max_bin_by_feature: ]
[min_data_in_bin: 3]
[bin_construct_sample_cnt: 200000]
[data_random_seed: 1]
[is_enable_sparse: 1]
[enable_bundle: 1]
[use_missing: 1]
[zero_as_missing: 0]
[feature_pre_filter: 1]
[pre_partition: 0]
[two_round: 0]
[header: 0]
[label_column: ]
[weight_column: ]
[group_column: ]
[ignore_column: ]
[categorical_feature: ]
[forcedbins_filename: ]
[precise_float_parser: 0]
[parser_config_file: ]
[objective_seed: 5]
[num_class: 1]
[is_unbalance: 0]
[scale_pos_weight: 1]
[sigmoid: 1]
[boost_from_average: 1]
[reg_sqrt: 0]
[alpha: 0.9]
[fair_c: 1]
[poisson_max_delta_step: 0.7]
[tweedie_variance_power: 1.5]
[lambdarank_truncation_level: 30]
[lambdarank_norm: 1]
[label_gain: ]
[lambdarank_position_bias_regularization: 0]
[eval_at: ]
[multi_error_top_k: 1]
[auc_mu_weights: ]
[num_machines: 1]
[local_listen_port: 12400]
[time_out: 120]
[machine_list_filename: ]
[machines: ]
[gpu_platform_id: -1]
[gpu_device_id: -1]
[gpu_use_dp: 0]
[num_gpu: 1]

end of parameters

pandas_categorical:[]
