tree
version=v4
num_class=1
num_tree_per_iteration=1
label_index=0
max_feature_idx=30
objective=binary sigmoid:1
feature_names=returns returns_5 returns_10 returns_20 range_pct body_pct upper_wick lower_wick volume_ratio volume_ratio_20 volatility_5 volatility_20 atr time_since_open time_to_close price_position fvg_up fvg_down fvg_size_pct displacement_up displacement_down order_block_bull order_block_bear liquidity_grab_high liquidity_grab_low bos_up bos_down pressure_ratio distance_from_vwap volume_momentum pv_divergence
feature_infos=[-0.14263445050662515:1.3809523809523809] [-0.34662998624484176:3.2676518883415433] [-0.46600559237779615:4.5812807881773407] [-0.46601941747572817:4.5683690280065887] [0:0.42298483639265771] [0:0.42138866719872303] [0:0.12956521739130436] [0:0.21311475409836064] [0.002261614521374519:4.9977456721076479] [0.00069638707422023805:19.864151815121129] [0:0.63608277400300628] [0.00014868854196793893:0.34339939575867112] [0.0051714285714284458:13.865885714285712] [0:383] [7:390] [0:0.99999999983145116] [0:1] [0:1] [0:0.57931034482758625] [0:1] [0:1] [0:1] [0:1] [0:1] [0:1] [0:1] [0:1] [0:40510420] [-0.34332722358685963:0.94689106818769619] [-0.99967961726785204:13894.879999999999] [-13894.8921558813:1.2110919793966151]
tree_sizes=3385 3442 3413 3454 3408 3447 3438 3441 3449 3462 3466 3446 3447 3462 3471 3469 3458 3439 3462 3453 3447 3444 3474 3472 3471 3473 3478

Tree=0
num_leaves=31
num_cat=0
split_feature=10 4 14 4 11 3 28 4 13 12 11 12 12 11 28 3 11 29 12 13 14 8 12 12 14 12 11 6 28 2
split_gain=6114.39 2284.16 1114.14 633.302 561.225 299.661 298.919 288.291 196.461 198.855 196.391 236.14 192.588 184.776 168.66 162.277 177.832 160.412 150.152 145.263 140.689 166.858 158.375 153.367 139.831 137.545 218.646 134.802 134.079 129.592
threshold=0.004864012675704887 0.017512804597323153 150.50000000000003 0.0088589825302136157 0.0034814989189583482 0.051348047313817487 -0.022023669392514589 0.0069403716763985508 241.50000000000003 0.24759999999999927 0.008413550365046733 2.4176607142857072 0.47917499999999996 0.011417101344471122 -0.017250264807314192 0.0004271774829451847 0.014488669397320131 0.62643377879735829 0.32605714285714432 240.50000000000003 76.500000000000014 0.87395927128891182 0.16186428571428688 0.98488214285714459 175.50000000000003 0.42428928571428776 0.025953485449893728 0.008205401081307781 0.019170206895387263 -0.020672997233910081
decision_type=2 2 2 2 2 2 2 2 2 2 2 2 2 2 2 2 2 2 2 2 2 2 2 2 2 2 2 2 2 2
left_child=4 2 3 14 19 -4 12 8 9 -6 -3 15 18 -8 17 28 -17 -2 29 -1 21 23 -22 -15 -7 26 -26 -9 -12 -5
right_child=1 10 5 6 7 24 13 27 -10 -11 11 -13 -14 20 -16 16 -18 -19 -20 -21 22 -23 -24 -25 25 -27 -28 -29 -30 -31
leaf_value=-4.1474453869768411 -3.8554945163093084 -3.8560051307072145 -3.8370102751051189 -3.685439497230762 -4.1407753956173483 -2.4617827295133923 -4.1461667390356673 -4.1878920195073057 -4.3500991670069444 -2.769125249172153 -3.158337106920075 -4.2060685147413173 -3.9967589293910271 -3.4662381427151918 -4.2558920311460877 -3.9605041279779396 -3.2768465887467544 -4.257426304667808 -2.6273193785198048 -4.4044376659549744 -3.3404003280858836 -3.9310867863085335 -4.0172064850597842 -1.9269720173388381 -3.2912850586004656 -2.4787608473602063 -4.4100217524350054 -3.3259459845135977 -2.0702248866713076 -2.4999834946687178
leaf_weight=5.5222030058503142 5.4100137799978238 2.256249986588954 12.477935008704661 1.9321477785706525 7.2424378022551528 0.43629143387079183 20.655283026397228 27.461429394781593 254.49502611160278 0.27424032986164082 5.2728936150670016 0.73546270281076509 2.056802473962307 0.42382596433162578 94.401000820100307 1.4459944665431974 2.7797997072339058 4.5872927904129028 0.56094612926244725 1289.3783072531223 0.93491021543741126 0.83518645912408829 11.45576650649309 0.26177486032247543 1.8324240222573287 0.3365676775574683 0.57341159880161274 0.46122237294912238 0.29917126893997181 0.26177486032247466
leaf_count=443 434 181 1001 155 581 35 1657 2203 20416 22 423 59 165 34 7573 116 223 368 45 103436 75 67 919 21 147 27 46 37 24 21
internal_value=-4.35852 -4.07557 -4.12714 -4.17076 -4.38926 -3.72661 -3.9999 -4.32638 -4.34266 -4.09073 -3.43266 -3.34198 -3.63067 -4.0513 -4.23521 -3.27712 -3.51078 -4.03992 -3.35734 -4.40334 -3.91043 -3.45657 -3.96614 -2.87852 -3.29321 -3.42548 -3.55793 -4.17365 -3.09991 -3.54399
internal_weight=1757.06 172.223 159.433 143.777 1584.83 15.6566 39.3784 289.934 262.012 7.51668 12.7896 10.5333 4.81167 34.5667 104.398 9.79786 4.22579 9.99731 2.75487 1294.9 13.9115 1.52079 12.3907 0.685601 3.17869 2.7424 2.40584 27.9227 5.57206 2.19392
internal_count=140954 13816 12790 11534 127138 1256 3159 23259 21019 603 1026 845 386 2773 8375 786 339 802 221 103879 1116 122 994 55 255 220 193 2240 447 176
is_linear=0
shrinkage=1


Tree=1
num_leaves=31
num_cat=0
split_feature=5 13 6 7 1 5 18 18 18 28 6 9 3 28 13 17 28 0 27 6 8 25 9 0 7 3 6 5 9 9
split_gain=1916.24 1335.75 877.115 385.95 243.803 231.867 179.421 168.019 160.363 139.605 109.822 110.687 180.952 102.617 99.7258 91.3324 91.2614 90.8785 89.0172 81.8722 81.784 78.1203 77.9892 72.3406 70.5489 65.9988 65.7582 62.8128 71.8353 59.2179
threshold=0.0054321697736372737 240.50000000000003 0.0030435517783888545 0.0030030548325336464 -0.0084289063581224882 0.012143708958207504 0.0078164662975638548 0.014982978723404322 0.00011614536881106095 0.012572922053677009 0.0051791155846638249 1.0691904059141988 0.06546719509736855 0.041298093479529709 215.50000000000003 1.0000000180025095e-35 -0.022023669392514589 -0.0055012892281984796 0.43189919714413144 0.0051791155846638249 0.17896914330929356 1.0000000180025095e-35 1.2619334808964497 -0.0085016097323246647 0.0054219293660006714 -0.026725590127780748 0.001527777777777707 0.0027900367450713177 0.78989779953381556 0.62895974181735348
decision_type=2 2 2 2 2 2 2 2 2 2 2 2 2 2 2 2 2 2 2 2 2 2 2 2 2 2 2 2 2 2
left_child=1 7 3 4 17 8 9 14 19 23 16 12 18 26 -1 21 27 -3 -12 22 -8 -9 -2 -6 -5 -25 -10 28 -4 -18
right_child=5 2 10 24 6 -7 20 15 13 -11 11 -13 -14 -15 -16 -17 29 -19 -20 -21 -22 -23 -24 25 -26 -27 -28 -29 -30 -31
leaf_value=0.16928590636149848 0.27415572109176134 0.32320380704775592 1.1978919408609168 0.094366350668045135 0.69710093959712782 0.31915922893507792 1.1439730392056289 1.1192182880480344 0.053505174912853018 0.056978031559807456 0.057843500661019814 0.20264618903499265 1.3764410568079031 0.67112534922980061 0.35019044396771937 0.28473494957319606 0.27109003687302829 0.050298354249975433 0.53522872431585922 0.43997151679153773 0.2912293218066368 0.543436306059492 0.11865333630486384 0.019150960935349907 0.25786396082795415 -0.040492589366862647 0.19560105240115505 0.12518879484077666 0.41288863085939947 0.087620957428684546
leaf_weight=29.01729610748589 18.743595158681273 3.2086996510624877 0.44039473775774529 28.596676272340119 0.33430270943790574 29.500693458132446 0.33482236322015468 0.76889510732144062 35.918948435224593 39.480626004748046 1.3686192361637939 8.273186167702077 0.52495218720287073 0.76084521599113841 10.330206329002975 2.6775284660980105 5.4310238743200925 61.887951746582985 3.4083879832178354 4.2703010067343703 1.7547289421781895 2.5192560758441687 14.150119910947977 47.985942899249494 8.5767969805747253 1387.5950121246278 10.528455992229281 0.84675629343837489 0.86157865636050701 23.125471726059914
leaf_count=1467 1097 221 24 2108 24 1032 25 34 2429 3042 58 451 26 34 512 119 373 4718 169 161 129 86 858 3750 512 115176 570 34 47 1668
internal_value=4.72602e-05 -0.0134899 -0.0209609 -0.0271128 -0.0309493 0.198499 -0.0351216 0.25427 0.156311 -0.0357774 0.198517 0.316942 0.495288 0.0951497 0.21678 0.501536 0.146159 0.0637502 0.398457 0.234001 0.42787 0.678076 0.207262 -0.0383277 0.132089 -0.0384989 0.0857147 0.460405 0.678417 0.122514
internal_weight=1783.22 1669.35 1624.04 1579.76 1542.58 113.873 1477.49 45.3132 84.3723 1475.4 44.2804 13.5751 5.30196 47.2082 39.3475 5.96568 30.7052 65.0967 4.77701 37.164 2.08955 3.28815 32.8937 1435.92 37.1735 1435.58 46.4474 2.14873 1.30197 28.5565
internal_count=140954 134773 132555 129705 127085 6181 122146 2218 5149 121992 2850 704 253 3033 1979 239 2146 4939 227 2116 154 120 1955 118950 2620 118926 2999 105 71 2041
is_linear=0
shrinkage=0.05


Tree=2
num_leaves=31
num_cat=0
split_feature=10 13 13 28 7 10 10 1 14 6 10 27 12 13 7 13 13 10 12 15 6 9 18 13 6 28 1 28 6 14
split_gain=3334.31 319.132 220.788 214.015 149.711 121.071 101.656 82.8221 82.5295 82.336 79.5037 78.5058 70.4666 69.6363 67.172 67.1054 87.2815 66.9803 78.977 64.0472 73.2153 58.3642 57.7128 55.8145 53.8113 52.8475 50.7792 54.2416 50.1947 50.0724
threshold=0.0037945885755498697 300.50000000000006 240.50000000000003 -0.015729935857607576 0.0025708884756858743 0.0024592261350611841 0.005738043241292983 -0.0063350153623774599 165.50000000000003 0.0029119387335311427 0.01151074054127906 1.0000000180025095e-35 0.18706071428571344 311.50000000000006 0.0054219293660006714 272.50000000000006 281.50000000000006 0.0072518134994326673 0.076007142857141594 0.99999990913220227 0.004149683674079605 1.1419385160676974 1.0000000180025095e-35 368.50000000000006 0.004605057069961299 -0.0016294395772965141 -0.0092301537994530208 0.024474420253242452 8.0593991906454426e-05 125.50000000000001
decision_type=2 2 2 2 2 2 2 2 2 2 2 2 2 2 2 2 2 2 2 2 2 2 2 2 2 2 2 2 2 2
left_child=2 3 7 10 9 -4 14 12 11 -3 15 25 -1 24 -5 29 -17 -15 -19 20 28 22 -22 -11 -6 -9 -7 -28 -8 -2
right_child=1 4 5 6 13 26 19 8 -10 23 -12 -13 -14 17 -16 16 -18 18 -20 -21 21 -23 -24 -25 -26 -27 27 -29 -30 -31
leaf_value=0.29258881186091779 0.062563853100021979 0.049771424631672861 -0.043384963871433341 0.081357777199999828 0.085689816592878165 0.079112123124438244 0.18899584824244639 0.33628854099401007 0.041298576342956826 0.1358112934994232 0.21615735616731846 0.16292190112959526 1.0208812291443525 0.15606918347017207 0.46770149161896613 0.88577239480475178 0.3796825988857257 1.0753525428944026 0.3141192114100877 0.28697920765913848 0.55144591212522864 0.2052519372323213 0.12711769348627128 0.55398831738533116 0.30012741791962044 1.059233124169763 -0.012235152711238284 0.29520872681836408 0.10231411582473721 0.34746664695383789
leaf_weight=1.6007090397179156 1.7471410492435122 125.13624825514853 1185.770818865858 42.722511356696486 20.806514848954979 17.329899348318577 33.624654239974916 0.51624495908617973 11.900501156225799 23.762599123641852 18.629703397862613 2.3337478954344988 0.41909000650048245 10.091633310541512 1.1555015016347159 1.2791588483378284 2.5508015947416425 0.35507365688681503 8.4321512402966601 12.961144301109014 2.8991267606616011 9.1301342956721765 1.1074156966060398 0.82565908320248027 3.4042413216084233 0.49533529020845823 201.8391977660358 1.4449042128399003 33.182265500538051 13.148582978174089
leaf_count=85 69 8388 102219 2860 1087 1257 1434 24 614 1148 586 105 11 549 49 47 106 17 232 418 92 321 30 38 111 23 16599 97 1813 525
internal_value=-0.000235539 0.134156 -0.0348754 0.183221 0.0898429 -0.0370571 0.154253 0.142837 0.102977 0.0662072 0.289289 0.32239 0.443703 0.17197 0.0915319 0.362045 0.54871 0.243951 0.344879 0.183876 0.16716 0.275067 0.434161 0.149853 0.115842 0.690289 -0.00304595 -0.0100499 0.145942 0.31405
internal_weight=1790.6 366.952 1423.65 174.138 192.814 1406.38 136.783 17.2656 15.2458 149.725 37.3554 3.34533 2.0198 43.0896 43.878 18.7257 3.82996 18.8789 8.78722 92.9047 79.9436 13.1367 4.00654 24.5883 24.2108 1.01158 220.614 203.284 66.8069 14.8957
internal_count=140954 19920 121034 8350 11570 120172 7017 862 766 9574 1333 152 96 1996 2909 747 153 798 249 4108 3690 443 122 1186 1198 47 17953 16696 3247 594
is_linear=0
shrinkage=0.05


Tree=3
num_leaves=31
num_cat=0
split_feature=11 4 4 11 4 9 12 1 7 18 13 13 18 18 8 5 4 11 13 4 12 2 11 14 18 5 8 13 14 12
split_gain=2457.95 477.524 354.895 124.133 120.077 108.414 106.429 92.7349 73.8846 69.2735 55.6144 55.0731 53.5133 53.3673 49.7353 48.0709 47.0783 46.5272 42.734 42.3961 42.3579 42.234 41.5216 62.5407 51.6028 71.2514 40.0564 43.541 40.748 54.8541
threshold=0.0041820558615550734 0.0054404832623785029 1.0000000180025095e-35 0.0027690422486591339 0.010952773987105419 1.1419385160676974 0.15610357142857142 -0.0040080742373507219 0.0084429287125577738 0.014982978723404322 241.50000000000003 240.50000000000003 0.005711735877710746 1.0000000180025095e-35 0.46310037359253575 0.00035719707595168929 0.0026608611514272618 0.0059830059661879686 319.50000000000006 0.0045438071172412197 0.13575357142857061 -0.018903163524543517 0.0061220285997033172 46.500000000000007 1.0000000180025095e-35 0.0011168453355121482 0.45014072613571149 302.50000000000006 227.50000000000003 0.26031428571428256
decision_type=2 2 2 2 2 2 2 2 2 2 2 2 2 2 2 2 2 2 2 2 2 2 2 2 2 2 2 2 2 2
left_child=3 2 26 10 5 13 7 12 9 -5 -1 -8 16 20 -14 -6 -4 -17 -9 -13 -3 -16 -18 -24 25 -25 27 -2 29 -28
right_child=1 4 6 8 15 -7 11 18 -10 -11 -12 19 14 -15 21 17 22 -19 -20 -21 -22 -23 23 24 -26 -27 28 -29 -30 -31
leaf_value=0.090124414833837541 0.15774349264807802 0.26739816945605621 0.042234604949318681 -0.0046109169105003301 0.43692153439908116 0.061342798654257139 0.14527112062638822 0.0085112531367865316 0.78277851884932381 0.61813962903484998 -0.04717573916767627 -0.021025061385500365 0.033822171738024286 0.085503875110025732 0.907803770468807 0.063265396383703973 0.099043568105914415 0.18117557589923017 0.12795511098610271 0.043091507339539981 0.15299313749643412 0.32280742364957854 0.86297860834773743 0.028916976427784371 0.0090361818402177954 0.48509784721339755 0.25036457603020368 -0.0079175143245955228 0.10048027953291908 0.7239992753176443
leaf_weight=7.4277081200852981 26.399304716847841 9.7244130121543986 8.5891732051968628 184.53637139033526 1.7301082517951716 70.263602081686258 6.0259456299245349 39.564765406772494 0.299558375030755 0.44764230586588283 1047.1566134802997 133.23376447893679 0.58552427124231954 25.590495178475976 0.57306119240820397 9.1332248002290708 5.6702034613117558 99.662067588418722 9.2365123135969025 31.968975590541959 48.157114394940436 0.66837246250361193 0.43768571130931366 1.2522038221359255 1.6660281540825961 2.7051041210070252 11.903313803486526 4.6677289130166164 4.5825515110045663 0.64440558105707246
leaf_count=351 852 466 560 14776 42 3972 147 2792 12 13 94728 10425 21 1481 19 371 380 2657 711 2288 2504 31 28 79 106 168 467 333 148 26
internal_value=-0.000439172 0.0870528 0.0427938 -0.0395773 0.135685 0.107108 0.0181343 0.0696274 -0.00183334 -0.00310392 -0.0462087 -0.00320192 0.154482 0.145631 0.413686 0.175435 0.131177 0.171277 0.0311181 -0.00861763 0.172214 0.592849 0.196298 0.287281 0.242473 0.340749 0.166701 0.132853 0.228086 0.274689
internal_weight=1794.5 554.636 290.375 1239.87 264.261 153.736 242.177 70.9486 185.284 184.984 1054.58 171.229 22.1474 83.472 1.82696 110.525 20.3204 108.795 48.8013 165.203 57.8815 1.24143 11.7312 6.06102 5.62334 3.95731 48.1973 31.067 17.1303 12.5477
internal_count=140954 31074 19581 109880 11493 8423 17755 4895 14801 14789 95079 12860 1392 4451 71 3070 1321 3028 3503 12713 2970 50 761 381 353 247 1826 1185 641 493
is_linear=0
shrinkage=0.05


Tree=4
num_leaves=31
num_cat=0
split_feature=10 11 11 13 13 11 4 14 13 4 10 15 13 2 18 1 12 14 11 14 11 8 2 9 30 13 27 2 1 11
split_gain=2308.77 241.729 239.084 102.615 102.069 103.558 100.593 68.9434 58.1566 52.3578 48.674 50.413 48.0246 45.339 43.929 38.2728 48.9224 39.935 37.8369 49.082 35.7063 35.4482 61.0122 81.8735 51.3711 40.2242 39.0014 34.5385 34.1742 33.7006
threshold=0.0037945885755498697 0.0027690422486591339 0.0045381042399815401 300.50000000000006 313.50000000000006 0.025953485449893728 0.0046843605221940548 152.50000000000003 273.50000000000006 0.02265050795034387 0.0088785042803191921 0.88429664579035461 240.50000000000003 0.019199555061178989 0.0018523263715781852 -0.0040080742373507219 0.028553571428571244 177.50000000000003 0.015285058779240831 129.50000000000003 0.022662690225736609 0.74253868550451196 0.0039933485415758483 0.62483519506731444 -1.8731756911992541 295.50000000000006 0.64129216370413478 -0.039457708296275755 0.00047765232975083288 0.010274943985087036
decision_type=2 2 2 2 2 2 2 2 2 2 2 2 2 2 2 2 2 2 2 2 2 2 2 2 2 2 2 2 2 2
left_child=1 12 9 8 5 29 7 -3 18 -2 27 -12 -1 -13 20 16 -9 -17 -4 -20 21 26 23 -23 -25 -24 -10 -6 -26 -5
right_child=2 6 3 4 10 -7 -8 15 14 -11 11 13 -14 -15 -16 17 -18 -19 19 -21 -22 22 25 24 28 -27 -28 -29 -30 -31
leaf_value=0.084390965645885024 0.0075419348872688063 -0.018780455179779904 0.11022321972751253 0.0099129429335122355 0.37711770956189267 0.2079008464527167 0.050773692114452075 0.56596675967727816 0.32796504260190518 0.58985724198381007 0.17338594501976892 0.66840508334394333 -0.047067340473272067 0.17770449452321216 0.12940063521962683 0.19459280319903993 0.12717649514502713 -0.020536627603480673 0.42685480132490705 0.15128163130253913 -0.008238259449161173 1.0213115234569805 0.0836900915329582 0.72155802718044681 0.19732963997380792 0.55204286089678112 0.068571172974330102 0.10160645121932528 0.62575369139660686 0.067494849443709135
leaf_weight=6.99640212021768 69.299119876697659 240.31962362769991 122.84780139196664 50.057324823923409 1.1618346953764547 9.9832886867225152 82.647590275853872 0.89097308740019743 2.8878882518038171 0.38817798160016437 15.567768115550281 1.0395879670977581 993.72877479158342 0.86028344742953766 10.132861834019421 3.2407539747655374 2.2130947466939688 6.4520213026553392 1.6632957523688663 56.588171672075987 1.0927230138331641 0.60571895446628321 2.1917309593409304 0.90474972687661548 2.1995800407603401 0.57969062868505705 2.9086150489747524 54.389840730465949 0.59040983207523812 51.606409854255617
leaf_count=293 4516 20326 4616 2840 27 317 5694 37 88 9 338 27 94228 22 288 100 61 295 38 1406 21 24 85 30 65 23 122 2686 23 2309
internal_value=-0.000589237 -0.0338311 0.0960872 0.111335 0.0842947 0.0542327 0.00287955 -0.0127588 0.13567 0.0107856 0.13026 0.20306 -0.0461483 0.44621 0.208648 0.100325 0.253124 0.0513913 0.125961 0.15915 0.266165 0.289466 0.364598 0.482495 0.394161 0.181654 0.197804 0.107369 0.287992 0.0391426
internal_weight=1796.04 1336.49 459.547 389.86 184.666 111.647 335.764 253.116 205.193 69.6873 73.0193 17.4676 1000.73 1.89987 24.094 12.7968 3.10407 9.69278 181.099 58.2515 13.9611 12.8684 7.07188 4.30046 3.69474 2.77142 5.7965 55.5517 2.78999 101.664
internal_count=140954 121034 19920 15395 8566 5466 26513 20819 6829 4525 3100 387 94521 49 769 493 98 395 6060 1444 481 460 250 142 118 108 210 2713 88 5149
is_linear=0
shrinkage=0.05


Tree=5
num_leaves=31
num_cat=0
split_feature=10 11 11 4 9 4 6 12 13 12 18 18 11 4 18 27 12 8 10 4 11 2 6 18 1 11 13 10 18 13
split_gain=1933.65 222.725 171.528 95.9207 78.107 92.8373 56.2377 47.8755 43.7019 42.5384 40.5753 38.782 38.5179 34.2688 34.0424 33.2928 32.7967 30.8015 30.1813 28.0364 28.0267 27.274 53.1274 32.2756 38.3055 29.2506 59.7746 34.6511 27.1471 26.9593
threshold=0.0037945885755498697 0.002802248088651029 0.0045381042399815401 0.005338162070649694 1.1419385160676974 0.010294835307683315 0.0030435517783888545 0.16186428571428688 246.50000000000003 0.12650000000000033 0.019933918373255709 0.0072881870903520772 0.0079599824656557874 1.0000000180025095e-35 0.012372389065191019 1.0000000180025095e-35 0.12962142857142825 0.25299442462314514 0.0013551583427204503 0.011903644243270372 0.032389128651660395 -0.024643793480321804 0.0019154612690277448 0.010741590612776944 -0.0084289063581224882 0.0069399012625821844 281.50000000000006 0.0076934806816446842 0.00019651717279098966 323.50000000000006
decision_type=2 2 2 2 2 2 2 2 2 2 2 2 2 2 2 2 2 2 2 2 2 2 2 2 2 2 2 2 2 2
left_child=1 8 14 16 6 9 7 21 13 -6 -7 17 29 18 19 -11 -3 -5 -1 -2 -17 22 25 -23 -25 26 27 -4 -21 -9
right_child=2 3 4 11 5 10 -8 12 -10 15 -12 -13 -14 -15 -16 20 -18 -19 -20 28 -22 23 -24 24 -26 -27 -28 -29 -30 -31
leaf_value=0.36669257138381689 -0.0019868580052244595 0.01499858676452019 0.68660237344261665 0.52322266614677793 0.10505621451053926 0.096248805735443213 0.16154165224299022 0.010821940842593799 -0.046734131524855962 0.17006193592325827 0.24832027420044411 0.464523797495351 0.098374047358784411 -0.012318850995971169 0.24418367958483322 0.0041310282886862764 -0.022703956145421252 0.051668412439896706 0.059355518986287575 0.35184090325234574 0.20841606095717224 0.10210684987286733 0.59786789989801781 0.021987043555284726 0.23707635980808139 0.12341606542621744 0.027282538901247488 0.27198752299574724 0.034949065735010061 0.11297919675165671
leaf_weight=1.433072605170308 66.528723762370646 83.609055654145777 0.94643606059253027 0.34829365089535613 16.595362399704754 89.178192557767034 46.274535696953535 26.577322766184807 952.24629370495677 3.3669378254562607 4.6132974755018941 0.58186085242777963 80.779835442081094 5.1364359213039279 1.5148371020331968 68.728091633878648 185.99662974942476 60.408868364058435 1.8049032296985386 1.1069681374356144 1.7209965083748091 62.653826757334173 0.76936767809093076 2.6371970586478719 9.6237850058823788 9.0850740484893304 1.2609542869031427 1.0777941606938837 1.7352741844952104 8.5312453592196089
leaf_count=50 4416 6518 23 20 708 2128 1033 1383 94500 126 70 30 2844 253 39 3604 15732 3766 72 32 57 2450 24 51 182 231 45 26 72 429
internal_value=-0.00110407 -0.033547 0.0818202 0.00182783 0.0935878 0.0688779 0.111778 0.100487 -0.045734 0.0327241 0.103729 0.0582623 0.0793704 0.0679872 0.00970347 0.0164624 -0.0110118 0.0543716 0.195378 0.00458318 0.00912149 0.128279 0.194724 0.116625 0.190813 0.16965 0.29751 0.465842 0.158369 0.0356458
internal_weight=1796.87 1291.57 505.306 330.945 434.42 184.203 250.217 203.943 960.621 90.4114 93.7915 61.339 115.888 8.37441 70.8858 73.816 269.606 60.7572 3.23798 69.371 70.4491 88.0544 13.1396 74.9148 12.261 12.3703 3.28518 2.02423 2.84224 35.1086
internal_count=140914 120941 19973 26066 15414 6693 8721 7688 94875 4495 2198 3816 4656 375 4559 3787 22250 3786 122 4520 3661 3032 349 2683 233 325 94 49 104 1812
is_linear=0
shrinkage=0.05


Tree=6
num_leaves=31
num_cat=0
split_feature=10 4 4 13 4 3 28 4 3 15 12 2 10 4 13 10 3 12 9 29 10 4 29 18 10 14 27 9 12 15
split_gain=1669.33 188.208 105.82 87.3902 86.688 48.7408 55.8673 43.2272 39.7212 51.4771 39.2464 58.5535 39.7632 38.2693 37.8007 35.8572 33.3529 59.4327 49.0866 32.8472 40.3144 32.541 30.8314 29.0636 27.0604 26.7454 31.0495 26.1949 37.6861 27.6037
threshold=0.0037945885755498697 0.0046843605221940548 0.010952773987105419 244.50000000000003 0.00022735023597185148 0.072515496473641763 -0.022023669392514589 0.0078664832647504304 -0.047456317131359164 0.9009900900892126 0.11904642857142965 -0.024643793480321804 0.008240046527876967 0.0045438071172412197 256.50000000000006 0.013957103836911847 -0.035476236311440583 0.26659285714285635 1.7484525528871468 -0.030934671517428843 0.017467791166411933 0.0015029569731353674 -0.21692093862600395 0.00029188558085228243 0.023609805055570702 165.50000000000003 1.0000000180025095e-35 1.2619334808964497 1.6010499999999888 0.97619042970523917
decision_type=2 2 2 2 2 2 2 2 2 2 2 2 2 2 2 2 2 2 2 2 2 2 2 2 2 2 2 2 2 2
left_child=1 3 4 25 -2 6 15 -3 9 14 11 23 -13 -12 -5 21 17 18 -9 20 -15 -6 -11 -8 -22 26 -1 28 -4 -29
right_child=2 7 27 8 5 -7 10 16 -10 22 13 12 -14 19 -16 -17 -18 -19 -20 -21 24 -23 -24 -25 -26 -27 -28 29 -30 -31
leaf_value=0.26287909690622541 0.110863104987574 0.015068051876889366 0.11596337954149116 0.23930768015167933 0.35748651244694729 0.11353803111957864 0.31244598063124035 0.90286048916758033 -0.041917093127547184 0.81227014499066241 -0.009306806980027579 0.034484030678084615 0.1268905062149572 0.060113800174233657 -0.022043371553491425 0.017171377695909967 0.069374190676450231 0.098556669634363422 0.18157899200513417 0.016339611126536813 0.57494907914025428 0.12771435493288519 0.11813356791517991 0.029471806182816647 0.11039744868426118 0.023498362555043457 0.045139881092197617 0.080922978446289123 0.22936740810930978 0.17979799791194653
leaf_weight=2.9965910436585572 64.155222904868424 95.666131897829473 57.722359862178564 1.7245549475774131 1.6965966941788853 25.491444206796587 3.4237883314490309 0.5240976670756966 1105.5315266093239 0.34767026361078024 62.241200688295066 54.274835254997015 14.820684872567652 57.257188842631876 6.9966693324968219 7.1844434402883044 14.923416634090243 2.0028776256367564 0.42893013264983892 75.458988125436008 0.63792873173951992 16.791747095994651 0.29631212912499982 1.234592600725591 0.61635017208755016 15.274434005841611 3.6093446472659707 84.853428474627435 8.3909003455191833 7.6993641406297675
leaf_count=54 1602 7095 975 143 31 925 96 25 111379 29 3826 2860 526 2608 579 235 756 93 18 3724 22 388 25 49 20 597 148 1779 138 169
internal_value=-0.00116525 -0.0329754 0.0719534 -0.0391063 0.0578012 0.0472005 0.0414806 0.0284051 -0.0410485 0.061491 0.0347779 0.0658725 0.0543048 0.0230897 0.0296368 0.111964 0.0997671 0.253211 0.578233 0.0381408 0.0662565 0.1488 0.492881 0.23745 0.346669 0.0598523 0.143911 0.106319 0.130356 0.0891483
internal_weight=1794.27 1250.32 543.951 1136.78 385.285 321.13 295.638 113.545 1114.9 9.36521 269.966 73.7539 69.0955 196.212 8.72122 25.6728 17.8793 2.95591 0.953028 133.97 58.5115 18.4883 0.643982 4.65838 1.25428 21.8804 6.60594 158.666 66.1133 92.5528
internal_count=140914 120941 19973 112954 16912 15310 14385 7987 112155 776 13731 3531 3386 10200 722 654 892 136 43 6374 2650 419 54 145 42 799 202 3061 1113 1948
is_linear=0
shrinkage=0.05


Tree=7
num_leaves=31
num_cat=0
split_feature=10 11 11 13 28 12 13 13 11 18 12 2 15 9 7 18 12 3 28 13 13 13 10 13 5 12 14 0 0 8
split_gain=1463.15 171.341 142.975 52.5023 60.6897 63.618 52.2822 48.2396 40.4865 48.3197 46.3232 46.1473 46.4612 45.4152 33.7666 32.5082 31.512 44.6298 32.594 38.7024 42.814 52.6894 133.666 29.8803 25.8897 25.4869 34.86 24.7115 28.0532 95.9072
threshold=0.0033812124461365576 0.002802248088651029 0.0045381042399815401 300.50000000000006 0.041298093479529709 1.1752142857142893 261.50000000000006 312.50000000000006 0.025953485449893728 0.014982978723404322 0.11619285714285636 -0.00054436581382694127 0.5090908905785213 2.3908352062683771 0.0033179572236142854 0.0060248773478404115 0.030314285714286439 -0.0036342084438288342 -0.0079706857349749263 225.50000000000003 367.50000000000006 313.50000000000006 0.002482796028519516 246.50000000000003 0.0043454644215100537 0.060285714285713998 96.500000000000014 -0.0022624434389139632 -0.00097050058802322637 0.59456118005412983
decision_type=2 2 2 2 2 2 2 2 2 2 2 2 2 2 2 2 2 2 2 2 2 2 2 2 2 2 2 2 2 2
left_child=1 23 15 6 7 -6 -4 8 9 10 11 12 13 -5 16 -2 17 18 -3 -20 21 -21 -23 -1 -18 26 -8 -27 29 -29
right_child=2 14 3 4 5 -7 25 -9 -10 -11 -12 -13 -14 -15 -16 -17 24 -19 19 20 -22 22 -24 -25 -26 27 -28 28 -30 -31
leaf_value=0.047527290991058443 -0.0024458406038185333 -0.051181652043586635 0.074362499435345134 0.081888532294123101 0.12488511496618902 0.51587432867857663 0.23428229375944154 0.074003653786103518 0.11287311449236809 0.34542065283502343 0.0063181475336040798 -0.0072078992150654518 0.52381431490721952 0.48260680496643404 0.085077149210421754 0.10470894210265912 -0.012435399420533233 -0.0080163415795984991 0.0028239598648859901 0.28075131593874908 -0.050583785222527246 1.5349638342018128 0.19680960669182734 -0.046435732433938344 0.043318463056445142 0.10198825072425433 -0.040329369547102811 0.80080802710038257 0.15442097061558491 0.15021733043734972
leaf_weight=8.5441550854593498 93.886061855591834 0.96402600221335877 229.43797242734581 4.4812908824533224 4.9658174375072113 1.3161115106195209 1.5603760369122017 108.32609281782061 12.909954857081173 1.1268237102776755 105.31591613963246 4.4882825659587962 0.95533664245158423 0.83953539840877045 11.009974813088773 7.6550949290394774 239.07427162118256 5.791389608755706 0.91797463782131705 1.1970564536750319 0.45795724354684342 0.34687993768602599 0.4039155850186944 867.22098373621702 22.80813613627106 23.228568439371884 4.4555790098384023 0.76234269980341496 24.0369579391554 2.2046931721270084
leaf_count=330 6535 57 6063 161 113 27 34 3790 299 19 4855 203 37 19 584 304 20337 394 34 49 41 30 31 93784 1388 463 178 31 658 66
internal_value=-0.00121238 -0.0345899 0.059988 0.0703937 0.0533972 0.2068 0.0849532 0.0493557 0.0288357 0.0195793 0.0164162 0.115213 0.202759 0.145115 -0.000765429 0.00563246 -0.00424064 0.0825144 0.204791 0.279033 0.384425 0.486699 0.815059 -0.045519 -0.00757963 0.128153 0.0308975 0.1398 0.172326 0.317378
internal_weight=1790.69 1158.74 631.953 530.412 244.725 6.28193 285.686 238.443 130.117 117.207 116.08 10.7644 6.27616 5.32083 282.972 101.541 271.962 10.0792 4.28781 3.32378 2.40581 1.94785 0.750796 875.765 261.882 56.2485 6.01596 50.2326 27.004 2.96704
internal_count=140914 117059 23855 17016 9523 140 7493 9383 5593 5294 5275 420 217 180 22945 6839 22361 636 242 185 151 110 61 94114 21725 1430 212 1218 755 97
is_linear=0
shrinkage=0.05


Tree=8
num_leaves=31
num_cat=0
split_feature=10 11 11 4 9 4 4 4 18 13 4 8 2 28 18 14 14 2 7 10 28 12 12 30 18 9 9 10 11 18
split_gain=1301.71 153.772 122.204 53.0597 65.4742 36.5697 36.1627 30.8585 29.7183 26.9883 25.9069 25.3298 25.2617 34.9926 32.3902 28.5059 26.5996 23.8551 23.1755 31.3867 47.8161 52.4361 31.3273 23.0094 22.6417 21.2043 21.0397 23.4453 56.6283 22.6081
threshold=0.0030503720547852961 0.0041820558615550734 0.002802248088651029 0.010952773987105419 0.77620217627572485 0.011903644243270372 0.0039450414909535528 0.00015777854185943356 0.004795322084482581 254.50000000000003 0.0062712205367998885 1.8919601742827707 0.013007792810290521 -0.0070481793271781551 0.031561081657269487 253.50000000000003 9.5000000000000018 -0.013838009501527302 0.0019471855454179193 0.0059564984705139249 0.016202087802029638 0.56072500000000047 1.6010499999999888 0.36366944385473826 0.0072881870903520772 6.6529033280488346 1.3476634505089458 0.0043881613980680878 0.013905820789117698 0.019933918373255709
decision_type=2 2 2 2 2 2 2 2 2 2 2 2 2 2 2 2 2 2 2 2 2 2 2 2 2 2 2 2 2 2
left_child=2 5 9 4 12 7 8 17 -4 -1 11 -6 13 15 16 -3 -15 -2 -14 20 22 -22 -20 -10 25 -8 27 28 -5 -28
right_child=1 3 6 26 10 -7 24 -9 23 -11 -12 -13 18 14 -16 -17 -18 -19 19 -21 21 -23 -24 -25 -26 -27 29 -29 -30 -31
leaf_value=0.0392756886427034 0.3530116493218361 0.094648003473558368 -0.020516403568681282 0.082896472469644475 0.0019034974017316153 0.16146906869204355 0.019247176864833862 -0.017064627371022219 0.07905971848836274 -0.046289040042979852 0.047727332341639117 0.077880951384152686 0.085265181266135248 0.43669790128413699 0.33783245982825744 -0.019698754492133149 0.032860988058334317 0.056163746833903662 0.020188460152793238 0.090120834121149379 0.23811964288962717 0.88051323637278878 0.49751408147763043 0.47941529758696072 0.3657234650154465 0.43418066641089431 0.06157472995375754 0.097487902645112923 0.6171376022137508 0.15819941840373766
leaf_weight=9.3207530071958882 0.7403438165783881 64.907975141890347 165.70822933129966 1.4796518217772239 84.530982189811766 3.2440746594220391 77.001206221990287 96.596732025034726 1.5050123650580634 817.16265946254134 103.35590527858585 12.605790743604301 57.678817672654986 0.40968666691332956 0.89060575515031715 5.9500102903693906 86.646074603311718 7.8839767305180413 1.4009425025433295 4.1865266235545278 0.68807274103164651 0.59009366668760777 0.45550932828336943 0.47125863470137108 0.47902033291757007 0.30913444980978866 93.476603139191866 80.633139722049236 0.7461486980319022 6.4730153232812873
leaf_count=415 30 1943 14721 41 4492 93 5358 7595 56 92564 3926 449 1595 18 12 117 3810 394 67 129 23 23 20 27 17 17 1735 1144 17 66
internal_value=-0.00126276 0.0509603 -0.0361236 0.0607574 0.0510549 -0.00387614 -0.00514661 -0.0089739 -0.0182177 -0.0453241 0.0303031 0.0117634 0.0696452 0.058898 0.0378306 0.0850462 0.0347615 0.0816463 0.0959019 0.179702 0.299346 0.534695 0.137308 0.174528 0.0230297 0.0209063 0.0832768 0.101907 0.261989 0.0678324
internal_weight=1787.53 715.571 1071.96 607.106 424.297 108.465 245.474 105.221 167.685 826.483 200.493 97.1368 223.804 158.804 87.9464 70.858 87.0558 8.62432 65 7.32114 3.13462 1.27817 1.85645 1.97627 77.7894 77.3103 182.809 82.8589 2.2258 99.9496
internal_count=140914 27739 113175 19627 16624 8112 20196 8019 14804 92979 8867 4941 7757 5900 3840 2060 3828 424 1857 262 133 46 87 83 5392 5375 3003 1202 58 1801
is_linear=0
shrinkage=0.05


Tree=9
num_leaves=31
num_cat=0
split_feature=11 10 4 12 13 28 11 12 13 4 12 10 11 12 13 11 28 1 14 3 29 3 28 10 12 8 28 3 3 14
split_gain=1174.26 173.822 59.4075 61.4895 55.5759 53.5785 44.4048 36.1639 104.915 34.4906 47.9843 44.2324 29.6237 46.8122 28.7853 51.1584 26.2737 26.8464 25.3897 27.1743 24.0801 22.6973 23.3726 22.6019 26.648 26.3203 25.257 21.8314 33.9977 25.3559
threshold=0.0034814989189583482 0.0030503720547852961 0.0088589825302136157 0.12356071428571409 242.50000000000003 0.016202087802029638 0.0021372264072671604 0.016428571428570831 318.50000000000006 0.0064267923169955719 0.66769642857143052 0.0018647342015384605 0.014488669397320131 0.096428571428571155 323.50000000000006 0.0079599824656557874 -0.022023669392514589 -0.023539598962056093 135.50000000000003 0.001728946907729956 -0.030934671517428843 -0.047456317131359164 0.0066714245132843469 0.008240046527876967 0.15610357142857142 0.96222234809284535 0.0030415435213913401 0.039787599844285933 0.072515496473641763 69.500000000000014
decision_type=2 2 2 2 2 2 2 2 2 2 2 2 2 2 2 2 2 2 2 2 2 2 2 2 2 2 2 2 2 2
left_child=4 9 3 12 -1 16 -6 8 -8 14 11 18 -3 -14 21 -16 17 -5 19 -11 23 22 -2 -18 26 -26 -25 29 -29 -7
right_child=1 2 -4 5 6 27 7 -9 -10 10 -12 -13 13 -15 15 -17 20 -19 -20 -21 -22 -23 -24 24 25 -27 -28 28 -30 -31
leaf_value=0.050079971524583433 0.03591680951257175 0.060272756694408396 0.070666494476512812 0.0058998085801435221 -0.048714036787509789 0.3473942671213176 0.88372033225159585 -0.025155981580161635 -0.013849113880873738 0.029240387593708408 -0.037765047698995496 0.087286910923632527 0.082918319118482575 0.30681044674591296 0.035489052519205554 0.75965372649072327 0.017766521190134492 0.11420912260989835 0.6789267674234285 0.55207575744590398 -0.0079872301755345102 -0.024480952519932108 0.41073621499426838 0.35379028911645383 0.0289570040639766 0.29717173739407049 0.040386007730870338 0.0075768066076003018 0.10300163817515268 0.1087563222262305
leaf_weight=16.627061139792204 10.375305874273177 128.96387993730605 266.40392365958542 10.192824793979527 670.79999015759677 1.2531538410112251 0.42759657744318147 232.55951966624707 1.3644211832433937 0.62073099706322199 7.3678812384605399 9.7338929558172804 8.7607684871181828 3.1828435603529206 20.877795808017257 0.24676608294248481 94.177243300713599 13.041705363430081 0.47869589459151018 0.41446427069604397 93.840387955307961 129.31365200784057 0.43328200746327716 1.5980542693287128 10.458721071481703 1.0023329146206368 1.0754959955811498 18.442933591082692 18.898565851151943 9.9610054306685907
leaf_count=575 756 4531 4963 266 79692 49 29 23910 144 28 345 432 174 63 1677 16 5034 276 16 20 5030 10971 29 43 353 32 31 587 464 378
internal_value=-0.00128428 0.0406986 0.0522413 0.0404092 -0.0405043 0.0266034 -0.0421683 -0.0234318 0.200322 -0.00302098 0.0614192 0.12639 0.0672496 0.142583 -0.0104605 0.0439484 0.01634 0.0666946 0.377812 0.23857 0.0105525 -0.0186631 0.0509421 0.0266151 0.0855722 0.0524139 0.227716 0.0742443 0.0558714 0.135424
internal_weight=1782.89 861.116 681.254 414.85 921.779 273.942 905.152 234.352 1.79202 179.862 18.6157 11.2478 140.907 11.9436 161.247 21.1246 225.387 23.2345 1.51389 1.0352 202.152 140.122 10.8086 108.312 14.1346 11.4611 2.67355 48.5557 37.3415 11.2142
internal_count=140914 36564 22274 17311 104350 12543 103775 24083 173 14290 841 496 4768 237 13449 1693 11065 542 64 48 10523 11756 785 5493 459 385 74 1478 1051 427
is_linear=0
shrinkage=0.05


Tree=10
num_leaves=31
num_cat=0
split_feature=11 10 13 11 13 11 4 13 28 4 12 28 12 30 28 13 4 10 11 30 18 7 12 13 4 29 13 2 0 12
split_gain=1007 127.276 58.1176 42.7692 42.1413 84.9665 42.122 38.1841 28.7869 38.4314 27.5247 34.4922 30.6331 38.2273 28.2557 25.8033 25.4834 25.09 23.6844 25.5303 23.6617 21.5074 32.8928 42.8981 34.6865 40.9071 36.2579 56.1623 71.667 21.1721
threshold=0.0034814989189583482 0.0037198883547346078 241.50000000000003 0.0021372264072671604 324.50000000000006 0.0086653653387848851 0.0088589825302136157 244.50000000000003 -0.0099550353855181895 0.011903644243270372 0.11761785714285368 0.021268645791277168 1.0258428571428635 -0.29595547135852213 -0.0054057780013809795 296.50000000000006 0.0062712205367998885 0.00081354990394740532 0.0051741698777739214 0.93939487131423072 0.005711735877710746 0.00059025986893532776 0.098928571428571685 361.50000000000006 0.0026382588999680555 0.1000105268585514 339.50000000000006 0.0056044772043001298 -0.00030900652385146271 0.016428571428570831
decision_type=2 2 2 2 2 2 2 2 2 2 2 2 2 2 2 2 2 2 2 2 2 2 2 2 2 2 2 2 2 2
left_child=2 4 -1 20 7 21 10 16 17 -10 18 14 -13 -14 -12 -8 -2 -9 19 -3 -4 -6 23 24 25 -23 -26 28 -28 -5
right_child=1 6 3 29 5 -7 15 8 9 -11 11 12 13 -15 -16 -17 -18 -19 -20 -21 -22 22 -24 -25 26 -27 27 -29 -30 -31
leaf_value=0.051730879485354701 0.044982017450206684 0.0038734546541664737 -0.048845535645793574 0.13152818730422655 0.0038565400138416426 0.60397412184821775 0.077087037746739362 0.42663880061579729 -0.019785027499414298 0.25263100950643919 0.04117383043005049 0.057039769404467512 0.02238239970681051 0.37607236095825303 0.0033431186452391433 0.046514359916871764 0.23211008250013979 0.03592063802021752 0.067300137022600723 0.17232589152396569 0.54466509912985561 0.30876228622614871 0.043972514624980669 -0.051220728487302782 -0.0052321077529083777 1.1089937267886962 0.23488519232729771 -0.051147777097823699 1.1384532562602279 -0.025022833475913761
leaf_weight=16.840248291380703 14.298108038492503 28.8112125126645 640.01592250633985 2.1803994877263895 18.29220115672797 0.68645254522561927 135.02573706582189 0.41896327026188629 168.18370650988072 1.3047185316681851 80.759989002719522 32.232545957900584 1.3571420069783928 1.7478391211479891 126.93917306791991 141.17391524091363 2.08462263457477 21.29444632306695 93.546981956809759 2.4397376086562863 0.16797436587512393 0.41733556147665085 14.755755877122281 1.2239338830113409 1.0881686173379423 0.25869511906057596 0.52257925085723411 0.48920572735369205 0.37832319177687135 227.42223590984941
leaf_count=536 456 1272 79768 161 1334 28 2049 33 13757 28 2993 701 58 53 6062 2734 41 1399 2255 62 15 33 1013 66 62 20 25 28 23 23875
internal_value=-0.00255679 0.0350234 -0.0402686 -0.0420499 0.00440604 0.0527327 0.0467039 -0.00446676 -0.0107439 -0.017688 0.0356235 0.0258224 0.0714885 0.22148 0.0180529 0.0614604 0.0687932 0.0434596 0.0547105 0.0170244 -0.0486898 0.0426221 0.0796822 0.200033 0.297524 0.614985 0.210926 0.380134 0.614328 -0.0235362
internal_weight=1776.36 889.731 886.627 869.787 245.697 38.1127 644.034 207.585 191.202 169.488 367.835 243.037 35.3375 3.10498 207.699 276.2 16.3827 21.7134 124.798 31.251 640.184 37.4262 19.134 4.37824 3.15431 0.676031 2.47828 1.39011 0.900902 229.603
internal_count=140940 36585 104355 103819 18346 2632 18239 15714 15217 13785 13456 9867 812 111 9055 4783 497 1432 3589 1334 79783 2604 1270 257 191 53 138 76 48 24036
is_linear=0
shrinkage=0.05


Tree=11
num_leaves=31
num_cat=0
split_feature=10 4 4 14 4 1 28 3 14 9 18 14 29 8 12 14 8 15 4 9 6 14 14 6 12 2 10 12 8 14
split_gain=872.314 74.1926 71.1501 58.2765 37.7135 45.601 40.0308 30.7145 45.9279 34.4355 29.4201 29.6354 42.3334 26.0051 24.477 23.0983 22.8162 21.5879 20.1835 30.5552 19.6806 20.949 41.0582 45.9035 18.8709 18.1215 30.7311 20.7925 20.1468 22.6424
threshold=0.0030503720547852961 0.0039938956325082627 0.0088589825302136157 150.50000000000003 0.00015777854185943356 -0.0059859322644014159 0.021268645791277168 -0.026725590127780748 41.500000000000007 0.13866394914294775 0.0041913127757324331 71.500000000000014 -0.31939683589075196 2.367738814979615 1.0258428571428635 93.500000000000014 1.1476076164980464 0.22067090702475517 0.005338162070649694 0.99284063920353283 0.0019154612690277448 46.500000000000007 30.500000000000004 0.0029119387335311427 0.20093214285714164 0.019199555061178989 0.00348564161325843 0.055357142857145041 1.1607983639442421 50.500000000000007
decision_type=2 2 2 2 2 2 2 2 2 2 2 2 2 2 2 2 2 2 2 2 2 2 2 2 2 2 2 2 2 2
left_child=1 3 4 7 -2 20 18 8 -1 -10 -9 -12 -13 -11 16 -4 -8 24 -7 25 -6 22 -22 -24 -5 27 -27 28 29 -20
right_child=2 -3 15 17 5 6 14 10 9 13 11 12 -14 -15 -16 -17 -18 -19 19 -21 21 -23 23 -25 -26 26 -28 -29 -30 -31
leaf_value=0.52384152459001376 0.053517182974714222 0.0034055475386879255 0.041699483813741806 0.083522094569793939 0.031969243291781572 -0.011367210926202926 0.013642718783247663 -0.043617216893147251 0.47828895814413691 -0.0087699975886297212 -0.050602823908132116 0.67789353028270183 0.038328210861127476 0.46863132635680094 0.17890915857178391 0.069482918268798197 0.11734323521130652 -0.00042453348046465195 0.298387665559256 -0.011857942574762892 0.016977968321115776 0.064591300249070144 0.69892946832360425 0.13561701811005841 0.34833678475383273 0.46354516727645301 0.085338221841451914 0.022694760021263992 0.4013271505003837 -0.020794930947336858
leaf_weight=0.43448111135512846 91.883277773857117 114.09313095640391 152.15896935947239 7.6878099422901887 97.547536378726363 148.71025184076279 17.946451656520374 808.88927472010255 0.3781228037551071 22.700172618031505 0.97388832550495807 0.47992510162293911 0.56138284038752295 0.28888339921831985 3.8927123593166462 147.15715729631484 7.5296592991799107 10.647406945005057 0.85191780608147372 48.329688643105328 1.4441400114446907 27.228484027087688 0.6662609828636048 0.79101619217544794 0.73725713044404972 0.58231109753250976 6.9184848433360457 45.64288182836026 0.66072657424956549 1.5975978476926682
leaf_count=33 1920 9268 2965 207 4281 9832 542 101049 32 1997 94 26 49 25 124 2162 183 361 26 2479 56 950 32 18 8 24 231 1890 19 57
internal_value=-0.00251534 -0.0344635 0.0360626 -0.039524 0.0245622 0.0180786 0.00687627 -0.0414986 0.0144843 0.0050135 -0.0431419 0.147665 0.333095 -0.00277091 0.0621351 0.0553591 0.0442922 0.0468946 0.000469134 0.0172996 0.0428792 0.0782009 0.205921 0.393161 0.106695 0.0423498 0.1147 0.0312185 0.156305 0.0902137
internal_weight=1769.41 967.872 801.54 853.779 502.223 410.34 282.663 834.706 23.8017 23.3672 810.904 2.0152 1.04131 22.9891 29.3688 299.316 25.4761 19.0725 253.294 104.584 127.677 30.1299 2.90142 1.45728 8.42507 56.2539 7.5008 48.7531 3.11024 2.44952
internal_count=140940 113149 27791 103881 22664 20744 15407 103305 2087 2054 101218 169 75 2022 849 5127 725 576 14558 4726 5337 1056 106 50 215 2247 255 1992 102 83
is_linear=0
shrinkage=0.05


Tree=12
num_leaves=31
num_cat=0
split_feature=11 10 11 14 11 14 3 14 28 14 10 12 14 14 9 27 12 3 4 11 27 6 0 14 3 11 27 0 10 28
split_gain=846.463 89.6133 56.1369 34.284 36.1337 29.5811 31.2423 29.2355 29.1061 32.4997 36.3393 27.6941 41.3485 98.3436 49.8649 43.3822 48.1892 26.2888 42.836 56.6985 28.934 39.8317 25.1418 24.0553 23.1908 46.5785 27.0094 25.6588 24.7356 41.9909
threshold=0.0034814989189583482 0.0037198883547346078 0.0021372264072671604 66.500000000000014 0.0086653653387848851 145.50000000000003 -0.047456317131359164 90.500000000000014 0.041298093479529709 84.500000000000014 0.0088785042803191921 0.033049999999998983 62.500000000000007 76.500000000000014 0.67469239260246194 1.779821396854343 0.016428571428570831 0.024374760815033984 0.0017576954676414333 0.0028349762814783228 0.69772353400359577 0.00086697037359566309 0.0015510246286499776 93.500000000000014 -0.041010017030583872 0.00776790899049564 1.3490916475594845 0.0084985574022534722 0.004864012675704887 -0.022023669392514589
decision_type=2 2 2 2 2 2 2 2 2 2 2 2 2 2 2 2 2 2 2 2 2 2 2 2 2 2 2 2 2 2
left_child=2 3 -1 4 -2 6 23 8 9 10 -3 12 -4 14 15 16 -14 -13 19 -19 21 -20 -16 -5 25 26 28 -27 29 -9
right_child=1 7 11 5 -6 -7 -8 24 -10 -11 -12 17 13 -15 22 -17 -18 18 20 -21 -22 -23 -24 -25 -26 27 -28 -29 -30 -31
leaf_value=-0.047612913117900786 0.036879159651831542 0.026130891370659999 -0.045417343579805175 0.003749256338369142 0.31121109622375759 0.05659405535283784 -0.017224616861593892 0.45385122632684871 0.11399546976264011 0.0028486047027078284 0.076793891322221031 -0.027113404750687561 0.84371238310623209 0.029236720753469871 0.010705690620079041 1.1581541471467414 0.069880116465659989 -0.050430455535879631 0.072147261278179151 0.98517927266638594 -0.011968282924187191 0.92724180180532656 0.51604690505959117 0.1194225211482428 0.041772319272865434 0.06868849985128643 0.36007227729214381 -0.0093524924023965748 0.098703195596485424 0.0068317734517812619
leaf_weight=592.6460175095126 41.516597370617092 165.48119767382741 9.6502215117216128 10.977917605079712 1.2360648028552521 18.09115117508918 167.09479169547558 1.3715481609106066 9.6083919219672662 104.42023912537843 45.02468619402498 202.57640499295667 0.39003343507647448 11.122228748165069 0.8141551208682356 0.2895355736836791 0.41551377065479755 0.24311512103304167 0.40753014897927631 0.28960532322525978 3.883857527282089 0.20454298378899693 0.35278319288045168 7.6103336457163087 278.90946783684194 62.245656745508313 1.4397843219339836 12.677665119990705 10.286371342837809 0.8514854209497561
leaf_count=79992 2752 6120 991 746 29 497 13932 25 151 3610 653 22034 9 658 83 31 48 29 40 25 363 20 32 390 6366 1001 27 123 133 30
internal_value=-0.0024616 0.0299898 -0.039468 0.00410295 0.0448106 -0.0044377 -0.010384 0.0392079 0.0282699 0.0256544 0.0369671 -0.0185389 0.0334758 0.0903588 0.390893 0.63323 0.444558 -0.0243101 0.0886187 0.512563 0.0383858 0.357903 0.163478 0.0511078 0.0488597 0.071102 0.154993 0.0554833 0.131389 0.28263
internal_weight=1762.13 938.843 823.286 246.527 42.7527 203.774 185.683 692.316 324.535 314.926 210.506 230.64 23.0345 13.3842 2.26202 1.09508 0.805547 207.605 5.02865 0.53272 4.49593 0.612073 1.16694 18.5883 367.782 88.8725 13.9492 74.9233 12.5094 2.22303
internal_count=140940 36585 104355 18346 2781 15565 15068 18239 10534 10383 6773 24363 1852 861 203 88 57 22511 477 54 423 60 115 1136 7705 1339 215 1124 188 55
is_linear=0
shrinkage=0.05


Tree=13
num_leaves=31
num_cat=0
split_feature=11 4 11 10 4 1 13 9 28 8 2 8 9 13 30 14 18 13 9 4 27 6 29 28 10 8 10 29 30 4
split_gain=775.349 81.2506 55.9855 46.894 31.5724 41.4619 24.8978 20.3895 19.6361 26.75 26.6332 19.152 18.2574 17.6582 17.7925 47.391 17.5917 17.0742 21.3508 16.4964 20.8022 20.0243 19.1866 18.5595 16.4919 15.9555 31.7903 30.8352 19.0872 17.2417
threshold=0.0034814989189583482 0.0062712205367998885 0.0021372264072671604 0.0020861947506420936 0.00041712568322480899 -0.0040080742373507219 241.50000000000003 0.65808097462100268 0.024474420253242452 1.3996901571828033 0.049698027101187099 0.38406589775630945 1.1984768922221558 317.50000000000006 -9.0542172462346802 57.500000000000007 0.0067954258261912386 273.50000000000006 4.3884142303300004 0.009755709743169548 0.11779797012849717 0.0030435517783888545 0.38084593905512315 0.041298093479529709 0.0027293104139402852 0.34966832310466328 0.0025343252616205486 -0.74822659722858453 -9.0542172462346802 0.0028429282160625834
decision_type=2 2 2 2 2 2 2 2 2 2 2 2 2 2 2 2 2 2 2 2 2 2 2 2 2 2 2 2 2 2
left_child=2 3 16 -2 11 7 -4 25 13 -10 -11 -5 -3 -7 15 -15 -1 -9 -19 20 21 22 -14 -22 -21 26 27 -6 -27 -28
right_child=1 12 6 4 5 8 -8 17 9 10 -12 -13 19 14 -16 -17 -18 18 -20 24 23 -23 -24 -25 -26 28 29 -29 -30 -31
leaf_value=-0.047807928843099104 -0.020618383876927059 0.052946534681982044 0.054581948272339545 0.027386984525779576 0.090713355046235289 -0.014476915671481705 -0.021844798544606445 0.048969671571801675 0.012459652799870184 0.26676554322882512 0.018484316067554751 0.071987903871785039 0.23071451817143407 -0.051066116015836875 0.016521994612470239 0.72369128410757155 0.17667756864606185 -0.0093227659159877095 0.24541787424364545 0.22100348043288826 -0.0015106835937185622 0.25284631540361285 0.013846832354137421 0.22892225193168858 0.040217835242408587 0.3557193121501066 -0.052121106992253918 0.84047953883704207 0.073881269431016403 0.0550674158402924
leaf_weight=564.62829093262553 82.667083723470569 227.74853434320539 11.209524334408341 61.030047771520913 0.3525584889575839 137.64746963791549 215.96319711627439 26.150744838640094 11.440411370247601 2.4589157002046695 1.926286458969116 39.74407603032887 1.2270684028044323 0.50812684651464124 48.14722343813628 0.32275370415300131 0.87406551465392013 36.793106866069138 0.84135163947939773 1.2712604273110617 58.921625190414488 1.4693735036998985 6.0400845482945442 0.88696284405887027 164.05406259000301 0.61119580361992021 7.1460976088419539 0.22442153189331193 35.103628795593977 7.8981401016935706
leaf_count=79966 7412 4617 327 1242 26 8505 24036 1052 343 40 31 761 36 30 3064 21 26 2008 37 30 2366 41 200 19 2621 13 267 18 1528 257
internal_value=-0.0024183 0.0277367 -0.0390388 0.0137933 0.0205932 0.0128555 -0.0180736 0.0368138 -0.000768052 0.0527059 0.157703 0.044977 0.0428701 -0.00530258 0.0204809 0.249887 -0.047461 0.0179362 -0.00362781 0.0330574 0.0124341 0.0845032 0.0504652 0.00190664 0.041608 0.0602693 0.0181209 0.382342 0.0787044 0.00415226
internal_weight=1755.31 962.633 792.675 501.014 418.347 317.572 227.173 115.121 202.451 15.8256 4.3852 100.774 461.619 186.626 48.9781 0.830881 565.502 63.7852 37.6345 233.87 68.5451 8.73653 7.26715 59.8086 165.325 51.336 15.6212 0.57698 35.7148 15.0442
internal_count=140940 36585 104355 26655 19243 17240 24363 5206 12034 414 71 2003 9930 11620 3115 51 79992 3097 2045 5313 2662 277 236 2385 2651 2109 568 44 1541 524
is_linear=0
shrinkage=0.05


Tree=14
num_leaves=31
num_cat=0
split_feature=11 4 4 28 11 3 13 13 28 9 28 13 13 11 12 1 11 12 9 11 7 13 3 9 8 5 5 8 28 13
split_gain=711.478 88.9421 61.8257 34.0558 34.7214 51.9588 28.0361 21.9201 19.6575 24.2194 33.1775 25.0959 19.3996 17.3376 17.857 19.4261 16.7777 25.8057 16.1701 15.891 15.5081 14.9935 17.1589 17.171 18.1724 30.518 106.7 34.0976 21.3703 32.6348
threshold=0.002802248088651029 0.0054404832623785029 1.0000000180025095e-35 -0.0051491436814607178 0.0028349762814783228 -0.0218638975446479 241.50000000000003 240.50000000000003 0.021268645791277168 1.1333366210848623 -0.0042903118448776355 253.50000000000003 241.50000000000003 0.0021372264072671604 0.018235714285714234 -0.0069926855038500704 0.0037313760671606137 0.11619285714285636 0.31828234983618492 0.015285058779240831 0.0015735194532939161 323.50000000000006 0.010174626900491203 0.71632723313696645 0.71764972474373856 0.00048566812060007802 0.00025181874254480674 0.74678558889601765 0.012572922053677009 345.50000000000006
decision_type=2 2 2 2 2 2 2 2 2 2 2 2 2 2 2 2 2 2 2 2 2 2 2 2 2 2 2 2 2 2
left_child=6 2 -2 4 5 -4 -1 18 9 11 -11 19 20 -8 15 -15 -6 -18 -5 -3 -12 -9 -23 24 -24 26 -26 -27 -29 -30
right_child=1 8 3 7 16 -7 13 21 -10 10 12 -13 -14 14 -16 -17 17 -19 -20 -21 -22 22 23 -25 25 27 -28 28 29 -31
leaf_value=0.034212839129934162 0.040537753699415209 0.053996444345927756 0.80694390878808098 -0.021540700882676973 -0.02191678451395089 0.035566694692719961 -0.048276045501439789 -0.020827128858231708 0.06076684812739256 0.040174288628909011 0.0012031787951822255 0.036492519617214406 -0.0038932128823597188 0.42243542869957446 -0.02983924608079418 0.040915982058749571 0.064048739158741749 0.0096859296340639552 0.069230841645203559 0.11547113406725773 0.11621953248309028 -0.011235741234311727 0.036303162490201421 -0.010362140663536325 -0.050869107703741992 0.5240599356194473 1.2365653103674603 -0.012797604619227847 0.62012368092810222 -0.051219857767570778
leaf_weight=11.543017532676457 113.9110060762614 26.737027902156115 0.34972115606069565 7.4838397521525648 20.860922323539853 0.58095396962016721 533.00102679664269 205.38624317757785 73.136031256988645 119.58260300569236 5.3983624717220646 200.5825594868511 106.64488573558629 0.41953151067718897 119.09275993285701 1.629921322222798 32.387352063320577 66.968022321350873 14.245247501879929 17.323382863774896 6.4115410894155502 43.054736194200814 7.9996980950236338 8.637828001752494 0.39448930416256178 0.43475351110100779 0.27183431107550859 2.6302507109940056 0.37248180713504542 0.35217587929219007
leaf_count=341 2494 580 29 141 1884 61 79783 16674 1188 2659 108 5240 3600 13 15189 146 1205 3801 264 233 110 3690 523 660 29 29 18 207 21 20
internal_value=-0.00235905 0.0226614 0.00793075 -0.00107555 0.021203 0.325428 -0.0430323 -0.010342 0.0366104 0.0329502 0.0215958 0.0439981 0.00284033 -0.0443953 -0.027321 0.119015 0.0188478 0.0274068 0.0379677 0.0781667 0.063645 -0.0142366 0.0068646 0.0438099 0.0813773 0.162298 0.474354 0.10743 0.0534398 0.293858
internal_weight=1747.82 1082.14 526.322 412.411 121.147 0.930675 665.686 291.264 555.816 482.68 238.037 244.643 118.455 654.143 121.142 2.04945 120.216 99.3554 21.7291 44.0604 11.8099 269.534 64.1482 21.0935 12.4557 4.45599 0.666324 3.78966 3.35491 0.724658
internal_count=140940 45468 31750 29256 6980 90 95472 22276 13718 12530 6477 6053 3818 95131 15348 159 6890 5006 405 813 218 21871 5197 1507 847 324 47 277 248 41
is_linear=0
shrinkage=0.05


Tree=15
num_leaves=31
num_cat=0
split_feature=10 4 4 14 4 4 27 18 10 3 4 12 8 0 14 3 10 28 0 9 9 2 14 15 15 1 9 3 28 18
split_gain=651.727 78.024 45.3201 37.1819 36.9043 28.897 27.6404 26.1571 20.2251 19.4731 35.8235 51.8274 18.5506 25.9367 33.3501 121.302 29.5371 49.7173 18.196 17.9581 56.5195 17.3875 20.943 19.9043 17.7406 15.2633 15.1527 29.5488 15.0625 14.773
threshold=0.0030503720547852961 0.0039938956325082627 0.010952773987105419 150.50000000000003 0.00022735023597185148 0.0051612679722694834 0.13355146238575596 1.0133206054146237e-05 0.0019096881417942069 -0.057050858206671488 0.0027266942134501408 0.52801785714285454 0.69658790333713894 -1.0000000180025095e-35 75.500000000000014 0.028684586156753514 0.0021763404095755741 -0.0012579299689106404 0.0051522898146940674 0.62483519506731444 0.61652269328057729 0.019199555061178989 83.500000000000014 0.55999997759998199 0.047619046957672273 -0.0065301709456967441 0.13866394914294775 -0.01901938514959722 0.016202087802029638 0.0041913127757324331
decision_type=2 2 2 2 2 2 2 2 2 2 2 2 2 2 2 2 2 2 2 2 2 2 2 2 2 2 2 2 2 2
left_child=1 3 4 8 -2 6 -6 19 29 10 11 -10 13 -3 15 16 17 -15 26 20 21 24 23 -23 -7 -5 27 -11 -8 -1
right_child=2 12 -4 25 5 7 28 -9 9 18 -12 -13 -14 14 -16 -17 -18 -19 -20 -21 -22 22 -24 -25 -26 -27 -28 -29 -30 -31
leaf_value=-0.044168933607036442 0.049062952836078165 -0.0064270982631316285 0.047439917675725238 0.13580964404135029 0.052023245512173258 0.14619721990449458 -0.0077973780256627824 0.006311812112683589 -0.050643032268026869 0.40634758440266305 -0.018909085013566636 0.76500183590094939 -0.00085520379192992584 0.70216822607613039 0.029975513724439157 0.89884465661739665 -0.022409613762732275 0.025715036460995128 0.45215488608546556 0.02862162955252287 0.37730782180446287 0.057248180032667899 0.055595870960613095 0.30229290591400504 0.030982556656638044 0.011405484057621828 -0.029204465370566052 0.016644211961496957 0.034273761521680317 0.14954047416879815
leaf_weight=557.74658685084432 108.35809896793216 7.8106353282928467 255.00693386048079 2.8594635576009777 26.039098353590816 3.6526951184496275 176.61501653585583 99.960378719493747 0.35674548707902376 0.54665189841762174 1.5702329389750955 0.42892102617770433 96.663294181227684 0.46408879710361362 4.320495096500963 0.57873337762430299 1.7569362982176242 0.6549777011387039 0.19887221325188775 147.04050404392183 1.3887286996468891 1.3152189254760727 5.439144603908062 2.2402392327785492 39.17061226721853 17.898784197866917 152.88488463545218 4.4146911399438968 24.188716607168317 0.98599699093028803
leaf_count=83344 1958 574 3143 45 942 68 10981 3839 29 37 115 28 8046 26 302 29 147 64 19 4912 33 28 103 39 963 521 19282 445 783 59
internal_value=-0.000279822 -0.031537 0.0296338 -0.03743 0.0224877 0.017024 0.00355551 0.0272011 -0.0393343 -0.0236845 0.119006 0.394644 0.00730672 0.0579268 0.122574 0.238377 0.105472 0.306247 -0.0258116 0.0376287 0.0625203 0.0540839 0.117281 0.211647 0.04081 0.0285422 -0.0264138 0.0595826 -0.00272951 -0.0438271
internal_weight=1742.56 852.141 890.415 739.892 635.408 527.05 226.843 300.208 719.134 160.401 2.3559 0.785667 112.249 15.5859 7.77523 3.45474 2.876 1.11907 158.045 200.247 53.2066 51.8179 8.9946 3.55546 42.8233 20.7582 157.846 4.96134 200.804 558.733
internal_count=140904 113112 27792 103924 24649 22691 12706 9985 103358 19955 172 57 9188 1142 568 266 237 90 19783 6146 1234 1201 170 67 1031 566 19764 482 11764 83403
is_linear=0
shrinkage=0.05


Tree=16
num_leaves=31
num_cat=0
split_feature=11 11 4 12 27 18 18 11 12 13 13 13 3 1 3 2 0 0 0 9 13 5 27 27 3 4 4 12 1 3
split_gain=684.297 56.9906 37.6565 63.8917 22.6823 21.2352 20.6346 19.6634 22.9608 26.4643 34.7502 40.7113 82.4946 43.6454 19.178 17.9998 18.5866 15.8558 18.8743 20.9624 26.9763 16.24 20.4481 21.8434 15.1676 21.3821 15.0236 14.6172 15.5529 22.7038
threshold=0.002802248088651029 0.013905820789117698 0.005338162070649694 0.15610357142857142 0.68136869505455377 0.0046160695187478099 0.0072881870903520772 0.0020271721298621764 0.035614285714284939 327.50000000000006 311.50000000000006 314.50000000000006 -1.0000000180025095e-35 -0.0053558873607666415 -0.077953308012938635 0.010784556406750802 0.0026081708821201759 -0.0028250046331628194 7.1787105729304037e-05 0.56763970249105322 324.50000000000006 0.0028340662206970089 1.1821628648764551 10.467916454127129 0.0073388253291327707 1.0000000180025095e-35 0.0039450414909535528 0.17175714285714291 -0.019758650573798994 0.020882400952687234
decision_type=2 2 2 2 2 2 2 2 2 2 2 2 2 2 2 2 2 2 2 2 2 2 2 2 2 2 2 2 2 2
left_child=7 2 3 6 14 26 -2 -1 9 10 24 12 -12 -13 -4 -7 -17 -6 19 20 -19 -21 -23 -24 -9 -26 -5 28 -3 -30
right_child=1 27 4 5 17 15 -8 8 -10 -11 11 13 -14 -15 -16 16 -18 18 -20 21 -22 22 23 -25 25 -27 -28 -29 29 -31
leaf_value=-0.047776759122563087 0.018710806476676584 -0.00050066719184849011 0.11270945915761524 -0.024761466058311539 -0.0028304472934243042 -0.032931019456039275 0.060909524069549761 -0.022378152684685414 -0.033999096768826439 -0.043659487862288827 -0.050671465730214249 0.49250413711103191 1.2214665733979779 0.0079632108333162737 0.037452308788147246 0.25415300538015634 0.04207364462300775 0.098667746960583225 0.018483872771895435 0.020159901378316136 0.38358386270628708 0.34892389268105872 -0.025949220182849803 0.2718443272092278 0.40852562167384754 0.031291377975816416 0.0033984099457640944 0.037438169899670172 0.11990458180719442 0.043279036270784964
leaf_weight=468.48267979221418 197.16973010171205 6.9433765895664683 8.9312677904963476 143.0366399558261 68.516845123842359 2.4114695936441413 33.95858480129391 5.1434083073399979 127.94364492921159 7.4109514942392698 0.23746619326993823 0.63895917218178588 0.27503777574747834 1.7045660447329276 162.29205479752272 1.898087542504072 2.2669897321611643 4.2379004983231452 131.79890731163323 15.82380203343928 1.0333594987168906 0.86817445326596443 1.8875573603436353 0.9139479212462901 0.54314404726028431 1.2180115608498452 70.813163488171995 231.31573942303658 18.928247729316354 19.757558537647128
leaf_count=75884 10760 77 81 12767 1935 62 436 391 17635 991 24 31 21 168 4311 26 22 86 4016 535 34 27 67 14 24 117 4845 4848 360 309
internal_value=-0.000322113 0.0228476 0.0164153 0.00654369 0.0276631 -0.0127152 0.0249109 -0.0427952 -0.0267129 0.0275761 0.0816633 0.228352 0.632028 0.140073 0.0413778 0.0757803 0.138721 0.0172301 0.0260091 0.0660588 0.154522 0.0421374 0.136905 0.0712013 0.0209863 0.147631 -0.0154367 0.04254 0.0684035 0.0807705
internal_weight=1738.4 1124.8 847.858 451.555 396.304 220.426 231.128 613.598 145.115 17.1715 9.76059 2.85603 0.512504 2.34353 171.223 6.57655 4.16508 225.08 156.564 24.7647 5.27126 19.4935 3.66968 2.80151 6.90456 1.76116 213.85 276.945 45.6292 38.6858
internal_count=140904 45618 40024 28918 11106 17722 11196 95286 19402 1767 776 244 45 199 4392 110 48 6714 4779 763 120 643 108 81 532 141 17612 5594 746 669
is_linear=0
shrinkage=0.05


Tree=17
num_leaves=31
num_cat=0
split_feature=11 10 11 3 13 28 13 3 1 12 13 13 13 3 5 10 12 6 30 11 12 14 14 29 13 9 15 11 1 6
split_gain=632.035 67.6456 35.2794 64.0861 39.1045 41.9916 25.057 37.0427 32.018 33.8971 48.2985 40.9296 22.8551 20.9611 20.3021 23.0615 28.2448 31.2652 23.8544 19.8248 20.6019 21.2962 19.7141 24.3305 18.7382 25.7369 18.5969 16.9272 32.5593 39.0387
threshold=0.002802248088651029 0.0040173588379360655 0.0072393057999414782 -0.047456317131359164 284.50000000000006 -0.026640441345133142 324.50000000000006 0.027160895718980175 0.011539496674145557 0.6514285714285678 329.50000000000006 358.50000000000006 244.50000000000003 -0.038140120187359343 0.0002780094523213566 0.0042863300066103014 0.059442857142857297 0.0010857763300760714 0.52253464787296211 0.0020271721298621764 0.035614285714284939 62.500000000000007 78.500000000000014 -0.77554541698995461 364.50000000000006 0.87305107706474883 0.1666666661432071 0.0040996786373754162 -0.008822433322968724 0.0019613708398894471
decision_type=2 2 2 2 2 2 2 2 2 2 2 2 2 2 2 2 2 2 2 2 2 2 2 2 2 2 2 2 2 2
left_child=19 6 3 4 5 -3 12 13 9 10 -9 -12 -2 -8 15 16 -5 18 -18 -1 21 -21 23 -23 -4 -26 -7 28 29 -15
right_child=1 2 24 14 -6 26 7 8 -10 -11 11 -13 -14 27 -16 -17 17 -19 -20 20 -22 22 -24 -25 25 -27 -28 -29 -30 -31
leaf_value=-0.047637485258728553 0.039946388343679626 0.083630994530341562 0.036406343943903359 0.013266150585146611 0.0056526968074010692 0.20479460120758666 0.18233766776300891 0.64485835205361852 -0.024493511446246591 -0.051062477167759836 0.045066066482657409 0.50110165284848807 -0.0085692902937181247 0.057689368905374884 0.0020220318943643448 0.028808845050939915 0.68975360456138912 -0.051269142092025745 0.2437972629703368 -0.043345926386756745 -0.033427090560657582 0.50663146905893297 0.019089685326029171 0.11393060049155537 0.30916828064879132 0.027643977478831117 0.43388006748372332 0.048301614690184638 -0.013749220950326622 0.42271067459406952
leaf_weight=446.90494543686509 26.883985626511276 3.7867652215063572 515.27555031795055 1.5330594917759293 4.0365878120064735 1.7163219284266218 1.9003362637013186 0.78855956066399802 1.8001664588227866 0.8385389233008026 1.5426764478906991 0.72242496442049731 250.13858603360131 5.5258391806855789 197.48100002855062 47.040001480840147 0.53925830218940951 0.43729123659431923 0.67546865902841091 7.0992381954565671 123.73400212451816 0.44823183305561576 7.0816879817284644 3.2859136089682561 1.4966454133391374 1.7742315884679554 1.8309862464666364 25.544309529475868 51.515282381791621 0.84441946074366558
leaf_count=75884 632 35 9417 56 63 22 45 28 75 48 72 29 20182 382 7177 1065 23 24 29 991 17635 28 532 216 20 24 24 1278 4816 52
internal_value=-0.000357364 0.0212774 0.0296358 0.0145689 0.130637 0.199427 0.00361723 0.0263769 0.149873 0.230518 0.30784 0.190513 -0.00386103 0.0181386 0.00924092 0.037625 0.16783 0.311264 0.441772 -0.0424712 -0.0261714 0.0239418 0.0681077 0.161069 0.0371636 0.15646 0.32304 0.0143985 -0.000562622 0.106075
internal_weight=1734.22 1145.67 777.623 259.077 11.3707 7.33407 368.045 91.0226 5.69237 3.8922 3.05366 2.2651 277.023 85.3302 247.706 50.2251 3.18508 1.65202 1.21473 588.554 141.649 17.9151 10.8158 3.73415 518.546 3.27088 3.54731 83.4299 57.8855 6.37026
internal_count=140904 45618 17979 8518 144 81 27639 6825 252 177 129 101 20814 6573 8374 1197 132 76 52 95286 19402 1767 776 244 9461 44 46 6528 5250 434
is_linear=0
shrinkage=0.05


Tree=18
num_leaves=31
num_cat=0
split_feature=11 4 27 11 3 12 27 12 12 13 13 11 27 12 12 12 11 0 14 4 27 14 3 11 7 3 2 12 14 14
split_gain=583.743 46.0552 32.5677 28.0664 38.3761 73.959 53.4397 35.276 72.4684 29.032 36.1132 20.0728 19.8157 28.7363 19.1159 18.9832 19.9905 19.3469 19.1387 29.5179 25.1777 18.2325 17.6336 32.6108 47.973 15.5772 17.5828 31.3071 21.8845 16.3462
threshold=0.002802248088651029 0.010952773987105419 1.0000000180025095e-35 0.0041820558615550734 0.024374760815033984 0.11328928571428575 0.99546299472066058 0.051532142857142922 0.039678571428571174 321.50000000000006 300.50000000000006 0.0020271721298621764 0.52128702256184634 0.62145000000000106 0.035614285714284939 0.15428571428571422 0.009697687295452586 0.0032344436042165419 72.500000000000014 0.0014779870002339234 1.0989669961800141 62.500000000000007 -0.025348092501557836 0.0030124558703197935 0.00097589449094225868 -0.057050858206671488 -0.054828637910280524 0.88219999999999854 257.50000000000006 136.50000000000003
decision_type=2 2 2 2 2 2 2 2 2 2 2 2 2 2 2 2 2 2 2 2 2 2 2 2 2 2 2 2 2 2
left_child=11 2 -2 4 22 6 -6 8 -8 10 25 -1 13 -7 21 17 -17 -12 20 -20 -19 -13 23 24 -4 26 -5 28 29 -28
right_child=1 -3 3 9 5 12 7 -9 -10 -11 15 14 -14 -15 -16 16 -18 18 19 -21 -22 -23 -24 -25 -26 -27 27 -29 -30 -31
leaf_value=-0.047493306775452201 0.042990722138250677 0.037554346038003027 0.082268030636972675 0.0049204145091660233 0.69589777384128348 -0.050784302867659642 -0.050836103004659544 0.048813867643295816 1.0097717362399605 0.04272817841709986 0.010025065259229355 -0.043022270394881913 -0.02658915463530034 0.62803905510840297 -0.032846319636402693 -0.026296840313521992 0.0054428592016683664 0.025937429401881457 0.32483304485641518 0.023533455910299095 0.44595634049177146 0.06013503148841759 -0.01763450140338485 0.018373558787763668 0.78516335747124311 0.019333051367581906 0.11151700878598457 -0.029844022525553512 -0.054506745741649411 0.24212582739807714
leaf_weight=426.36755486251786 88.70764672383666 278.58820141199976 0.75029708305373588 10.102654777467253 0.66897695139050339 0.33127371966838826 0.31463608145713839 1.4781858259811995 0.32995481695979834 86.457863910123706 34.0896080378443 6.8025391339324441 6.1757068075239658 0.29450343549251556 119.72817481402308 93.040277726016939 106.27364286035299 0.64246562775224247 0.92675678804516781 6.6156234964728355 0.80242291651666164 11.566510295029728 144.65506369946525 7.1798948058858514 0.35884768888354301 278.1652026893571 9.4534245831891912 4.3902359604835501 1.5486476030200709 3.2087134178727856
leaf_count=75884 2380 3173 56 213 34 24 22 72 20 3055 1850 991 447 17 17635 6382 4811 22 26 232 26 776 12427 441 26 9447 200 124 26 65
internal_value=-0.000391973 0.01982 0.0142498 0.0110559 -0.00748573 0.0895223 0.306216 0.183411 0.492071 0.0157965 0.0115573 -0.0421272 0.000577717 0.268684 -0.0255598 -0.00286827 -0.00937332 0.0272301 0.0924907 0.0605551 0.259196 0.0219332 -0.0135704 0.0573528 0.30968 0.0229518 0.0580206 0.0868606 0.122915 0.144615
internal_weight=1730.02 1165.55 886.963 798.255 162.537 9.59324 2.79175 2.12278 0.644591 635.718 549.26 564.465 6.80148 0.625777 138.097 242.391 199.314 43.0769 8.98727 7.54238 1.44489 18.369 152.944 8.28904 1.10914 306.869 28.7037 18.601 14.2108 12.6621
internal_count=140904 45618 42445 40065 13586 636 148 114 42 26479 23424 95286 488 41 19402 13349 11193 2156 306 258 48 1767 12950 523 82 10075 628 415 291 265
is_linear=0
shrinkage=0.05


Tree=19
num_leaves=31
num_cat=0
split_feature=10 10 4 27 13 13 8 5 28 13 2 28 1 28 13 18 10 10 18 7 3 10 5 0 30 6 6 6 4 0
split_gain=460.839 48.9648 40.113 29.7431 24.5777 21.1892 20.3472 25.9396 18.3215 20.1284 19.0276 17.9053 17.0157 16.509 20.9903 21.4873 20.5242 23.7624 14.8241 14.6146 16.4237 20.7077 16.3655 15.3141 14.9992 14.5183 21.2585 31.5005 29.5574 47.0208
threshold=0.002364123217511263 0.0040173588379360655 0.0041902919384484904 0.34577176363242007 245.50000000000003 299.50000000000006 1.2702301635777065 0.0059171597633136527 0.013288077062775879 365.50000000000006 0.091676002592134501 0.041298093479529709 0.010175709912603749 -0.012793658827523544 293.50000000000006 0.0028865086674412619 0.0053281177841089438 0.0046173632966821322 0.0041913127757324331 0.0027691041343787348 0.081572411751530197 0.01151074054127906 0.0054321697736372737 0.014759633811876951 -0.672626181265361 0.0016675814279664303 0.0020528623623178887 0.0020080321285141458 0.004089012262984768 -0.00085062110309419559
decision_type=2 2 2 2 2 2 2 2 2 2 2 2 2 2 2 2 2 2 2 2 2 2 2 2 2 2 2 2 2 2
left_child=2 3 4 12 -1 13 7 -4 10 -10 -5 19 25 -3 -15 16 17 -16 -6 23 -21 22 -22 24 -7 -2 27 28 29 -27
right_child=1 5 6 8 18 11 -8 -9 9 -11 -12 -13 -14 14 15 -17 -18 -19 -20 20 21 -23 -24 -25 -26 26 -28 -29 -30 -31
leaf_value=0.02168730737732141 0.016735067131906905 0.047245478405922386 0.025962540565439635 -0.013815880163297753 -0.040524537494099941 -0.0096275601957834297 -0.029526166410113686 0.2780897823313796 0.02465212979198422 0.25903330735905378 0.33824036768196208 0.074633339943244628 0.37963533672329386 0.02417126757157826 0.15449753000021896 -0.0032825513399614759 0.11038572141076192 0.59281627298707329 0.096838801553000148 0.023376261737600677 0.079640481986417377 0.01861559783648507 0.24448626774995749 0.065341826150475887 0.015426832027277119 0.80777258735488278 0.042153009488168386 0.628591343279019 -0.015902646559008745 0.094494186505361177
leaf_weight=16.600813127122819 54.032673427835107 135.69953614473343 28.410145548172299 189.99746420700103 560.05364778358489 96.485491026192904 20.851894878782332 1.0581445926800359 21.518424489069734 0.95674371160566707 0.38457256928086181 12.813883734866975 0.34622837882488866 299.48569165356457 0.7208531629294137 2.8755671810358763 3.8767371010035276 0.5414707912132144 1.9710295628756274 83.961261636577547 3.5317719560116512 5.862749271094799 2.624411903321743 11.313395204022525 156.8402304421179 0.34920415282249451 10.363765435758976 0.36767822969704855 1.4177960334345696 0.68289629183709599
leaf_count=492 3517 1591 2270 17024 95498 3480 1920 34 1014 28 16 145 10 5934 35 47 66 18 116 1553 63 72 28 123 5223 25 413 20 79 50
internal_value=-0.000426281 0.0191359 -0.034548 0.0011095 -0.0382718 0.0253259 0.00827068 0.0350159 -0.00806456 0.0346295 -0.0131047 0.0165517 0.0300136 0.0327189 0.0263083 0.106163 0.167404 0.342513 -0.0400428 0.0144879 0.0312017 0.0858681 0.149915 0.00842606 0.00588423 0.0282126 0.0752612 0.197042 0.132275 0.335827
internal_weight=1726 1097.05 628.946 280.417 578.625 816.633 50.3202 29.4683 212.857 22.4752 190.382 373.433 67.5602 443.2 307.5 8.01463 5.13906 1.26232 562.025 360.619 95.9802 12.0189 6.15618 264.639 253.326 67.214 13.1813 2.81757 2.4499 1.0321
internal_count=140904 40574 100330 22196 96106 18378 4224 2304 18082 1042 17040 10687 4114 7691 6100 166 119 53 95614 10542 1716 163 91 8826 8703 4104 587 174 154 75
is_linear=0
shrinkage=0.05


Tree=20
num_leaves=31
num_cat=0
split_feature=11 10 7 2 11 30 27 14 14 3 10 13 28 11 11 5 11 3 10 13 3 13 11 10 18 6 6 11 28 12
split_gain=467.405 49.3701 22.2113 22.0582 20.324 20.9363 21.3531 17.3587 26.9287 46.0807 45.0238 16.466 14.8199 18.4773 30.6597 27.661 14.5201 35.8534 16.2816 15.0529 27.0935 14.7591 23.0533 15.5879 14.451 13.2672 21.8571 17.4947 13.4211 12.7091
threshold=0.002802248088651029 0.0037198883547346078 0.0012554923134606912 -0.009818082402849369 0.014488669397320131 -0.77876441675319463 22285.500000000004 100.50000000000001 114.50000000000001 -0.0058931341111424498 0.002482796028519516 241.50000000000003 -0.014554698140413099 0.008413550365046733 0.0055603488832956368 0.0011396900573746292 0.0072393057999414782 -0.04391980387632393 0.0049972797318191499 342.50000000000006 0.0257562805589342 346.50000000000006 0.0081744856785945195 0.008240046527876967 0.014982978723404322 0.00043988628127943812 0.00038491370765661583 0.015285058779240831 -1.0000000180025095e-35 0.10666428571428595
decision_type=2 2 2 2 2 2 2 2 2 2 2 2 2 2 2 2 2 2 2 2 2 2 2 2 2 2 2 2 2 2
left_child=3 2 4 7 29 6 -6 -1 9 10 -9 -5 13 14 -4 -16 17 18 -3 -18 21 -21 23 -23 -10 26 27 28 -7 -2
right_child=1 16 12 11 5 25 -8 8 24 -11 -12 -13 -14 -15 15 -17 19 -19 -20 20 -22 22 -24 -25 -26 -27 -28 -29 -30 -31
leaf_value=-0.012994535587827649 0.002966724220975582 0.16580359169724007 0.037795626525512521 0.017083977974349324 0.097472889601397592 0.10182590952638133 0.44590417969039714 0.007563141969246439 -0.028238211591678403 1.2424164520764358 0.68773855068723388 -0.045341160197203863 0.013197679684995058 -0.016425810887526527 0.56244678241710966 0.16641162502627069 0.024228225793896576 0.0075631253107069779 0.053876129082007396 0.16238770676473288 0.26001134445228352 0.038234419201070576 -0.018893823723706224 0.26622180599260936 0.39620576712478184 -0.028021738220715325 0.41337373102575869 0.01148495974593744 0.59980320253649499 -0.022623314001394404
leaf_weight=13.168709446676077 72.521651681046933 4.2668947987258461 2.764431399293243 10.794246851466594 3.646111715584996 0.3276583980768919 0.50001042895019043 0.86417533038184025 2.2109134681522851 0.1160350870341057 0.33863875130191445 494.17213877243921 80.517992280423641 2.7645152658224106 0.65079273749142919 1.3670523511245845 551.3608834836632 280.20872691366822 13.621425043791531 2.4183728434145442 1.7466462105512608 1.6233795862644895 7.9225439392030239 1.3931284211575983 0.22054171562194813 8.4571073083206993 0.43002234213054169 4.73335668630898 0.23047762364148994 146.59694024175406
leaf_count=1983 4936 67 114 321 166 24 13 152 266 20 39 92165 5662 103 29 44 9848 9570 152 24 26 28 75 17 2 545 22 253 17 13714
internal_value=-0.00267314 0.0146279 -0.00196924 -0.0421252 -0.00992345 0.0406608 0.139493 0.0140328 0.108936 0.290856 0.199059 -0.0440067 0.0194772 0.0864743 0.145958 0.29414 0.0208767 0.0119444 0.0805741 0.0255773 0.0748225 0.0506068 0.0258947 0.143527 0.0102604 0.0117603 0.0705631 0.042704 0.307461 -0.0141538
internal_weight=1711.96 1190.07 325.508 521.885 237.443 18.3247 4.14612 16.919 3.7503 1.31885 1.20281 504.966 88.0648 7.54679 4.78228 2.01785 864.562 298.097 17.8883 566.465 15.1041 13.3574 10.9391 3.01651 2.43146 14.1786 5.72152 5.29149 0.558136 219.119
internal_count=140397 45449 25642 94948 19690 1040 179 2462 479 211 191 92486 5952 290 187 73 19807 9789 219 10018 170 144 120 45 268 861 316 294 41 18650
is_linear=0
shrinkage=0.05


Tree=21
num_leaves=31
num_cat=0
split_feature=11 4 6 2 4 13 14 4 1 29 11 8 9 12 1 13 28 27 0 5 11 1 10 11 6 9 14 28 12 3
split_gain=435.567 43.5661 33.6489 21.0134 20.6563 15.9865 14.2303 16.5706 49.2938 13.6971 14.6914 16.0107 13.3467 13.4647 31.072 15.4882 16.6301 13.6164 18.1466 12.7536 13.5469 21.3951 11.5428 16.6926 16.4714 22.7021 13.1174 23.3684 14.7109 11.5217
threshold=0.002802248088651029 0.0065875277418691444 0.00010370756251768776 -0.009818082402849369 0.0036916572887659609 241.50000000000003 59.500000000000007 0.0058823529411764696 -0.0072542530206342595 0.55601258657381536 0.01869984438621804 1.3996901571828033 1.2619334808964497 1.6010499999999888 -0.013676441872193688 314.50000000000006 -0.026640441345133142 2.4730943443776776 0.0065654784224497007 0.001239312279781399 0.014488669397320131 0.0057427180354580063 0.0040173588379360655 0.014488669397320131 7.1969630703751813e-05 0.68282455002096676 229.50000000000003 0.041298093479529709 0.055357142857145041 0.00094801153701185037
decision_type=2 2 2 2 2 2 2 2 2 2 2 2 2 2 2 2 2 2 2 2 2 2 2 2 2 2 2 2 2 2
left_child=3 2 22 6 -4 -5 -1 29 -9 -6 -11 -12 13 19 15 16 -15 -16 -19 20 -3 -22 23 -2 -24 -26 27 28 -25 -8
right_child=1 12 4 5 9 -7 7 8 -10 10 11 -13 -14 14 17 -17 -18 18 -20 -21 21 -23 24 26 25 -27 -28 -29 -30 -31
leaf_value=-0.037589730886611744 -0.0014384883309069374 0.042186423217315555 -0.020448789859096188 0.015972895813859404 0.013681323150392527 -0.045100992987323313 0.024429450969481251 0.037985830215990259 0.95271369676963702 -0.021260786655441448 0.0073349464731227018 0.26356386438017326 0.016195226168680767 0.19691909271839036 0.011253775650416714 0.2633196722063082 0.026413994859969061 0.049590108048042959 0.25387897841414192 0.024623644685198502 0.24154618356707555 0.035545196116081423 0.021955828869032926 0.27342060080597491 0.36378834038508107 0.027967118834849359 -0.053811012200560074 0.34527780003641484 0.036655142999614233 0.38220342703264287
leaf_weight=7.8472507703118053 108.85331893200055 14.530285874381663 143.47299700649455 10.963334548287092 130.62357940943912 472.51188691426069 8.52553235739469 0.5642732223495841 0.1993013205938049 54.485198618844151 1.6985355187207454 0.95103135146200646 265.5281069111079 2.6766905672848225 17.241128380410377 2.1430459655821323 3.0706172902137068 4.4783369647338978 1.4354752320796249 226.67991060577333 2.4908085707575074 2.5516203045845032 210.46278829593211 0.75258439872413685 0.84123587235808317 1.2526096273213623 1.6681931447237728 0.86588687542825926 5.115111337043345 0.23113064654171545
leaf_count=1267 8076 229 12651 321 7087 92165 1090 52 20 2986 69 36 5067 20 278 21 47 63 19 3876 29 24 4420 14 33 55 33 11 305 33
internal_value=-0.00259078 0.0137109 0.00509166 -0.041775 -0.00616496 -0.0437161 0.0122613 0.0533521 0.27674 0.00474984 -0.0156697 0.0993053 0.0242073 0.0318793 0.0629097 0.1486 0.105823 0.0337097 0.0991777 0.0279673 0.066691 0.137304 0.0163967 0.00380271 0.0233441 0.162889 0.0717076 0.102804 0.0670224 0.0338728
internal_weight=1704.71 1203.87 661.043 500.843 331.231 483.475 17.3675 9.52024 0.763575 187.758 57.1348 2.64957 542.826 277.298 31.0453 7.89035 5.74731 23.1549 5.91381 246.253 19.5727 5.04243 329.812 117.255 212.557 2.09385 8.40178 6.73358 5.8677 8.75666
internal_count=140397 45449 35776 94948 22829 92486 2462 1195 72 10178 3091 105 9673 4606 448 88 67 360 82 4158 282 53 12947 8439 4508 88 363 330 319 1123
is_linear=0
shrinkage=0.05


Tree=22
num_leaves=31
num_cat=0
split_feature=10 10 4 28 27 4 4 14 10 6 2 5 3 12 3 4 27 10 13 8 4 3 14 6 1 6 1 4 29 2
split_gain=341.73 41.1977 32.9329 25.7608 20.6254 18.4299 16.131 22.5234 36.9994 24.738 15.7013 14.4956 12.9855 22.134 12.9733 15.8575 22.052 12.4663 12.4028 11.676 13.0945 11.5992 27.0628 12.7968 24.3604 11.4317 11.033 10.4759 10.2677 10.1286
threshold=0.0021942833857724678 0.0037198883547346078 0.0044208181653779986 -0.0059830392018437638 0.36015573145584362 1.0000000180025095e-35 0.0037294954446924918 12.500000000000002 0.0024097406911076907 0.0017304684571165017 0.070477286435730827 0.0069806959280324299 -0.077953308012938635 0.21035714285714366 -0.047456317131359164 0.0041902919384484904 1.5029947226172591 1.0000000180025095e-35 253.50000000000003 0.921802510519244 0.0065875277418691444 -0.026725590127780748 35.500000000000007 0.0016103059581320791 -0.0036674283329944375 0.0035960661154758856 -0.037400574092032894 0.0092722960914874506 4.2235987687923631 0.0016904125044625575
decision_type=2 2 2 2 2 2 2 2 2 2 2 2 2 2 2 2 2 2 2 2 2 2 2 2 2 2 2 2 2 2
left_child=2 4 3 21 -2 10 -6 8 -8 -10 17 18 13 26 15 16 -9 -5 19 -4 29 22 -1 28 -25 -14 -3 -17 -24 -21
right_child=1 12 11 5 6 -7 7 14 9 -11 -12 -13 25 -15 -16 27 -18 -19 -20 20 -22 -23 23 24 -26 -27 -28 -29 -30 -31
leaf_value=0.45188911109024421 0.019235638101281403 0.043164528405933933 -0.051273801720662288 0.24730136466157795 -0.027188348298262489 -0.044313449343408778 0.73808373099252844 0.05984975481530086 -0.050634321917615105 0.39478132177622027 0.31585969525643715 0.30324756963123173 0.013321614330661986 0.025518085943477375 -0.006765845592281711 0.0020107187335422451 0.61217424091301609 -0.0073637572421853554 -0.0031565039981855491 -0.054366532200673535 0.28326522047833796 -0.015535109063473563 -0.00070097506136860513 -0.050741146583173392 0.44299587541373664 0.029067583911752744 0.13828130819305659 0.15801562093621363 0.30811312750479636 0.16825410276020952
leaf_weight=0.39696323126554389 67.41444600885734 5.2504415512084961 1.0977828102186311 0.49376796977595105 98.072191474027932 440.65325508220121 0.25364301353692909 0.45097324065863986 1.0285489796660838 0.44728653552010644 0.40060992259532113 0.42210532817989488 686.23582018353045 62.060870577581227 91.22728841425851 4.6819031182676554 0.30156155675649643 17.948876013513654 29.185850730165839 0.9495174419134863 1.0382635546848176 29.577035929076374 7.9524353547021711 0.49347685789689422 0.50597486132755953 138.53961754497141 7.2703491356223804 1.3972578570246694 0.2785946512594818 1.1061271000653503
leaf_count=21 4668 45 61 12 12108 85605 36 31 112 22 5 13 17879 700 7004 222 17 2024 2558 43 25 4496 640 39 33 1819 64 21 21 53
internal_value=-0.00250533 0.0126659 -0.0356862 -0.0389234 -0.00464943 -0.0422427 -0.0127875 0.00136571 0.180234 0.0843593 0.00618125 0.0120765 0.0177732 0.0377527 -0.00178901 0.0646694 0.281181 -0.000545566 0.00839426 0.0888197 0.138528 -1.8613e-05 0.0476505 0.030266 0.199214 0.0159665 0.0983952 0.0378675 0.00975142 0.065424
internal_weight=1697.13 1164.63 532.501 498.701 265.275 459.497 197.861 99.7885 1.72948 1.47584 18.8433 33.7996 899.357 74.5817 98.059 6.8317 0.752535 18.4426 33.3775 4.19169 3.09391 39.2045 9.62744 9.23048 0.999452 824.775 12.5208 6.07916 8.23103 2.05564
internal_count=140397 44748 95649 92896 24241 87646 19573 7465 170 134 2041 2753 20507 809 7295 291 48 2036 2740 182 121 5250 754 733 72 19698 109 243 661 96
is_linear=0
shrinkage=0.05


Tree=23
num_leaves=31
num_cat=0
split_feature=11 4 10 11 12 30 28 14 15 10 28 18 12 9 13 18 30 5 28 12 1 18 2 9 3 5 30 4 2 12
split_gain=382.563 33.8464 25.9015 20.8987 15.2042 16.0782 20.7957 15.0675 17.968 20.9335 13.0661 12.7951 15.7997 20.1347 13.5688 12.3651 12.566 17.0115 15.3625 12.9658 18.8904 15.749 12.2193 26.2378 12.1666 23.0551 15.6954 12.2637 13.1877 16.8776
threshold=0.002802248088651029 0.0065875277418691444 0.0037945885755498697 0.0020271721298621764 0.035614285714284939 0.76808659924804701 -0.0074854204058202251 152.50000000000003 0.013295131673981333 0.0011786074127078932 0.024474420253242452 0.00062468082794587946 0.25392857142857245 1.2735324684608866 372.50000000000006 0.010741590612776944 -1.7312284984904995 0.0011986920155703932 -0.015729935857607576 0.054628571428571603 -0.0023842935596793953 0.0044777807835132436 0.019199555061178989 1.5798645384802195 0.055225355884077183 0.00070268383622523105 0.61036570634587295 0.0075974745455340831 -0.030547350226874877 0.66769642857143052
decision_type=2 2 2 2 2 2 2 2 2 2 2 2 2 2 2 2 2 2 2 2 2 2 2 2 2 2 2 2 2 2
left_child=3 2 10 7 5 -5 -7 -1 9 -9 -2 12 -3 14 24 16 17 -13 -18 20 -20 -22 -6 -24 26 -26 -14 -28 -29 -30
right_child=1 11 -4 4 22 6 -8 8 -10 -11 -12 15 13 -15 -16 -17 18 -19 19 -21 21 -23 23 -25 25 -27 27 28 29 -31
leaf_value=-0.048608637791171666 -0.0085572463978467652 0.042259525255039954 0.013033048147843963 -0.0021748881331161516 -0.03176986930049832 0.40541551006716675 0.063865640416388161 0.29444315835114238 -0.035047625592726388 -0.051911444290270503 0.064705435417936052 0.15982848446610698 0.013605255616337384 0.0032013417999634908 0.18327646157552183 0.034177457698553848 0.048644972066651367 -0.016729952356524455 -0.053211462310489892 -0.00039541875777342276 0.27669282722041766 0.030202256772331317 -0.050365000202443735 0.62760398725752498 0.2167568809050634 0.046545436184916779 0.17148727098108121 0.12393216294970273 0.079119350746858164 -0.060149114188290102
leaf_weight=339.17370872572064 275.16693330882117 115.66114724706858 383.88774091750383 14.215554364491256 102.10988970706239 0.54068730119615827 2.5357998502440742 1.1462788470089424 3.0348238460719585 0.70429932512342919 6.2234976589679709 1.3958867881447066 81.669693903066218 103.42588675580919 1.480648225173353 47.094136176630855 26.464885384775698 60.26705583743751 1.4634823165833948 72.811186014674604 1.5068743731826537 1.1369761535897849 0.40202915109693904 0.22124165110290051 2.1354767382144955 29.08981741219759 2.4447973994538179 4.0451238751411429 4.7078738398849946 4.0441963132470846
leaf_count=75498 24234 1712 11363 1536 17454 17 197 24 110 21 179 21 1444 2101 35 404 306 1192 45 1754 32 29 60 31 20 366 63 38 54 57
internal_value=-0.00242079 0.0122139 0.00458643 -0.041086 -0.0231216 0.0202542 0.123892 -0.0473529 0.0398308 0.162626 -0.0069369 0.0212616 0.0271521 0.0196542 0.0327825 0.0115791 0.0051309 -0.0127331 0.0157859 0.00448027 0.0909122 0.170691 -0.0304226 0.190293 0.0310435 0.0581861 0.022298 0.0688756 0.0492725 0.0147655
internal_weight=1690.21 1226.12 665.278 464.084 120.025 17.292 3.07649 344.059 4.8854 1.85058 281.39 560.845 348.705 233.044 129.618 212.14 165.046 61.6629 103.383 76.9185 4.10733 2.64385 102.733 0.623271 128.137 31.2253 96.9117 15.242 12.7972 8.75207
internal_count=140397 45449 35776 94948 19295 1750 214 75653 155 45 24413 9673 5890 4178 2077 3783 3379 1213 2166 1860 106 61 17545 91 2042 386 1656 212 149 111
is_linear=0
shrinkage=0.05


Tree=24
num_leaves=31
num_cat=0
split_feature=11 10 11 7 11 9 12 8 12 6 29 11 29 28 28 12 13 9 13 3 10 13 18 9 12 8 3 1 27 11
split_gain=357.041 29.031 21.07 18.3152 15.3418 14.5083 17.8063 23.7727 14.1365 14.6147 15.1286 13.7341 13.4997 13.4832 13.4538 14.3255 13.2178 14.7075 12.4626 16.7822 11.9467 22.0793 10.9566 10.8946 10.7603 10.6328 15.9685 22.1687 34.2136 10.6325
threshold=0.002802248088651029 0.0037198883547346078 0.0020271721298621764 0.0012554923134606912 0.014488669397320131 2.5719140515285539 0.57199999999999973 2.2854236443216895 0.035614285714284939 0.0027880368204993302 -0.77554541698995461 0.0020874219705776281 0.76828100431683644 0.00090224025608626765 0.0085243302701474618 0.050000000000000842 240.50000000000003 0.16525636753155246 343.50000000000006 -0.033296172610526302 0.0020039371146044127 257.50000000000006 0.0067954258261912386 0.13866394914294775 0.10666428571428595 1.2866374638094886 0.033698683582818363 0.0023949938349695503 1.2710181930847868 0.0072393057999414782
decision_type=2 2 2 2 2 2 2 2 2 2 2 2 2 2 2 2 2 2 2 2 2 2 2 2 2 2 2 2 2 2
left_child=2 3 16 4 5 18 20 -8 9 10 11 -4 -6 -13 15 -14 17 -1 24 -20 21 -7 -18 -5 25 26 -2 -28 -29 -3
right_child=1 29 8 23 12 6 7 -9 -10 -11 -12 13 14 -15 -16 -17 22 -19 19 -21 -22 -23 -24 -25 -26 -27 27 28 -30 -31
leaf_value=0.20830358290111103 0.0020546485051639368 0.0085454872645958982 0.42447364708752355 0.25283253487986934 0.0091084834334556174 0.29816724365105091 0.53132759105614202 -0.050767136690439363 -0.029816687909553892 0.44004612009264071 -0.0087769886736004804 0.16418888598335354 0.21090241632202239 -0.051741016919067864 0.18723924756883847 -0.051459384868731653 -0.048667777901067487 -0.0078634345615658918 0.35011746772822877 0.012530968033631101 -0.015608679003179457 -0.050618746683642447 0.50192326349059502 0.016384218734472541 -0.028009012356153353 -0.043374804337591048 -0.015796556822703315 0.56695816145328759 0.065108115456717658 0.019902566551436782
leaf_weight=0.95487559773027797 40.197214755229652 313.14298861753196 0.31415142724290968 0.48982938099652429 14.720467554405333 0.98652758076786884 0.42905607679858793 0.29668805096298456 99.753941952250898 0.20351275755092402 14.074017650913447 1.7907196776941421 0.72839499637484495 1.2124338145367799 2.4696412561461329 1.8211350785568354 322.7716654133983 4.4720616582781076 0.3736129011958863 25.156386555172503 4.1666573593392968 0.84015789767727256 0.09038181882351537 89.646515395957977 124.30764743359759 11.844044276978819 1.4031560393050306 0.56353702116757609 0.85471478570252657 602.77728811930865
leaf_count=25 2866 9789 17 22 861 33 27 23 17545 18 1531 99 6 85 70 103 75484 140 17 2099 251 85 4 5930 12334 766 94 14 41 10018
internal_value=-0.0023387 0.0114834 -0.0407128 -0.00144827 -0.00890276 -0.0128387 0.0594566 0.293364 -0.0225283 0.018793 0.0138635 0.109918 0.0332529 0.0770136 0.104065 0.0234968 -0.0472129 0.0301714 -0.0152117 0.0174713 0.0311323 0.137748 -0.0485136 0.0176692 -0.0198688 -0.00142458 0.0101253 0.12511 0.264516 0.0160197
internal_weight=1682.85 1237.22 445.638 321.295 231.159 211.419 6.71909 0.725744 117.349 17.5948 17.3913 3.3173 19.7396 3.00315 5.01917 2.54953 328.289 5.42694 204.7 25.53 5.99334 1.82669 322.862 90.1363 179.17 54.8627 43.0186 2.82141 1.41825 915.92
internal_count=140397 45449 94948 25642 19690 18650 419 50 19295 1750 1732 201 1040 184 179 109 75653 165 18231 2116 369 118 75488 5952 16115 3781 3015 149 55 19807
is_linear=0
shrinkage=0.05


Tree=25
num_leaves=31
num_cat=0
split_feature=11 10 13 13 3 29 8 7 13 7 18 11 3 11 1 18 16 29 6 16 10 8 3 11 15 9 27 29 5 14
split_gain=336.5 29.6786 25.4136 24.0647 23.4974 29.5223 18.3204 34.7238 29.4165 16.5226 16.5109 15.3163 14.7891 19.3263 14.4762 14.3142 12.8462 12.6013 13.5251 11.4844 12.6384 11.197 10.8032 10.9972 11.5857 15.6188 27.5741 10.6102 15.2401 14.9616
threshold=0.002802248088651029 0.0030503720547852961 241.50000000000003 324.50000000000006 0.033698683582818363 0.35519707414472007 0.095622261898782479 0.00074632584520203352 289.50000000000006 0.0016289710695592209 0.010741590612776944 0.0020579587327351477 0.027160895718980175 0.010274943985087036 0.01079740191964096 0.004795322084482581 1.0000000180025095e-35 0.60810010646996471 0.00093359676207320985 1.0000000180025095e-35 0.010446198706970345 0.095622261898782479 -0.065208852761364774 0.009697687295452586 0.59374996289062254 0.49604470164879666 2.0711461264781925 0.35519707414472007 0.00039160108916014297 81.500000000000014
decision_type=2 2 2 2 2 2 2 2 2 2 2 2 2 2 2 2 2 2 2 2 2 2 2 2 2 2 2 2 2 2
left_child=2 3 -1 15 6 -6 7 8 -4 10 16 -8 13 -5 -14 21 22 27 -19 -12 -21 -2 23 -3 -25 -26 -27 -11 -29 -30
right_child=1 9 4 12 5 -7 11 -9 -10 17 19 -13 14 -15 -16 -17 -18 18 -20 20 -22 -23 -24 24 25 26 -28 28 29 -31
leaf_value=0.031222716290083899 0.12547574239084447 0.099114834868169868 0.45041260565461505 0.014303071815669761 -0.050422341740986212 0.85110140373011145 -0.047967469611748428 1.0602504340573937 -0.023790215552200188 0.028974587305812028 0.011985370478109894 -0.025702271347956114 0.17678416062350702 0.31798918299725615 -0.052066212242188381 0.072553295274578239 -0.0065999001904858273 -0.0032659362351671753 0.025871370386486171 0.098421823685033216 0.034627615109565073 -0.016943830293433351 0.0096041968456541602 0.008589061218754428 -0.034409157032407656 0.018932876218539674 0.26251520452023897 0.26678145646282198 0.0026536195429797439 0.097017500898444464
leaf_weight=12.430803338997064 1.391504585277288 6.1520146876573554 0.39628468267619599 52.769538603257388 0.19998594606295128 0.16634509339928627 312.53448697552085 0.090042852330952772 1.8716815630905328 182.89457473624498 36.10350389778614 102.59476652834564 2.8050503414124246 0.52914055436849494 0.91689547989517439 4.7146802106872192 119.14007672620937 67.375593708828092 97.407775388099253 10.348873378708957 31.079682990908623 167.91474355291575 420.8887470504269 22.684064994566146 1.9678253792226303 2.4688006220385432 2.194703639484942 0.92396223172545688 7.1122791124507811 10.260424645617602
leaf_count=345 75 53 27 4525 27 16 76566 17 348 3582 347 18027 90 5 41 129 3333 1502 1635 109 233 15341 13623 366 25 53 35 30 153 187
internal_value=-0.00109102 0.0120364 -0.0392284 -0.00414331 -0.0413242 0.358945 -0.0416755 0.097299 0.0590679 0.0157049 0.0109386 -0.0424649 0.024047 0.017318 0.120407 -0.0133803 0.00802047 0.0242097 0.0139579 0.0325992 0.0505634 -0.0157733 0.0118374 0.0383384 0.0255841 0.0837198 0.133566 0.0326063 0.0689093 0.0583855
internal_weight=1680.33 1250.04 430.284 231.042 417.854 0.366331 417.487 2.35801 2.26797 1019 653.028 415.129 57.0206 53.2987 3.72195 174.021 575.496 365.975 164.783 77.5321 41.4286 169.306 456.356 35.4674 29.3154 6.63133 4.6635 201.191 18.2967 17.3727
internal_count=140845 45472 95373 20206 95028 43 94985 392 375 25266 18177 94593 4661 4530 131 15545 17488 7089 3137 689 342 15416 14155 532 479 113 88 3952 370 340
is_linear=0
shrinkage=0.05


Tree=26
num_leaves=31
num_cat=0
split_feature=10 4 4 8 3 1 28 28 18 7 12 30 30 5 12 18 14 30 1 10 28 13 9 6 12 14 6 12 28 6
split_gain=257.269 58.8983 24.2617 19.5501 44.8315 22.3778 44.8832 18.4917 18.2177 15.9411 15.1564 34.782 31.3422 41.9129 16.5164 13.9847 13.6049 13.377 20.1313 13.0728 12.9208 11.9939 11.6212 16.5041 17.4869 14.6848 13.9565 13.6304 11.4839 11.3103
threshold=0.0030503720547852961 0.0039938956325082627 1.0000000180025095e-35 0.12032374320733939 -0.025348092501557836 0.0023426943983035913 0.0030415435213913401 -0.0058302674958356391 0.0034991212066344903 0.0030030548325336464 0.10666428571428595 -0.20753774145328893 0.10958160936667828 0.00078131782281968035 0.096428571428571155 0.010741590612776944 139.50000000000003 0.24620455539819933 -0.0063350153623774599 0.0053281177841089438 0.015071505404974232 341.50000000000006 1.0768944248905798 0.0014801050812964247 1.2344857142857186 74.500000000000014 0.00049370167352947019 0.024714285714285661 0.012572922053677009 0.0012067855378370183
decision_type=2 2 2 2 2 2 2 2 2 2 2 2 2 2 2 2 2 2 2 2 2 2 2 2 2 2 2 2 2 2
left_child=1 2 -1 4 -4 -6 -7 -5 29 15 11 -3 13 -13 16 17 21 18 22 -17 -14 -15 23 26 -25 -26 27 -2 -20 -9
right_child=9 10 3 7 5 6 -8 8 -10 -11 -12 12 20 14 -16 19 -18 -19 28 -21 -22 -23 -24 24 25 -27 -28 -29 -30 -31
leaf_value=0.009638921225293395 0.2592330030215978 -0.0085297979281326094 0.72826511597942778 -0.0075619147812063664 -0.050535240714543808 0.87243092829972202 -0.050493261102393543 -0.043808315499639705 0.071674018233495451 0.025695989040888857 -0.0036948335378770205 0.81445546070183628 0.035975759024682738 -0.010153697886687886 0.49846499206797995 0.14261310839617045 0.4598464038950143 0.016823253374273036 -0.012199984295836089 0.02667667223878506 0.33227844925756167 0.2180013968044853 0.0053053069041016504 0.045075794066351191 0.28273984598769797 0.090574461392068026 -0.032833947691002896 0.025908092916758482 0.0094136672668278937 -0.013728609884932906
leaf_weight=30.344999879598618 0.6378867756575336 15.048616658430548 0.25538928620517287 47.369193559978157 1.8759373598732048 0.2167388496454804 0.3358729116152972 393.20423769555055 3.5909415211062869 228.71106898039579 86.945537909865379 0.28833315195515608 6.810827013105154 1.21311256568879 0.36402802634984244 2.5065775308758012 0.29301418457180251 295.52973764296621 187.18835649918765 81.144702611491084 0.38893392682075489 1.096834836527705 93.411660605110228 21.369985243305567 1.4760690070688713 3.0451137702912092 11.794625413138418 33.38940285006538 91.497801702003926 33.949535494204611
leaf_count=2693 18 1314 5 6828 318 38 51 87457 296 3264 7237 14 474 111 32 40 10 9092 8359 691 13 68 2390 427 21 48 421 815 2172 6128
internal_value=-0.00106881 -0.0265145 -0.0337219 -0.0364586 0.0981097 0.0318418 0.311485 -0.037214 -0.0404748 0.0140188 0.00624703 0.0401402 0.110194 0.23894 0.183011 0.0107737 0.138894 0.00858137 0.00309318 0.0301507 0.0519821 0.0981814 0.0169275 0.0320663 0.0639763 0.153312 0.0140359 0.0302821 -0.00510382 -0.0414176
internal_weight=1675.3 623.592 511.143 480.798 2.68394 2.42855 0.552612 478.114 430.745 1051.7 112.449 25.5037 10.4551 3.25532 2.96699 822.992 2.60296 739.341 443.811 83.6513 7.19976 2.30995 165.125 71.7131 25.8912 4.52118 45.8219 34.0273 278.686 427.154
internal_count=140845 113087 103814 101121 412 407 89 100709 93881 27758 9273 2036 722 235 221 24494 189 23763 14671 731 487 179 4140 1750 496 69 1254 833 10531 93585
is_linear=0
shrinkage=0.05


end of trees

feature_importances:
volatility_20=80
time_since_open=80
atr=71
range_pct=67
volatility_5=61
time_to_close=50
distance_from_vwap=50
returns_20=46
fvg_size_pct=39
volume_ratio_20=37
upper_wick=32
returns_5=27
volume_ratio=26
pressure_ratio=24
returns_10=23
body_pct=19
returns=16
lower_wick=16
volume_momentum=16
pv_divergence=15
price_position=11
fvg_up=2
fvg_down=1
bos_up=1

parameters:
[boosting: gbdt]
[objective: binary]
[metric: auc]
[tree_learner: serial]
[device_type: cpu]
[data_sample_strategy: bagging]
[data: ]
[valid: ]
[num_iterations: 500]
[learning_rate: 0.05]
[num_leaves: 31]
[num_threads: 0]
[seed: 0]
[deterministic: 0]
[force_col_wise: 0]
[force_row_wise: 0]
[histogram_pool_size: -1]
[max_depth: -1]
[min_data_in_leaf: 20]
[min_sum_hessian_in_leaf: 0.001]
[bagging_fraction: 0.8]
[pos_bagging_fraction: 1]
[neg_bagging_fraction: 1]
[bagging_freq: 5]
[bagging_seed: 3]
[bagging_by_query: 0]
[feature_fraction: 0.8]
[feature_fraction_bynode: 1]
[feature_fraction_seed: 2]
[extra_trees: 0]
[extra_seed: 6]
[early_stopping_round: 0]
[early_stopping_min_delta: 0]
[first_metric_only: 0]
[max_delta_step: 0]
[lambda_l1: 0]
[lambda_l2: 0]
[linear_lambda: 0]
[min_gain_to_split: 0]
[drop_rate: 0.1]
[max_drop: 50]
[skip_drop: 0.5]
[xgboost_dart_mode: 0]
[uniform_drop: 0]
[drop_seed: 4]
[top_rate: 0.2]
[other_rate: 0.1]
[min_data_per_group: 100]
[max_cat_threshold: 32]
[cat_l2: 10]
[cat_smooth: 10]
[max_cat_to_onehot: 4]
[top_k: 20]
[monotone_constraints: ]
[monotone_constraints_method: basic]
[monotone_penalty: 0]
[feature_contri: ]
[forcedsplits_filename: ]
[refit_decay_rate: 0.9]
[cegb_tradeoff: 1]
[cegb_penalty_split: 0]
[cegb_penalty_feature_lazy: ]
[cegb_penalty_feature_coupled: ]
[path_smooth: 0]
[interaction_constraints: ]
[verbosity: -1]
[saved_feature_importance_type: 0]
[use_quantized_grad: 0]
[num_grad_quant_bins: 4]
[quant_train_renew_leaf: 0]
[stochastic_rounding: 1]
[linear_tree: 0]
[max_bin: 255]
[max_bin_by_feature: ]
[min_data_in_bin: 3]
[bin_construct_sample_cnt: 200000]
[data_random_seed: 1]
[is_enable_sparse: 1]
[enable_bundle: 1]
[use_missing: 1]
[zero_as_missing: 0]
[feature_pre_filter: 1]
[pre_partition: 0]
[two_round: 0]
[header: 0]
[label_column: ]
[weight_column: ]
[group_column: ]
[ignore_column: ]
[categorical_feature: ]
[forcedbins_filename: ]
[precise_float_parser: 0]
[parser_config_file: ]
[objective_seed: 5]
[num_class: 1]
[is_unbalance: 0]
[scale_pos_weight: 1]
[sigmoid: 1]
[boost_from_average: 1]
[reg_sqrt: 0]
[alpha: 0.9]
[fair_c: 1]
[poisson_max_delta_step: 0.7]
[tweedie_variance_power: 1.5]
[lambdarank_truncation_level: 30]
[lambdarank_norm: 1]
[label_gain: ]
[lambdarank_position_bias_regularization: 0]
[eval_at: ]
[multi_error_top_k: 1]
[auc_mu_weights: ]
[num_machines: 1]
[local_listen_port: 12400]
[time_out: 120]
[machine_list_filename: ]
[machines: ]
[gpu_platform_id: -1]
[gpu_device_id: -1]
[gpu_use_dp: 0]
[num_gpu: 1]

end of parameters

pandas_categorical:[]
