tree
version=v4
num_class=1
num_tree_per_iteration=1
label_index=0
max_feature_idx=30
objective=binary sigmoid:1
feature_names=returns returns_5 returns_10 returns_20 range_pct body_pct upper_wick lower_wick volume_ratio volume_ratio_20 volatility_5 volatility_20 atr time_since_open time_to_close price_position fvg_up fvg_down fvg_size_pct displacement_up displacement_down order_block_bull order_block_bear liquidity_grab_high liquidity_grab_low bos_up bos_down pressure_ratio distance_from_vwap volume_momentum pv_divergence
feature_infos=[-0.14263445050662515:1.3809523809523809] [-0.34662998624484176:3.2676518883415433] [-0.46600559237779615:4.5812807881773407] [-0.46601941747572817:4.5683690280065887] [0:0.42298483639265771] [0:0.42138866719872303] [0:0.12956521739130436] [0:0.21311475409836064] [0.002261614521374519:4.9977456721076479] [0.00069638707422023805:19.864151815121129] [0:0.63608277400300628] [0.00014868854196793893:0.34339939575867112] [0.0051714285714284458:13.865885714285712] [0:383] [7:390] [0:0.99999999983145116] [0:1] [0:1] [0:0.57931034482758625] [0:1] [0:1] [0:1] [0:1] [0:1] [0:1] [0:1] [0:1] [0:40510420] [-0.34332722358685963:0.94689106818769619] [-0.99967961726785204:13894.879999999999] [-13894.8921558813:1.2110919793966151]
tree_sizes=3389 3437 3414 3420

Tree=0
num_leaves=31
num_cat=0
split_feature=10 11 28 11 4 14 14 6 4 14 4 12 13 28 10 12 13 12 4 2 2 2 11 13 3 7 29 29 11 28
split_gain=5040.59 1579.45 998.784 712.354 597.698 406.332 380.813 376.975 335.045 332.233 300.788 255.943 188.665 175.814 164.223 162.618 157.47 179.666 148.263 179.545 147.249 131.351 125.443 106.678 103.092 102.18 101.926 181.275 97.3074 94.9644
threshold=0.0053281177841089438 0.032389128651660395 -0.035495753489366504 0.0034210077755820419 0.02265050795034387 150.50000000000003 184.50000000000003 0.0025906090438294099 0.0067585009108541297 361.50000000000006 0.0069403716763985508 0.095257142857141638 171.50000000000003 -0.010395406604641026 0.038404577092288568 1.4808214285714296 311.50000000000006 2.0175500000000035 0.013069161602492494 0.0093499116341930772 0.091676002592134501 -0.045536174801017119 0.022662690225736609 307.50000000000006 -0.065208852761364774 0.0040110561487013583 -0.35433686739075954 -0.41315319178444332 0.015285058779240831 0.041298093479529709
decision_type=2 2 2 2 2 2 2 2 2 2 2 2 2 2 2 2 2 2 2 2 2 2 2 2 2 2 2 2 2 2
left_child=3 2 7 -1 5 8 16 21 29 14 11 13 -6 -5 -8 24 17 18 19 -3 -13 23 -9 -2 -14 -10 27 -27 -26 -4
right_child=1 6 4 10 12 -7 9 22 25 -11 -12 20 15 -15 -16 -17 -18 -19 -20 -21 -22 -23 -24 -25 28 26 -28 -29 -30 -31
leaf_value=-4.5105077104964142 -3.6597714463131088 -3.3025929236513232 -4.372263451377373 -4.0863434118813302 -2.5525180260615636 -3.9706145393684018 -2.5914537028562288 -3.0515130001261976 -4.2264441730358389 -3.857322036624816 -4.2743257925100968 -4.4670561785310996 -2.9139826909953022 -4.3727009350243735 -1.1436471866734017 -2.4929882722846037 -4.215113420530761 -3.9533510927878623 -3.4233234418375851 -1.733983911628302 -3.8045478074986869 -4.2265982322763822 -1.9314882721431674 -2.5132283885687725 -3.6802273080136501 -3.9251686523921849 -4.1281307538887271 -2.5577566443939346 -4.2874728088190848 -3.8573220366248142
leaf_weight=1162.9357152180746 2.0997902685776357 0.37055122386664185 57.345609099604189 6.1533960811793795 0.38178004883229677 11.621833839453755 0.41546652372926451 0.88707717228680827 42.33267012052238 0.3031782740727067 30.699607456102967 204.22986847534776 0.28072062414139587 41.580338847823441 0.37055122386664152 0.24703414924442757 0.66250067297369231 0.88707717228680838 1.2800860460847614 0.35932239890098572 0.84216187242418428 1.0330518968403333 0.34809357393532991 0.22457649931311596 1.673094919882715 1.7741543445736172 9.1290346970781666 0.28072062414139409 1.0891960216686127 0.9095348222181191
leaf_count=103567 187 33 5107 548 34 1035 37 79 3770 27 2734 18188 25 3703 33 22 59 79 114 32 75 92 31 20 149 158 813 25 97 81
internal_value=-4.46579 -4.17512 -4.20711 -4.49318 -4.23329 -4.25199 -3.26935 -3.48273 -4.28125 -2.45126 -4.42212 -4.44006 -3.60465 -4.33579 -1.90892 -3.72674 -3.51968 -3.36065 -3.09906 -2.53035 -4.46434 -3.75749 -2.73587 -3.54899 -3.82689 -4.19093 -4.05652 -3.73836 -3.91967 -4.36422
internal_weight=1582.75 136.307 131.658 1446.44 127.065 123.394 4.64873 4.59259 111.772 1.0892 283.505 252.806 3.67183 47.7337 0.786018 3.29005 3.55954 2.89704 2.00996 0.729874 205.072 3.35742 1.23517 2.32437 3.04301 53.5166 11.1839 2.05487 2.76229 58.2551
internal_count=140954 12139 11725 128815 11316 10989 414 409 9954 97 25248 22514 327 4251 70 293 317 258 179 65 18263 299 110 207 271 4766 996 183 246 5188
is_linear=0
shrinkage=1


Tree=1
num_leaves=31
num_cat=0
split_feature=5 13 6 18 7 5 7 7 2 12 6 9 27 2 3 3 28 28 2 18 18 7 9 27 6 13 1 9 13 3
split_gain=1513.02 939.914 628.087 296.907 250.291 231.665 150.095 140.816 101.914 100.112 92.9792 84.9678 81.8666 76.5655 75.3637 72.8779 68.4358 72.9609 66.9518 102.483 64.3346 63.1659 60.3936 77.8603 63.0912 87.4304 128.241 60.3425 63.6274 79.3797
threshold=0.0044751015007754103 241.50000000000003 0.0023516585800151374 0.0049975588223452666 0.0021368459016063105 0.008981028093404236 0.0016578775914903713 0.0043228670393118318 0.091676002592134501 0.030314285714286439 0.004605057069961299 0.090990494090062185 1.0000000180025095e-35 -0.0064069124768759136 -0.10362442511399526 0.018009823705494647 -0.011415078389124405 0.0088337099190073671 0.010368104552779147 0.001030927835051533 0.012372389065191019 0.0047718713125326261 0.16525636753155246 3.1910765199578512 0.0024199589000035615 325.50000000000006 -0.0067570612206661043 1.0471816996427739 314.50000000000006 0.095074482254755802
decision_type=2 2 2 2 2 2 2 2 2 2 2 2 2 2 2 2 2 2 2 2 2 2 2 2 2 2 2 2 2 2
left_child=1 9 3 4 8 7 10 14 16 18 -4 15 13 -13 -2 -5 -3 -18 -1 -20 -11 -6 23 -16 -24 -26 -27 28 29 -8
right_child=5 2 6 11 21 -7 27 -9 -10 20 -12 12 -14 -15 22 -17 17 -19 19 -21 -22 -23 24 -25 25 26 -28 -29 -30 -31
leaf_value=-0.0069817901616356483 0.39098116994324517 0.039711716170452993 0.043136390751600778 1.2492624045704295 0.046708907901600982 0.25255636206435944 0.4057333147335272 0.33740070901809505 0.37193291370263121 0.23017932943836461 0.23770679005493536 0.26624998006109335 0.14297510117363463 1.1065730772803775 0.96211820622503841 0.31333788412750541 -0.040147375648591208 0.017698161210400291 1.2917084524992017 -0.050640591681126126 0.41550897062509878 0.1890019374180423 0.070441872993175197 -0.050777944034552318 0.13715677517573047 1.2322428782644008 0.26389785227178775 0.17432812484498511 0.16589598594149924 1.2284457198649488
leaf_weight=5.7235010499134651 2.1333952117711297 29.329960335977376 35.146521375514567 0.42307723965495725 52.337933504022658 43.372120976448059 4.7011985182762164 6.5506123639643183 1.5344304768368591 26.944325438700616 7.4397759046405545 0.63091924600303173 4.1314641376957297 0.47526236344128825 0.44426939450204272 0.40913876332342625 1210.5711396252736 57.082229983992875 0.2607394941151141 0.3127243285998702 5.6676805280148974 9.1650575101375562 76.760511701926589 0.33113898243755102 9.0331270173192006 0.46767062321305264 1.271426074206828 13.278331853449343 2.9989972561597824 0.31269431952387083
leaf_count=478 85 2427 2953 32 4398 2051 292 331 75 1601 508 46 331 37 31 21 111472 4986 22 26 287 607 6060 23 597 34 93 817 211 22
internal_value=-0.000338154 -0.0153253 -0.0219228 -0.0290884 -0.0306456 0.156498 0.131321 0.113544 -0.0353138 0.227146 0.0771276 0.31983 0.245261 0.627288 0.0973299 0.789138 -0.0357956 -0.0375426 0.0446251 0.559692 0.262388 0.0679131 0.0902357 0.52956 0.0863439 0.199658 0.524301 0.239717 0.348074 0.457042
internal_weight=1609.24 1468.88 1429.97 1366.09 1360.02 140.364 63.8775 96.9922 1298.52 38.909 42.5863 6.06986 5.23765 1.10618 90.4415 0.832216 1296.98 1267.65 6.29696 0.573464 32.612 61.503 88.3081 0.775408 87.5327 10.7722 1.7391 21.2912 8.01289 5.01389
internal_count=140954 131649 129235 124432 123965 9305 4803 7254 118960 2414 3461 467 414 83 6923 53 118885 116458 526 48 1888 5005 6838 54 6784 724 127 1342 525 314
is_linear=0
shrinkage=0.05


Tree=2
num_leaves=31
num_cat=0
split_feature=10 10 10 13 14 27 10 27 12 1 1 9 14 5 7 27 7 12 6 5 15 27 0 27 18 6 8 27 1 14
split_gain=2803.23 177.456 172.562 127.167 103.644 74.1298 73.1983 101.462 70.8324 95.1306 81.1846 67.0678 73.0866 68.3391 69.2254 64.8913 59.4617 62.5593 92.986 55.0883 55.6771 62.657 68.7024 67.0441 54.5764 53.2976 50.0595 46.8461 46.6098 45.9759
threshold=0.0036572663204611821 0.00652206686174655 0.0024592261350611841 241.50000000000003 162.50000000000003 1.0000000180025095e-35 0.0029305857423934738 0.79243637235974818 0.050000000000000842 -0.0046059857704811016 -0.00971661564994508 0.24954792213031479 313.50000000000006 0.0056667662912223658 0.0035107419880827614 8.7540086530194117 0.0017200848631743506 0.16779285714285691 0.0051791155846638249 0.0004557082538917436 0.31490272644288325 3.0620651449035643 0.0003575855921068572 0.41122125125594128 0.006352009222404747 0.0026848699713693867 0.17896914330929356 235829.00000000003 -0.012518017125611567 59.500000000000007
decision_type=2 2 2 2 2 2 2 2 2 2 2 2 2 2 2 2 2 2 2 2 2 2 2 2 2 2 2 2 2 2
left_child=2 5 -1 4 6 8 -4 -8 9 10 -2 19 13 14 -13 16 17 18 -7 -3 -21 22 23 -22 -6 27 -24 28 -5 -10
right_child=1 11 3 25 24 15 7 -9 29 -11 -12 12 -14 -15 -16 -17 -18 -19 -20 20 21 -23 26 -25 -26 -27 -28 -29 -30 -31
leaf_value=-0.042559397180885965 0.45642062481778556 0.18487386942131834 0.10421729533660753 0.14146492792555224 0.085288048779833356 0.088954940767344073 0.40635148111706204 1.6554246825950267 0.57511310436944152 0.14851020149617705 1.3627319050616835 0.090346741285198193 0.47172662635795537 0.18138993711455142 0.19129951100019235 0.20129290277617976 0.12629609001004041 0.019644272140237319 0.63162862299196865 0.17374298240959613 0.52705658051021365 0.19013932662564662 0.68002446523304738 1.2587959970448301 0.7009432913073248 0.11444045905037384 0.18865896558323783 0.37027624769528655 -0.010408068381275165 0.095866226536006502
leaf_weight=1077.8430131850764 0.59138623625040054 18.135480326600376 0.32255816552787919 5.20385802630335 3.6729682441800833 38.668209303170443 0.32800814509391785 0.32236115727573633 0.55919313617050637 1.0023342082276929 0.42442448344081662 68.712908641435206 1.7154627665877331 68.43356425780803 22.555403103120625 10.110755221918224 34.971945136785507 62.551988701336086 0.80581858661025663 3.0666315443813783 0.69052370265126251 1.6393241798505185 0.88877057749778066 0.57260828651487827 0.39908596500754345 9.9898950681090337 1.2436622688546775 0.83115416020154853 173.02345793601125 4.762980162166059
leaf_count=102719 38 781 23 403 255 3036 21 23 40 62 27 4369 49 2880 952 698 2400 5006 47 133 27 79 45 34 27 745 52 59 15639 285
internal_value=-0.000570818 0.126486 -0.0347443 0.00865497 0.256402 0.0867917 0.720041 1.02547 0.241865 0.494095 0.835094 0.159156 0.147104 0.143618 0.115295 0.079054 0.0700325 0.0507468 0.100033 0.233298 0.341697 0.443993 0.56655 0.858772 0.145626 0.00204354 0.393454 -0.00422722 -0.0059737 0.14622
internal_weight=1614.04 342.103 1271.94 194.093 5.04498 154.449 0.972927 0.650369 7.34032 2.01814 1.01581 187.654 161.417 159.702 91.2683 147.109 136.998 102.026 39.474 26.237 8.10152 5.03489 3.39556 1.26313 4.07205 189.048 2.13243 179.058 178.227 5.32217
internal_count=140954 21040 119914 17195 349 11639 67 44 452 127 65 9401 8250 8201 5321 11187 10489 8089 3083 1151 370 237 158 61 282 16846 97 16101 16042 325
is_linear=0
shrinkage=0.05


Tree=3
num_leaves=31
num_cat=0
split_feature=11 4 12 11 13 4 12 11 4 27 11 27 4 27 9 14 4 2 2 5 8 18 12 4 14 14 27 7 14 14
split_gain=2163.73 413.81 237.287 145.42 104.53 90.9811 80.7462 67.0063 66.4108 61.3161 55.9118 54.5556 51.0993 48.2301 48.1339 54.9499 47.5443 46.6845 44.4531 44.2365 56.9844 41.7703 74.682 49.2696 40.6671 40.1225 35.5134 35.4821 62.6251 151.323
threshold=0.0038021629976205703 0.0067585009108541297 0.13727142857143146 0.01869984438621804 245.50000000000003 0.010952773987105419 0.15249999999999889 0.011417101344471122 0.010294835307683315 576343.50000000012 0.0023331175204719923 96.607315183565746 1.0000000180025095e-35 0.61777799526933241 0.29708621699017701 328.50000000000006 0.0036916572887659609 -0.039457708296275755 0.0077521103087578877 0.0056667662912223658 1.0551711229814134 0.0031969661897151246 0.12503214285714287 0.0039938956325082627 340.50000000000006 257.50000000000006 1.9286872431075419 0.00057903879559925871 105.50000000000001 91.500000000000014
decision_type=2 2 2 2 2 2 2 2 2 2 2 2 2 2 2 2 2 2 2 2 2 2 2 2 2 2 2 2 2 2
left_child=4 2 14 12 5 -1 7 25 -8 -10 -6 -5 18 19 24 21 -14 -15 -4 20 -9 23 -23 -16 27 -3 -24 -2 29 -29
right_child=1 6 3 11 10 -7 8 13 9 -11 -12 -13 16 17 15 -17 -18 -19 -20 -21 -22 22 26 -25 -26 -27 -28 28 -30 -31
leaf_value=0.074148418417406534 0.15333997281921852 0.16316941896631382 0.024615745410839773 0.10937822566098043 -0.048742553901277207 0.77194956220334154 0.088139655151461882 0.43931083213681438 0.14979386768137495 0.6353260778326193 -0.020668793839043589 0.3412192632116724 -0.023349863436906856 0.54737538421854814 0.031170234231088497 0.64882867874266514 0.025754107577531649 0.12872207260870933 0.27496991409136595 0.32932684902974835 1.093200536510454 0.1303341260002128 0.33025206447316435 0.13050603364742019 -0.03304516855939401 0.59872662523680886 0.95756095503634464 0.31942136213623606 0.0010353945895887502 1.5785541641580794
leaf_weight=12.384121354669329 32.749276461079717 31.932804049924016 3.949922543950378 19.922658799216155 849.35981168970466 0.48542911559343416 72.241796616464853 0.91414212435483777 82.893754976801574 0.65538823045790096 224.16176598053426 2.9078108156099907 99.052452759817243 0.83264084346592415 38.467817200347781 0.42855990864336391 98.132849943824112 3.3250576732680202 3.2173452647402883 2.4886546125635505 0.52427248749881983 10.466669470071789 0.52446559537202198 18.479040259495378 2.6940494971349827 0.53763595595955749 0.3959427597001195 1.7558033699169753 0.96308427676558483 0.2761453129351138
leaf_count=838 1801 1529 219 1041 85267 18 3889 26 2737 30 20992 104 8806 23 3020 23 7896 139 144 88 24 600 30 1321 105 18 17 128 63 18
internal_value=-0.000757857 0.0819901 0.0481585 0.0192253 -0.0411823 0.100469 0.139606 0.202451 0.123247 0.153603 -0.0428805 0.138907 0.00585442 0.331251 0.109474 0.0844246 0.00108762 0.212564 0.136998 0.456908 0.67764 0.0808849 0.168306 0.0634043 0.154286 0.170381 0.600109 0.168405 0.333134 0.49054
internal_weight=1617.12 530.73 334.384 227.183 1086.39 12.8696 196.346 40.5552 155.791 83.5491 1073.52 22.8305 204.353 8.08477 107.201 68.7625 197.185 4.1577 7.16727 3.92707 1.43841 68.3339 11.3871 56.9469 38.4384 32.4704 0.920408 35.7443 2.99503 2.03195
internal_count=140954 33839 25336 18210 107115 856 8503 1847 6656 2767 106259 1145 17065 300 7126 5011 16702 162 363 138 50 4988 647 4341 2115 1547 47 2010 209 146
is_linear=0
shrinkage=0.05


end of trees

feature_importances:
pressure_ratio=12
time_to_close=11
range_pct=10
atr=9
returns_10=8
lower_wick=8
volatility_20=8
time_since_open=8
upper_wick=6
volatility_5=6
body_pct=5
volume_ratio_20=5
fvg_size_pct=5
distance_from_vwap=5
returns_5=4
returns_20=4
volume_ratio=2
volume_momentum=2
returns=1
price_position=1

parameters:
[boosting: gbdt]
[objective: binary]
[metric: auc]
[tree_learner: serial]
[device_type: cpu]
[data_sample_strategy: bagging]
[data: ]
[valid: ]
[num_iterations: 500]
[learning_rate: 0.05]
[num_leaves: 31]
[num_threads: 0]
[seed: 0]
[deterministic: 0]
[force_col_wise: 0]
[force_row_wise: 0]
[histogram_pool_size: -1]
[max_depth: -1]
[min_data_in_leaf: 20]
[min_sum_hessian_in_leaf: 0.001]
[bagging_fraction: 0.8]
[pos_bagging_fraction: 1]
[neg_bagging_fraction: 1]
[bagging_freq: 5]
[bagging_seed: 3]
[bagging_by_query: 0]
[feature_fraction: 0.8]
[feature_fraction_bynode: 1]
[feature_fraction_seed: 2]
[extra_trees: 0]
[extra_seed: 6]
[early_stopping_round: 0]
[early_stopping_min_delta: 0]
[first_metric_only: 0]
[max_delta_step: 0]
[lambda_l1: 0]
[lambda_l2: 0]
[linear_lambda: 0]
[min_gain_to_split: 0]
[drop_rate: 0.1]
[max_drop: 50]
[skip_drop: 0.5]
[xgboost_dart_mode: 0]
[uniform_drop: 0]
[drop_seed: 4]
[top_rate: 0.2]
[other_rate: 0.1]
[min_data_per_group: 100]
[max_cat_threshold: 32]
[cat_l2: 10]
[cat_smooth: 10]
[max_cat_to_onehot: 4]
[top_k: 20]
[monotone_constraints: ]
[monotone_constraints_method: basic]
[monotone_penalty: 0]
[feature_contri: ]
[forcedsplits_filename: ]
[refit_decay_rate: 0.9]
[cegb_tradeoff: 1]
[cegb_penalty_split: 0]
[cegb_penalty_feature_lazy: ]
[cegb_penalty_feature_coupled: ]
[path_smooth: 0]
[interaction_constraints: ]
[verbosity: -1]
[saved_feature_importance_type: 0]
[use_quantized_grad: 0]
[num_grad_quant_bins: 4]
[quant_train_renew_leaf: 0]
[stochastic_rounding: 1]
[linear_tree: 0]
[max_bin: 255]
[max_bin_by_feature: ]
[min_data_in_bin: 3]
[bin_construct_sample_cnt: 200000]
[data_random_seed: 1]
[is_enable_sparse: 1]
[enable_bundle: 1]
[use_missing: 1]
[zero_as_missing: 0]
[feature_pre_filter: 1]
[pre_partition: 0]
[two_round: 0]
[header: 0]
[label_column: ]
[weight_column: ]
[group_column: ]
[ignore_column: ]
[categorical_feature: ]
[forcedbins_filename: ]
[precise_float_parser: 0]
[parser_config_file: ]
[objective_seed: 5]
[num_class: 1]
[is_unbalance: 0]
[scale_pos_weight: 1]
[sigmoid: 1]
[boost_from_average: 1]
[reg_sqrt: 0]
[alpha: 0.9]
[fair_c: 1]
[poisson_max_delta_step: 0.7]
[tweedie_variance_power: 1.5]
[lambdarank_truncation_level: 30]
[lambdarank_norm: 1]
[label_gain: ]
[lambdarank_position_bias_regularization: 0]
[eval_at: ]
[multi_error_top_k: 1]
[auc_mu_weights: ]
[num_machines: 1]
[local_listen_port: 12400]
[time_out: 120]
[machine_list_filename: ]
[machines: ]
[gpu_platform_id: -1]
[gpu_device_id: -1]
[gpu_use_dp: 0]
[num_gpu: 1]

end of parameters

pandas_categorical:[]
