tree
version=v4
num_class=1
num_tree_per_iteration=1
label_index=0
max_feature_idx=30
objective=binary sigmoid:1
feature_names=returns returns_5 returns_10 returns_20 range_pct body_pct upper_wick lower_wick volume_ratio volume_ratio_20 volatility_5 volatility_20 atr time_since_open time_to_close price_position fvg_up fvg_down fvg_size_pct displacement_up displacement_down order_block_bull order_block_bear liquidity_grab_high liquidity_grab_low bos_up bos_down pressure_ratio distance_from_vwap volume_momentum pv_divergence
feature_infos=[-0.047038079023001611:0.041741043629872632] [-0.3577000613550706:0.26530110106415705] [-0.3593832135973366:0.28744417789260024] [-0.3639312642468876:0.31015845719199109] [0:0.059554140127388459] [0:0.049044585987261122] [0:0.053261353517364163] [0:0.024927766132230501] [0.0063670545185835013:4.9562825129064327] [0.0028596386041599329:19.008447685690054] [3.1885998556718565e-05:0.15625460145136677] [0.0002254391284679844:0.078228254269982145] [0.011614285714285926:14.80478571428571] [241:383] [7:149] [0:0.99999999980935528] [0:1] [0:1] [0:0.032055214723926431] [0:1] [0:1] [0:1] [0:1] [0:1] [0:1] [0:1] [0:1] [0:15516098] [-0.12548011351684391:0.11895259985748423] [-0.99912052756394099:619.08688783570301] [-619.20464506384303:1.0395228564484813]
tree_sizes=3389 3384 3424 3409 3435 3434

Tree=0
num_leaves=31
num_cat=0
split_feature=4 10 4 3 13 13 14 14 28 28 13 13 2 28 14 14 10 4 3 28 28 13 13 14 3 14 2 14 29 15
split_gain=7641.02 1291.44 1047.47 856.239 842.706 1401.74 4718.48 637.102 513.207 512.92 510.825 378.502 939.75 372.727 502.683 313.126 487.112 299.665 286.221 270.626 262.176 516.557 594.365 1101.28 1921.9 443.462 485.974 225.223 214.637 206.013
threshold=0.0072686033288353151 0.0027512690811219618 0.01211770700165043 -0.048526630116960894 248.50000000000003 281.50000000000006 110.50000000000001 139.50000000000003 -0.017927097804053316 -0.017927097804053316 295.50000000000006 306.50000000000006 -0.017883006018143129 -0.029752826841720311 63.500000000000007 134.50000000000003 0.0050003428712256251 0.0049626190989645992 -0.031417330586722352 0.030323876800132085 0.0075117849899014669 256.50000000000006 281.50000000000006 116.50000000000001 0.026549458154680686 125.50000000000001 0.022071038804740598 140.50000000000003 0.013856225076597674 0.11288147651584136
decision_type=2 2 2 2 2 2 2 2 2 2 2 2 2 2 2 2 2 2 2 2 2 2 2 2 2 2 2 2 2 2
left_child=1 -1 3 7 -4 6 -6 8 11 27 -7 15 -13 14 -12 -2 -17 -11 29 -15 -5 -22 23 24 -23 -25 -27 -3 -18 -8
right_child=2 9 4 20 5 10 18 -9 -10 17 13 12 -14 19 -16 16 28 -19 -20 -21 21 22 -24 25 -26 26 -28 -29 -30 -31
leaf_value=-4.8821356547173167 -4.1644489746202371 -4.2236582483655143 -4.4799158087857922 -4.666289783944312 1.0424842165086829 -4.8071244691136918 -4.644821046227861 -4.5074739736780405 -4.1713287032005812 -4.8173394213398559 -0.69472496099982539 -3.6232261765824085 -0.065077492373600165 -4.1977996065944065 -3.5841641124193782 -3.9427425040774051 -2.746909303189164 -4.704528075770968 -4.2666139959846383 -3.0658298428537076 -4.733189351694266 -4.6125314324521538 -4.4575556492373121 -4.7554301487361279 0.49318137436760079 -4.2545336725124967 -2.3540776013232136 -4.6727351139231779 -0.21135922750900704 -2.8661018281142896
leaf_weight=1601.7037543840706 1.3050781376659877 5.9816081309691054 9.8191593214869517 39.144575807731599 0.59816081309691016 2.346033318899571 0.20197637844830818 7.0147949899546802 4.7153716045431775 171.25266395742074 0.17867141170427003 0.55155087960883975 0.27965960092842568 6.4787807548418641 0.95550363650545478 0.47386765712872136 0.16313476720824838 89.700816997792572 1.6779576055705541 0.57485584635287512 9.4229748868383485 0.35734282340854351 9.3142183753661794 1.4604445826262238 0.38064779015257955 0.86228376952931263 0.55155087960883975 5.2358491951599717 0.1709030894562602 0.83897880278527737
leaf_count=206184 168 770 1264 5039 77 302 26 903 607 22045 23 71 36 834 123 61 21 11547 216 74 1213 46 1199 188 49 111 71 674 22 108
internal_value=-4.84232 -4.86503 -4.41611 -4.50639 -4.12558 -3.87439 -2.97804 -4.16321 -3.84793 -4.76433 -4.15665 -3.32998 -2.42609 -3.97027 -3.12898 -3.68555 -2.91195 -4.77856 -3.86255 -4.10555 -4.58828 -4.45165 -4.24641 -3.70199 -1.97906 -4.14436 -3.51315 -4.43327 -1.44965 -3.21123
internal_weight=1973.71 1873.87 99.8385 76.1684 23.6701 13.8509 3.31707 14.6744 7.65957 272.171 10.5338 2.94419 0.83121 8.18781 1.13418 2.11298 0.807906 260.953 2.71891 7.05364 61.494 22.3495 12.9265 3.61227 0.737991 2.87428 1.41383 11.2175 0.334038 1.04096
internal_count=254072 241220 12852 9805 3047 1783 427 1889 986 35036 1356 379 107 1054 146 272 104 33592 350 908 7916 2877 1664 465 95 370 182 1444 43 134
is_linear=0
shrinkage=1


Tree=1
num_leaves=31
num_cat=0
split_feature=3 1 3 13 13 28 12 5 13 3 12 13 5 12 6 27 7 2 13 1 9 13 13 2 28 13 6 3 27 27
split_gain=1870.16 1421.03 613.71 518.371 814.803 1740.72 728.233 478.77 480.682 1872.85 394.309 291.332 227.785 202.226 197.381 224.251 163.604 153.531 147.974 142.98 164.263 207.765 299.365 124.023 121.419 145.426 114.448 113.203 106.752 101.6
threshold=-0.031417330586722352 0.011188605745241944 0.017348239866528673 273.50000000000006 279.50000000000006 0.0050388470614463896 0.57743571428571083 0.002729230971321528 274.50000000000006 0.036396177534078207 1.3726928571428549 301.50000000000006 0.0046920468305019789 0.25940714285714411 0.0010811444603286635 1.4639095080584927 0.003405816066821814 -0.081350544070025385 277.50000000000006 0.016036518897873057 0.81876670116089667 302.50000000000006 256.50000000000006 -0.050801461414580022 0.0075117849899014669 313.50000000000006 0.001608382511430431 -0.060189752878674778 90686.500000000015 0.4217043839137587
decision_type=2 2 2 2 2 2 2 2 2 2 2 2 2 2 2 2 2 2 2 2 2 2 2 2 2 2 2 2 2 2
left_child=17 2 12 -4 5 6 13 8 -7 10 14 28 26 -5 -10 -16 -13 -1 -8 -19 21 22 -21 -6 25 -18 -2 -24 -3 -25
right_child=1 11 3 4 23 7 18 -9 9 -11 -12 16 -14 -15 15 -17 24 19 -20 20 -22 -23 27 29 -26 -27 -28 -29 -30 -31
leaf_value=0.34223791363407102 -0.041396654208359682 0.10320930209980075 -0.004836852520233797 2.4503832064358257 1.0980725409899603 0.21447907113177711 3.5381977615125488 0.19664715031768398 0.15382187712002726 5.5517387770683273 3.0637639023626271 0.27554101396904479 0.072173390127466347 -0.05041804720405773 2.4923342870944816 0.34686884634115289 0.47689661850563553 0.14648323427933238 5.4920964586263361 0.33831013454485631 0.21536418822104153 -0.050626164440226773 1.3553424938169307 0.28026688275808243 0.51407386462407612 2.0417589687626925 0.011918383637650867 2.7485742357846501 0.30185543472339976 0.055747802816507243
leaf_weight=12.214182416908441 1507.9433605214581 57.541012714616954 82.225491903256625 0.15994929242879052 0.30462542269378801 1.4092675792053326 0.22292688302695751 7.9927305756136775 0.9793944079428909 0.24097834154963482 0.17661293642595399 18.699893473181877 48.4648905727081 0.16344335954636335 0.2359663057141006 0.25172614585608244 0.28436483256518785 122.96201536199078 0.17140236776322126 0.51404662104323395 2.996735779568553 0.45479337591677893 0.31989268679171801 5.8138202652335158 3.0970389279536903 0.31066583516076207 107.85788726108149 0.26789758307859302 7.6640496314503244 37.799747897312045
leaf_count=1019 200438 4482 10173 20 22 64 27 137 129 29 23 1878 5143 20 30 33 26 10551 21 49 173 40 19 657 228 32 13591 22 564 4432
internal_value=-0.00362072 -0.0166704 -0.0262282 0.0750376 0.192481 0.557533 2.94517 0.405702 0.912973 1.43527 0.831767 0.179993 -0.0346341 1.18647 0.563072 1.38494 0.335594 0.172893 4.3875 0.156672 0.431806 0.848489 1.21961 0.0926991 0.639756 1.29391 -0.0378378 1.99034 0.126558 0.0856769
internal_weight=2029.74 1890.01 1802.41 138.148 55.9226 12.0044 0.717722 11.2867 3.29395 1.88468 1.6437 87.597 1664.27 0.323393 1.46709 0.487692 22.392 139.73 0.394329 127.515 4.55337 1.55663 1.10184 43.9182 3.69207 0.595031 1615.8 0.58779 65.2051 43.6136
internal_count=254072 242199 234989 15817 5644 533 88 445 308 244 215 7210 219172 40 192 63 2164 11873 48 10854 303 130 90 5111 286 58 214029 41 5046 5089
is_linear=0
shrinkage=0.05


Tree=2
num_leaves=31
num_cat=0
split_feature=10 1 6 10 7 7 5 28 28 28 13 13 0 12 13 15 13 24 13 14 27 14 13 15 15 6 29 28 14 8
split_gain=2838.43 230.887 184.386 159.417 139.524 79.7386 73.9495 72.2107 61.9091 60.3951 56.214 94.8709 66.0253 52.2159 51.4528 89.8001 101.035 51.1435 48.8382 54.0221 48.7222 46.1719 45.5544 54.0566 132.266 133.098 47.4038 46.2221 51.2662 43.7187
threshold=0.0032780687896595746 0.012230235261763924 0.0016350871208688281 0.0020790462133392896 0.0010245836560508986 0.0059048223520243442 0.00323569299826135 -0.017927097804053316 0.008040897782894239 -0.016261542472919267 296.50000000000006 297.50000000000006 -0.0065214859769866509 0.93598214285714076 273.50000000000006 0.31764705134947863 335.50000000000006 1.0000000180025095e-35 246.50000000000003 144.50000000000003 90686.500000000015 132.50000000000003 355.50000000000006 0.21831934823100344 0.24682330776614081 0.0024388677200168603 26.187535891885904 -0.0094257447371859839 22.500000000000004 0.92251282775333499
decision_type=2 2 2 2 2 2 2 2 2 2 2 2 2 2 2 2 2 2 2 2 2 2 2 2 2 2 2 2 2 2
left_child=1 3 4 -1 9 10 -6 -5 -9 -2 12 -12 18 22 -10 16 -16 -7 19 -4 -14 -22 23 -13 25 -25 29 28 -24 -26
right_child=2 -3 5 7 6 17 -8 8 14 -11 11 13 20 -15 15 -17 -18 -19 -20 -21 21 -23 27 24 26 -27 -28 -29 -30 -31
leaf_value=-0.044058992873336394 0.14467947890640898 0.14939768199003003 1.097766452765546 0.15409670378894536 0.083446851204832362 0.4120922894645016 0.16124778663992539 -0.015896833995910225 -0.020135566959649909 0.037073855164319845 0.89029587343730032 0.15440666411933612 0.10764077468446356 0.12590698777603845 0.17910040780507488 0.084254840401568581 1.2778585578213382 0.092267457110616971 0.13224941375352403 0.35034032865900766 0.48126323993276376 0.093482710726920534 1.0724046597260235 1.8880637009910606 0.34316813392426382 0.38554549141550715 0.80740874218537295 -0.0041514305280622886 -0.050478571838796574 0.17864495802863889
leaf_weight=1287.4435388799757 14.753342315554617 16.943269559182227 0.26123439799994175 6.9837632523849598 58.07909222971648 4.7322870958596459 64.41944779176265 286.7270344379358 13.20057434029877 112.27318723546341 0.47761023510247369 9.8644769759848767 88.869837739504874 23.210494823753834 0.54710249602794903 18.967332203406841 0.3387765702791512 1.6986792394891379 3.0426062485203147 3.2420419426634908 1.728013098239898 1.3811565237119792 0.22258455213159356 0.25790634378791111 8.1233703512698465 0.34396218322217464 0.40752818807959457 3.2313049463555208 0.187086489982903 8.028703377582131
leaf_count=177739 869 1258 22 495 6238 262 4558 36948 1671 11091 27 535 6455 1396 38 1977 39 94 190 265 38 99 20 23 716 34 22 332 20 601
internal_value=-0.00468837 -0.0342156 0.113118 -0.0361429 0.0862876 0.155142 0.124361 -0.0049537 -0.00842724 0.0495716 0.147886 0.188706 0.125367 0.182487 0.0563682 0.107236 0.599286 0.327614 0.278797 0.406075 0.114447 0.309003 0.22531 0.247677 0.301289 1.02939 0.274826 0.0592814 0.559612 0.261389
internal_weight=2039.99 1631.15 408.836 1614.21 249.525 159.311 122.499 326.765 319.781 127.027 152.88 54.355 98.5249 53.8774 33.0538 19.8532 0.885879 6.43097 6.54588 3.50328 91.979 3.10917 30.6669 27.0259 17.1615 0.601869 16.5596 3.64098 0.409671 16.1521
internal_count=254072 220165 33907 218907 22756 11151 10796 41168 40673 11960 10795 3726 7069 3699 3725 2054 77 356 477 287 6592 137 2303 1931 1396 57 1339 372 40 1317
is_linear=0
shrinkage=0.05


Tree=3
num_leaves=31
num_cat=0
split_feature=4 11 11 4 13 13 2 11 6 18 2 27 2 30 14 4 5 13 6 1 2 14 4 11 8 2 6 1 2 12
split_gain=2609.8 437.552 301.085 88.2537 75.8361 106.339 120.918 97.2563 80.8458 72.8685 62.6824 60.0259 59.2513 58.1301 54.4116 136.771 112.892 48.1357 54.9166 49.96 64.5636 69.8232 64.3851 65.6598 63.1386 83.5208 128.258 59.9886 46.4055 44.9143
threshold=0.0048922183152423958 0.0046400313705568129 0.0026032176550104258 0.0031892467328304493 295.50000000000006 297.50000000000006 -0.0086345112513875315 0.012828237902176675 0.0015298661791342597 0.00025809782337164088 -0.0064222500330222134 90686.500000000015 -0.0073070023883330384 0.48506877457467379 137.50000000000003 0.0074940750497229317 0.0031716379979498826 342.50000000000006 0.001483635501736535 -0.010027869560096101 0.0063799000883075782 54.500000000000007 0.0087240360900300538 0.007589332793333182 0.8739616993520033 0.035103115565394812 0.0011066561319981387 0.016036518897873057 0.017672397243536423 0.80376428571428404
decision_type=2 2 2 2 2 2 2 2 2 2 2 2 2 2 2 2 2 2 2 2 2 2 2 2 2 2 2 2 2 2
left_child=2 28 -1 -4 7 8 -7 11 -6 17 12 -3 -11 -9 15 16 -13 18 19 22 -21 -22 23 -8 25 26 27 -23 -2 -5
right_child=1 4 3 29 5 6 9 13 -10 10 -12 14 -14 -15 -16 -17 -18 -19 -20 20 21 24 -24 -25 -26 -27 -28 -29 -30 -31
leaf_value=-0.045921981055094166 0.022512301024166889 0.079534364097483115 -0.019412345299746159 0.011535477859251696 1.1150541740366269 0.11063741811975897 0.98320835316507782 0.14397277097856551 0.35428384326720197 1.0084382604966196 0.1080914376931347 1.6165899924711391 0.22530355619014375 0.26533408349726234 -0.050646910367845147 0.20109540078950416 0.3964048003407184 0.12045713096308637 0.22855115388528155 0.12062363486086183 1.0380454780217494 0.33884418982161052 1.3427238060957185 -0.050651338250510103 0.24199801438134633 0.25091870760070262 1.6366259496750428 0.92040751397875875 0.11798475052953333 0.063059507503093373
leaf_weight=1244.0051121022552 130.03606851072982 103.89602473797277 166.31416081637144 111.11355328885838 0.47131347469985385 50.47920162556693 0.29021623171866018 68.280616564676166 1.3479774249717591 0.37766300793737173 15.615495429374276 0.32988032605498929 0.67003127932548767 11.533545820042489 1.3901425488293169 4.9292205907404423 0.44565375428646803 5.2485635885968795 17.766615093220025 2.6266900459304461 0.41303577367216249 1.1553636766038824 0.28702765144407749 0.3261761823669076 4.3812518226914108 1.6534463530406354 0.32595332339406002 0.71959396172314871 14.108747853431849 68.292969760019332
leaf_count=178973 12876 7495 21695 13401 23 2463 30 4383 48 30 916 27 33 890 115 95 29 405 973 234 23 99 18 27 263 92 25 34 848 7509
internal_value=-0.00464692 0.103255 -0.0344509 0.00682551 0.138146 0.172461 0.165724 0.119414 0.551372 0.219348 0.13321 0.0891432 0.507601 0.16151 0.229852 0.298205 0.915421 0.260131 0.284612 0.366394 0.337728 0.403665 0.72416 0.436121 0.371849 0.519452 0.721188 0.562044 0.031857 0.0311486
internal_weight=2028.83 439.106 1589.73 345.721 294.961 104.156 102.336 190.805 1.81929 51.8571 16.6632 110.991 1.04769 79.8142 7.0949 5.70475 0.775534 35.1939 29.9454 12.1788 11.2753 8.64864 0.90342 0.616392 8.23561 3.85436 2.20091 1.87496 144.145 179.407
internal_count=254072 32494 221578 42605 18770 5736 5665 13034 71 3202 979 7761 63 5273 266 151 56 2223 1818 845 770 536 75 57 513 250 158 133 13724 20910
is_linear=0
shrinkage=0.05


Tree=4
num_leaves=31
num_cat=0
split_feature=4 11 11 13 4 13 11 2 13 13 15 11 15 15 1 18 11 10 9 15 12 8 6 2 29 2 1 6 12 14
split_gain=2207.46 355.18 230.982 65.9343 64.9991 60.4836 57.6212 55.8606 52.5739 214.805 356.934 124.249 106.986 67.0874 48.6801 44.2436 43.1247 55.6536 60.0807 63.4455 109.96 75.1049 105.378 40.1334 38.6954 37.3707 36.6123 62.6986 38.5953 36.163
threshold=0.0045726413507448122 0.0046400313705568129 0.0026032176550104258 267.50000000000006 0.0083591163466174515 251.50000000000003 0.0030425541402983795 0.011194550398112126 326.50000000000006 329.50000000000006 0.79999992000004017 0.0037456173336469943 0.43859648353339759 0.94117642445216176 0.016036518897873057 0.00029803735011434449 0.010639362867399095 0.0042522321717922808 1.0256167390253956 0.10588235169548799 1.0581714285714272 0.95699354929109404 0.00064861358845470557 0.017672397243536423 -0.1183418037619237 0.062674875648332642 0.010396346149551984 0.0024388677200168603 2.5004142857142919 83.500000000000014
decision_type=2 2 2 2 2 2 2 2 2 2 2 2 2 2 2 2 2 2 2 2 2 2 2 2 2 2 2 2 2 2
left_child=2 6 -1 16 5 -3 -2 26 -9 10 -10 -11 -13 -14 15 25 -4 -18 19 20 -19 -21 -23 -8 -6 -7 28 -28 -5 -25
right_child=1 4 3 7 24 14 23 8 9 11 -12 12 13 -15 -16 -17 17 18 -20 21 -22 22 -24 29 -26 -27 27 -29 -30 -31
leaf_value=-0.045822648710565517 -0.0075544485638263971 0.052427198170954183 -0.033700083628972199 0.0052743488731645831 0.17140771147513492 0.1168622284737319 0.037646572434101383 0.048819380976746839 0.16496041444706369 -0.050467671000185482 2.4157908273433764 1.0987780720109883 0.046046576393503846 0.9639339291982596 0.20200825188484461 0.041745374635431397 -0.0064110333602497606 0.09743100298892711 -0.019295657100250087 0.10654583293356826 1.4016461602720325 1.6125516544192526 0.12939243501461659 0.22816198464379461 0.1192575673002419 0.55124196243156476 0.11573869032854414 0.9339058386435346 0.16401473280312717 0.062887364268381082
leaf_weight=1177.6605049939826 75.577290174551308 63.94787406316027 125.76887126127258 131.24166176095605 50.1529462011531 76.110181326512247 85.949402958154678 13.617926768027248 0.46418641461059351 3.6682716296054423 0.28383232187479734 0.47823210526257742 1.0356468278914688 0.24643770558759559 13.584899223409591 23.883129195775837 23.830792356748137 0.33781255222856899 3.2014581514522433 3.4923961777240042 0.30984447337687016 0.21045210491865862 0.27790564205497503 5.5534253311343482 122.33472422882915 0.49838745594024558 3.0072971759364004 0.25393303390592326 3.9442067798227063 8.1919988263398391
leaf_count=177360 8726 5364 16449 16399 2135 5314 7666 1396 52 422 33 28 108 25 506 1803 2839 31 314 334 25 21 28 370 5246 38 303 22 320 395
internal_value=-0.0046203 0.0834867 -0.0356417 0.00233989 0.112547 0.0913527 0.025372 0.0251323 0.103698 0.224692 1.01903 0.115238 0.460547 0.22248 0.113173 0.101164 -0.0205701 0.0315873 0.147238 0.262429 0.721378 0.187759 0.768543 0.0503331 0.134421 0.119688 0.0138994 0.179445 0.00990579 0.129662
internal_weight=2019.12 525.784 1493.33 315.671 350.512 178.024 175.272 158.242 19.7945 6.17661 0.748019 5.42859 1.76032 1.28208 114.077 100.492 157.43 31.6607 7.82987 4.62841 0.647657 3.98075 0.488358 99.6948 172.488 76.6086 138.447 3.26123 135.186 13.7454
internal_count=254072 37563 216509 39149 20406 13025 17157 19108 2064 668 85 583 161 133 7661 7155 20041 3592 753 439 56 383 49 8431 7381 5352 17044 325 16719 765
is_linear=0
shrinkage=0.05


Tree=5
num_leaves=31
num_cat=0
split_feature=4 11 11 10 9 17 11 13 11 0 5 13 1 13 29 13 9 9 13 10 11 13 10 27 8 7 27 13 13 11
split_gain=2030.16 316.648 153.675 54.834 54.7632 62.4514 51.7342 50.8969 48.5915 43.8421 84.42 43.7908 61.0641 50.8287 64.5799 39.3012 38.8253 39.9777 37.2511 39.021 36.8861 36.8151 85.5247 60.3142 53.6036 75.7835 73.7903 45.5904 65.3145 174.255
threshold=0.0041511917827917189 0.0042772803453530904 0.0026032176550104258 0.003331588352647792 0.87433035376613188 1.0000000180025095e-35 0.0030425541402983795 275.50000000000006 0.024316462420315706 -0.0049028683794776753 0.002535348935800642 263.50000000000006 0.013767452476313393 288.50000000000006 0.020955446623860511 249.50000000000003 1.727831640593102 1.8221535777703632 323.50000000000006 0.0033870780211978416 0.010639362867399095 256.50000000000006 0.0042522321717922808 0.74462912998984343 0.6551080948103204 0.0024197715893395327 0.62436047569879782 307.50000000000006 318.50000000000006 0.011199780444846133
decision_type=2 2 2 2 2 2 2 2 2 2 2 2 2 2 2 2 2 2 2 2 2 2 2 2 2 2 2 2 2 2
left_child=2 6 -1 -3 5 15 -2 -8 -6 10 -4 20 -13 14 -14 -5 -10 -18 -15 -20 -11 22 -17 24 -24 26 -26 -23 29 -29
right_child=1 3 9 4 8 -7 7 -9 16 11 -12 12 13 18 -16 21 17 -19 19 -21 -22 27 23 -25 25 -27 -28 28 -30 -31
leaf_value=-0.046521704439210138 -0.0061087511359884036 0.055081177552476379 1.3187485109532051 0.051121834226323118 0.080297081022809302 0.040916291319508635 -0.0056387977647030423 0.070064046679385525 0.093505509465860281 -0.042109969059202841 -0.050489211475014742 0.0076705141539001242 1.3479637835622862 -0.018022272965476711 0.15620234512281597 0.047680610893461123 0.58184707533588609 0.19526106858176132 0.03836068451560895 0.60221288249327065 0.024287998718462482 0.10424910737388174 0.20223935826629702 0.20671118867024121 0.23789588131834455 1.078390167311855 0.83080573098517141 0.40566743485417495 0.11986937975336309 0.074869525187794522
leaf_weight=1103.4614120395854 103.7026892430149 73.473391830455512 0.18258805852383275 10.306779459118841 207.33546448871493 17.11116794962436 33.582888869103044 65.520611774176359 12.958413262851538 96.729106369428337 0.29356104834005237 148.74091475643218 0.21451306901872103 1.5316110821440818 0.24181348271667957 5.079205775633457 0.709925034083425 11.53135829605162 0.55427273269742705 0.68733789026737213 26.687622753437608 42.416690161568113 1.5754517205059508 7.6709851808845997 1.5548066953197128 0.57522928249090899 0.79210400581359852 8.7823578901588935 19.697556613013148 7.2820713007822624
leaf_count=174110 12891 6019 21 785 10869 878 3069 5397 558 13176 33 17922 20 125 22 386 31 470 35 31 2908 1798 89 390 86 30 32 347 1166 290
internal_value=-0.00418016 0.0700573 -0.0381771 0.094402 0.102531 0.129536 0.0185782 0.0444109 0.0882654 -0.0047983 0.47457 -0.00562713 0.0123408 0.227434 0.716434 0.143877 0.153826 0.217681 0.146971 0.350501 -0.0277521 0.153896 0.220015 0.291947 0.437324 0.564069 0.438008 0.139309 0.180892 0.255715
internal_weight=2010.98 631.659 1379.32 428.853 355.38 122.844 202.806 99.1035 232.535 275.863 0.476149 275.387 151.97 3.22955 0.456327 105.733 25.1997 12.2413 2.77322 1.24161 123.417 95.4265 17.2478 12.1686 4.49759 2.92214 2.34691 78.1787 35.762 16.0644
internal_count=253984 45581 208403 24224 18205 6277 21357 8466 11928 34293 54 34239 18155 233 42 5399 1059 501 191 66 16084 4614 1013 627 237 148 118 3601 1803 637
is_linear=0
shrinkage=0.05


end of trees

feature_importances:
time_since_open=35
volatility_20=15
returns_10=13
time_to_close=13
distance_from_vwap=11
range_pct=10
upper_wick=9
returns_5=8
volatility_5=8
price_position=8
returns_20=7
atr=7
pressure_ratio=7
body_pct=5
volume_ratio_20=5
lower_wick=4
volume_ratio=4
volume_momentum=4
returns=2
fvg_size_pct=2
fvg_down=1
liquidity_grab_low=1
pv_divergence=1

parameters:
[boosting: gbdt]
[objective: binary]
[metric: auc]
[tree_learner: serial]
[device_type: cpu]
[data_sample_strategy: bagging]
[data: ]
[valid: ]
[num_iterations: 500]
[learning_rate: 0.05]
[num_leaves: 31]
[num_threads: 0]
[seed: 0]
[deterministic: 0]
[force_col_wise: 0]
[force_row_wise: 0]
[histogram_pool_size: -1]
[max_depth: -1]
[min_data_in_leaf: 20]
[min_sum_hessian_in_leaf: 0.001]
[bagging_fraction: 0.8]
[pos_bagging_fraction: 1]
[neg_bagging_fraction: 1]
[bagging_freq: 5]
[bagging_seed: 3]
[bagging_by_query: 0]
[feature_fraction: 0.8]
[feature_fraction_bynode: 1]
[feature_fraction_seed: 2]
[extra_trees: 0]
[extra_seed: 6]
[early_stopping_round: 0]
[early_stopping_min_delta: 0]
[first_metric_only: 0]
[max_delta_step: 0]
[lambda_l1: 0]
[lambda_l2: 0]
[linear_lambda: 0]
[min_gain_to_split: 0]
[drop_rate: 0.1]
[max_drop: 50]
[skip_drop: 0.5]
[xgboost_dart_mode: 0]
[uniform_drop: 0]
[drop_seed: 4]
[top_rate: 0.2]
[other_rate: 0.1]
[min_data_per_group: 100]
[max_cat_threshold: 32]
[cat_l2: 10]
[cat_smooth: 10]
[max_cat_to_onehot: 4]
[top_k: 20]
[monotone_constraints: ]
[monotone_constraints_method: basic]
[monotone_penalty: 0]
[feature_contri: ]
[forcedsplits_filename: ]
[refit_decay_rate: 0.9]
[cegb_tradeoff: 1]
[cegb_penalty_split: 0]
[cegb_penalty_feature_lazy: ]
[cegb_penalty_feature_coupled: ]
[path_smooth: 0]
[interaction_constraints: ]
[verbosity: -1]
[saved_feature_importance_type: 0]
[use_quantized_grad: 0]
[num_grad_quant_bins: 4]
[quant_train_renew_leaf: 0]
[stochastic_rounding: 1]
[linear_tree: 0]
[max_bin: 255]
[max_bin_by_feature: ]
[min_data_in_bin: 3]
[bin_construct_sample_cnt: 200000]
[data_random_seed: 1]
[is_enable_sparse: 1]
[enable_bundle: 1]
[use_missing: 1]
[zero_as_missing: 0]
[feature_pre_filter: 1]
[pre_partition: 0]
[two_round: 0]
[header: 0]
[label_column: ]
[weight_column: ]
[group_column: ]
[ignore_column: ]
[categorical_feature: ]
[forcedbins_filename: ]
[precise_float_parser: 0]
[parser_config_file: ]
[objective_seed: 5]
[num_class: 1]
[is_unbalance: 0]
[scale_pos_weight: 1]
[sigmoid: 1]
[boost_from_average: 1]
[reg_sqrt: 0]
[alpha: 0.9]
[fair_c: 1]
[poisson_max_delta_step: 0.7]
[tweedie_variance_power: 1.5]
[lambdarank_truncation_level: 30]
[lambdarank_norm: 1]
[label_gain: ]
[lambdarank_position_bias_regularization: 0]
[eval_at: ]
[multi_error_top_k: 1]
[auc_mu_weights: ]
[num_machines: 1]
[local_listen_port: 12400]
[time_out: 120]
[machine_list_filename: ]
[machines: ]
[gpu_platform_id: -1]
[gpu_device_id: -1]
[gpu_use_dp: 0]
[num_gpu: 1]

end of parameters

pandas_categorical:[]
