tree
version=v4
num_class=1
num_tree_per_iteration=1
label_index=0
max_feature_idx=30
objective=binary sigmoid:1
feature_names=returns returns_5 returns_10 returns_20 range_pct body_pct upper_wick lower_wick volume_ratio volume_ratio_20 volatility_5 volatility_20 atr time_since_open time_to_close price_position fvg_up fvg_down fvg_size_pct displacement_up displacement_down order_block_bull order_block_bear liquidity_grab_high liquidity_grab_low bos_up bos_down pressure_ratio distance_from_vwap volume_momentum pv_divergence
feature_infos=[-0.049012891573768536:0.045162865393345131] [-0.41097373883223542:0.29123073625966844] [-0.41734447874186054:0.27672955974842761] [-0.42302138796137534:0.32974176615841388] [0:0.10313391280727956] [0:0.049490504256712663] [0:0.032373663751214851] [0:0.097650414233328847] [0.0077067097235578794:4.8336139450100264] [0.0052960025901097694:17.397427935776776] [2.6691490659517061e-05:0.18840894429181493] [0.00011583433358019584:0.093004821541031846] [0.012449857142856149:14.285721428571435] [241:383] [7:149] [0:0.99999999973781772] [0:1] [0:1] [0:0.038247544204322123] [0:1] [0:1] [0:1] [0:1] [0:1] [0:1] [0:1] [0:1] [0:18207692] [-0.15811310058997513:0.22592121730524209] [-0.99903813714441581:1084.6737967914439] [-1084.879243123441:1.0088510033997924]
tree_sizes=3381 3415 3398 3407 3416 3415 3425 3464 3436 3431 3445 3449 3454 3466 3459 3441

Tree=0
num_leaves=31
num_cat=0
split_feature=4 3 2 28 11 11 10 29 13 2 10 7 12 28 11 13 11 12 10 4 10 15 4 8 12 4 12 11 15 12
split_gain=6159.3 2796.47 937.213 911.677 659.064 538.584 532.183 603.363 436.993 397.261 450.255 420.544 371.606 361.595 338.497 331.935 329.374 290.477 272.154 270.237 416.34 229.146 227.926 227.386 514.777 219.366 305.435 218.093 215.967 180.914
threshold=0.0068614671002740768 -0.054208174940449931 0.03333708118053514 -0.021168014926274511 0.01820966785462624 0.0037730702128164211 0.0068186074062086969 6.0989088212514195 264.50000000000006 0.017130480659715456 0.033366494416393999 0.00020504748201115246 1.0686535714285708 -0.015561585367405661 0.0047449874941172627 322.50000000000006 0.0075095846812508671 0.96073214285714581 0.0045875664513812175 0.017151261916169697 0.012978667441148216 0.59999999090700817 0.0042452102034752645 0.6912220951594511 1.3440301428571402 0.012204636517687086 0.52791785714285722 0.01820966785462624 0.31136463727683023 2.7133178571428673
decision_type=2 2 2 2 2 2 2 2 2 2 2 2 2 2 2 2 2 2 2 2 2 2 2 2 2 2 2 2 2 2
left_child=3 2 6 18 14 -5 27 8 9 10 11 13 -12 -8 -3 -16 -17 19 -1 21 -21 -10 -7 24 -13 -6 -27 -2 -18 -9
right_child=1 4 -4 5 25 22 7 29 17 -11 12 23 -14 -15 15 16 28 -19 -20 20 -22 -23 -24 -25 -26 26 -28 -29 -30 -31
leaf_value=-4.75709951928786 -4.5730271528225277 -4.8840281142329944 -0.82642314477742129 -5.0023309666164657 -4.3555653988147078 -4.9502790192646335 -0.19258606589266858 -4.3424022021068787 -4.4158512052014469 -0.62268979799302926 -3.5645993255595245 -4.0370517328205358 -0.37786151972050952 -3.5645993255595378 -4.6634603500998555 -4.4182600780858001 -2.1899458364270359 -4.8195967417513215 -3.7282010470527878 -0.19258606589267568 -3.9774989083758738 -2.1194507857023046 -4.8239527048460413 -4.0162082442649005 -1.103941000937759 -2.0803927170575043 -3.9317136723780868 -3.8814757495813677 -3.8601978905303147 -3.2033121905952116
leaf_weight=0.98951765941455905 2.51877222396433 15.908399293664841 0.26294874865561801 950.53204757440835 3.3629761012271038 89.963070559781045 0.18683200562372804 2.1727870283648376 0.50513838557526447 0.19375170953571785 0.13839407823979843 0.35982460342347611 0.26986845256760716 0.13839407823979977 27.0006846645847 3.1277061682194462 0.28370786039158691 0.52589749731123447 1.8337215366773305 0.14531378215178847 0.14531378215178847 0.13839407823979855 59.204986670985818 1.1071526259183881 0.25602904474362731 0.2560290447436272 1.7160865701735017 2.0828308775089681 0.6089339442551136 0.41518223471939553
leaf_count=143 364 2299 38 137366 486 13001 27 314 73 28 20 52 39 20 3902 452 41 76 265 21 21 20 8556 160 37 37 248 301 88 60
internal_value=-4.95852 -4.48098 -3.77735 -4.98617 -4.63665 -4.98847 -3.84602 -3.56161 -3.18507 -2.80241 -2.97433 -3.27655 -1.45811 -1.62749 -4.69651 -4.60035 -4.17649 -3.87966 -4.08882 -3.3505 -2.08504 -3.922 -4.90014 -3.58781 -2.81767 -4.11004 -3.69137 -4.26001 -3.32934 -4.15966
internal_weight=1166.35 63.8273 11.5628 1102.52 52.2645 1099.7 11.2999 6.69827 4.1103 2.65025 2.45649 2.04823 0.408263 0.325226 46.9294 31.021 4.02035 1.46006 2.82324 0.93416 0.290628 0.643532 149.168 1.72301 0.615854 5.33509 1.97212 4.6016 0.892642 2.58797
internal_count=168555 9224 1671 159331 7553 158923 1633 968 594 383 355 296 59 47 6782 4483 581 211 408 135 42 93 21557 249 89 771 285 665 129 374
is_linear=0
shrinkage=1


Tree=1
num_leaves=31
num_cat=0
split_feature=6 5 7 7 28 28 27 3 1 0 28 3 9 7 7 3 5 29 12 27 12 29 18 3 0 5 12 13 28 27
split_gain=1279.85 692.857 346.224 138.965 134.396 117.166 115.388 113.361 107.189 89.1727 84.5899 111.491 132.041 79.4076 126.938 73.8199 73.7237 72.1125 65.8593 112.778 77.7302 62.3102 88.1101 61.5588 50.8019 49.8888 49.7586 48.8341 45.3502 45.245
threshold=0.0016822027007400847 0.004402116216789459 0.0025588361953354931 0.0015480915600594334 -0.011834581390149231 0.026046015719122736 852652.00000000012 0.061116962656056269 -0.0099844631832848845 0.0026076354675403928 -0.00034369011166978584 0.027075991564000094 0.94857809978888186 0.00086180578258903448 0.00087838410269313748 0.082937778554909372 0.0025387977938659471 6.0989088212514195 0.22607142857142828 5.5609192978621076 0.21718571428571923 18.215285035112306 0.006996050678336775 0.024182151703928016 0.0017055962696251872 0.011632041764281858 0.54199999999999771 271.50000000000006 -0.015561585367405661 0.61873041662340844
decision_type=2 2 2 2 2 2 2 2 2 2 2 2 2 2 2 2 2 2 2 2 2 2 2 2 2 2 2 2 2 2
left_child=1 2 4 8 26 -6 15 -7 10 -9 29 12 -12 -3 -15 18 27 -16 19 20 24 22 -19 -8 -5 -20 -1 -10 -29 -2
right_child=3 13 -4 6 5 7 23 9 16 -11 11 -13 -14 14 17 -17 -18 21 25 -21 -22 -23 -24 -25 -26 -27 -28 28 -30 -31
leaf_value=0.030091759484083654 0.23795467075451901 0.072981879802505534 0.13162324884492557 0.04629100557297558 -0.040300808192522908 0.054584830242012494 1.4753177250400877 2.0931010333183266 0.10457802133557088 0.48997936662619318 1.8410333974607747 -0.05063431760005032 0.38999331280046368 1.140084530930461 0.13749825502969404 0.37377917226431623 0.14452830503103373 0.41258462973487253 0.15074580750284125 1.6973466144888794 1.3084585900149672 0.16134291622855912 1.3467846211472558 0.43341149942876867 0.78746027304386845 0.37705340390389408 0.23379117243795872 0.6065859830537127 -0.006870287374524134 0.065539220404158827
leaf_weight=6.2023965348489565 12.046828621998435 42.378849224653095 31.160027040168643 1.0339944320730854 956.31551225017756 0.47624703962355752 0.262108757160603 0.1632858538068831 17.355466365348548 0.1850496712140739 0.29052914772182603 0.3539782096631825 0.34055487997829914 0.33594681974500318 32.964303174056113 5.2807373153045765 24.496142609976232 2.1564940540120001 40.779190176166594 0.1716474276036023 0.18397249560803164 2.3517566174268723 0.28585492726415385 0.30876974575221539 0.29778173752129067 2.5899216472171238 5.8028299249708652 0.30433652084321039 29.872849436942488 5.561716311145573
leaf_count=761 764 4247 3467 131 143007 63 21 22 2309 23 25 33 38 35 2360 298 2140 194 2864 21 22 177 19 22 23 85 681 33 4322 348
internal_value=-0.00255774 -0.0210724 -0.0324273 0.138827 -0.0377018 -0.0397871 0.20493 0.555966 0.101693 1.24146 0.208721 0.659618 1.058 0.120072 0.172459 0.196913 0.0740642 0.163849 0.176184 0.48265 0.345094 0.34504 0.521924 0.911784 0.212015 0.16426 0.128552 0.0377503 -0.000683589 0.183497
internal_weight=1222.31 1080.78 1000.31 141.531 969.145 957.14 50.9081 0.824583 90.6224 0.348336 18.5936 0.985062 0.631084 80.4732 38.0944 50.3372 72.0288 37.7584 45.0565 1.6874 1.51575 4.79411 2.44235 0.570879 1.33178 43.3691 12.0052 47.5327 30.1772 17.6085
internal_count=168555 155056 148024 13499 144557 143115 3487 108 10012 45 1208 96 63 7032 2785 3444 8804 2750 3146 197 176 390 213 43 154 2949 1442 6664 4355 1112
is_linear=0
shrinkage=0.05


Tree=2
num_leaves=31
num_cat=0
split_feature=10 6 7 6 5 28 1 13 13 28 6 9 7 7 12 12 30 27 12 1 14 29 28 1 7 5 8 30 29 29
split_gain=1972.1 144.307 135.437 95.1062 81.6771 60.1911 52.9899 50.0985 201.523 188.927 73.5396 69.6639 45.6681 41.7051 41.4784 40.3756 39.9495 79.1399 102.11 149.067 89.2812 132.927 71.6252 45.8602 38.9401 43.009 37.9848 37.81 65.9329 37.7581
threshold=0.0032580457342250395 0.0016822027007400847 0.0022490716950938215 0.0010730957735792556 0.0053438832853337321 -0.011834581390149231 0.0016067809446354 263.50000000000006 267.50000000000006 0.0068466862745563675 0.0011009942009090792 1.4514911497593135 0.0023921902309636399 0.0034050026682976588 0.82600000000000873 1.5939178571428527 -0.17564024364651723 2.7435436717352935 0.76477142857142721 0.035665252991386794 84.500000000000014 -0.24257365398017181 0.011544912174301838 -0.011721414667741568 0.0052613281889697392 0.0039036287033409889 1.0715108993427487 -0.58596996905325383 0.082087625887084972 0.21979526236876604
decision_type=2 2 2 2 2 2 2 2 2 2 2 2 2 2 2 2 2 2 2 2 2 2 2 2 2 2 2 2 2 2
left_child=1 12 3 5 13 6 -2 11 9 14 -11 -4 -1 -3 -9 -5 -10 23 19 20 21 -19 -23 24 25 -18 29 -6 -29 -15
right_child=2 4 7 15 27 -7 -8 8 16 10 -12 -13 -14 26 -16 -17 17 18 -20 -21 -22 22 -24 -25 -26 -27 -28 28 -30 -31
leaf_value=-0.042319155233558316 0.12576939727086253 0.029546515902780925 0.079670642370698055 0.11178549183038876 0.10198253975263638 0.036210975721209432 0.59886092698462035 -0.050480236421362401 0.14187422745958839 1.0754469963500666 2.4769974164045863 0.20250666823607089 0.036199007455405212 0.32166490224619271 0.85702180576279174 0.19023731679196992 0.080158305978767247 2.0331043048579303 0.11567846525686376 0.0099479931224096818 0.45689906612249659 1.3660224636167944 0.15587465291842384 0.15148063227826625 0.65550806842013654 0.48820219742413845 0.036833080401918648 0.28476333177502178 1.3959072716675744 1.1512837526979574
leaf_weight=885.88049823511392 15.272995173465457 50.620702198706567 23.998283563647419 75.693050966132432 0.32776830904185772 69.340837712865323 0.61575555149465877 0.2937231557443728 16.050450301263481 0.17763443337753415 0.1978234900161624 22.238306589890271 18.914180272258818 0.40287169069051632 0.22038617916405201 20.93664126098156 1.4251629058271644 0.35990030644461501 1.1697780857793985 0.54088771622627962 0.4913450269959867 0.24705933453515116 0.24208125565201044 10.84692836366594 0.84580232575535763 1.1808663317933676 0.57098650513216853 0.29786602687090535 0.24195046629756689 0.20793667063117027
leaf_count=137549 935 6624 1141 6388 32 8381 52 32 1107 20 20 1248 2297 37 24 1360 85 30 88 6 42 23 21 819 35 50 52 21 21 15
internal_value=-0.00271388 -0.0359944 0.118729 0.0948252 0.0444592 0.0563246 0.144104 0.172714 0.218509 0.961246 1.8139 0.138751 -0.0406778 0.0364013 0.338544 0.128784 0.198727 0.251323 0.4825 0.71059 0.993321 1.30375 0.767107 0.201994 0.360727 0.265055 0.330019 0.525584 0.782788 0.604091
internal_weight=1219.85 957.465 262.386 181.859 52.6701 85.2296 15.8888 80.5264 34.2898 0.889567 0.375458 46.2366 904.795 51.8025 0.514109 96.6297 33.4003 17.3498 3.05105 1.88127 1.34039 0.849041 0.489141 14.2988 3.45183 2.60603 1.18179 0.867585 0.539816 0.610808
internal_count=168555 146648 21907 17116 6802 9368 987 4791 2402 96 40 2389 139846 6728 56 7748 2306 1199 210 122 116 74 44 989 170 135 104 74 42 52
is_linear=0
shrinkage=0.05


Tree=3
num_leaves=31
num_cat=0
split_feature=11 4 11 14 27 30 1 13 2 12 5 9 8 4 18 2 2 2 27 12 11 30 12 2 1 15 5 13 8 15
split_gain=1763.54 335.842 79.4072 75.0331 60.0902 63.5341 41.9939 45.0182 50.5508 93.2972 74.4661 42.2082 43.6229 34.9652 46.5681 39.7169 83.8331 83.7156 70.6949 56.4456 45.9099 69.3797 34.9196 32.507 62.7488 32.2105 42.7847 36.932 41.1448 34.5972
threshold=0.0039396973406596167 0.0042452102034752645 0.0025625741073220278 66.500000000000014 0.22287059053032229 0.21263985747337152 -0.0093559040865532333 320.50000000000006 0.023170694174097454 0.58712857142856845 0.0045485855162026127 1.0774539599664792 0.88388269446598355 0.010229562005092752 0.00011169275521939516 -0.022891120384256055 0.017130480659715456 0.015856645587410515 1.9201779672418089 0.98477142857143163 0.015575355458140582 -1.8019374554992056 0.18344285714285571 -0.011513620587293215 -0.0047880837729591943 0.46260635225247487 0.011632041764281858 242.50000000000003 2.8069178943011397 1.0000000180025095e-35
decision_type=2 2 2 2 2 2 2 2 2 2 2 2 2 2 2 2 2 2 2 2 2 2 2 2 2 2 2 2 2 2
left_child=2 3 -1 4 5 -2 25 13 -9 11 -11 12 -10 14 -8 -15 17 18 -17 20 21 -20 -6 24 -24 27 -27 28 -3 -29
right_child=1 6 -4 -5 22 -7 7 8 9 10 -12 -13 -14 15 -16 16 -18 -19 19 -21 -22 -23 23 -25 -26 26 -28 29 -30 -31
leaf_value=-0.04664183191330442 0.34177290131301602 0.076908060982709803 -0.0038643271328378127 0.00098149916856587658 0.71650437053993232 1.6460071376979404 0.10314236060581328 0.14832895927111975 0.13277748947139531 1.387497072807885 0.40671727182017081 -0.05118306720742849 0.82063856665518087 0.038594690353722136 0.026897804553363776 0.15511524530459916 0.11631565228692223 1.0275902118308642 1.0283182724048756 0.23093129312035121 1.1502043384060108 0.22091344803410418 -0.050470393367770962 0.022763637881102718 1.1125454965561443 0.027898871401135047 0.47787237209770456 0.051403523367299947 0.45073672769234857 0.19206530552763737
leaf_weight=749.07219723705202 0.25492799375206177 15.216021275147792 126.85699226986617 85.604415352456272 0.26066373661160502 0.14734712895005941 77.517399814911187 16.498838155530397 0.54148459248244696 0.34743338078260411 0.43690659292042255 0.91457478981465101 0.4013171624392271 8.5615607919171435 27.00303840264678 5.5470670443028176 28.59013158082962 0.37093419581651765 0.41679815296083678 1.4163327133283017 0.37439081259071816 0.735716340132058 0.25185463670641184 2.049049944151192 0.21496987063437822 7.7419518996030074 0.56695483624935139 4.7560991044156244 0.77346915192902166 54.057583712507039
leaf_count=121549 31 555 18551 12014 31 17 6605 1242 27 22 25 59 24 219 2486 327 948 27 23 81 16 53 29 283 28 276 31 155 30 2791
internal_value=-0.00286857 0.0934974 -0.0404466 0.00983908 0.248371 0.819494 0.12288 0.108617 0.180843 0.383911 0.841166 0.190819 0.425575 0.0994331 0.0834444 0.135752 0.157963 0.292333 0.260211 0.458282 0.669168 0.512905 0.165625 0.108549 0.485091 0.151998 0.0586026 0.162372 0.0949915 0.18069
internal_weight=1217.5 341.569 875.929 88.7832 3.17881 0.402275 252.786 169.674 19.1406 2.64172 0.78434 1.85738 0.942802 150.533 104.52 46.0129 37.4514 8.86124 8.49031 2.94324 1.52691 1.15251 2.77654 2.51587 0.466825 83.1121 8.30891 74.8032 15.9895 58.8137
internal_count=168555 28455 140100 12433 419 48 16022 12184 1399 157 47 110 51 10785 9091 1694 1475 527 500 173 92 76 371 340 57 3838 307 3531 585 2946
is_linear=0
shrinkage=0.05


Tree=4
num_leaves=31
num_cat=0
split_feature=11 4 11 10 1 10 9 13 12 2 27 23 11 29 15 27 4 13 8 12 13 11 29 11 11 15 1 15 12 2
split_gain=1516.7 261.413 55.687 48.5503 32.4161 31.2582 36.7218 88.4962 33.4401 42.3951 84.9765 49.4718 36.0145 45.5524 70.2327 31.9113 37.9234 41.2679 27.9579 27.9189 36.7475 96.9485 31.0358 35.2677 36.2791 65.0033 30.2068 28.0497 27.8755 70.9448
threshold=0.0036219071162236151 0.0042452102034752645 0.0023645599068599101 0.0025623834065930796 -0.0093559040865532333 0.004313118089886007 0.28978083297562046 254.50000000000003 0.23732142857142743 0.018691302420467907 0.30299715447217607 1.0000000180025095e-35 0.0054924272288445165 -0.2025764222659617 0.47619047186146823 852652.00000000012 0.0061716975318415095 312.50000000000006 0.57515277575342949 1.2964214285714248 320.50000000000006 0.0072577571015865839 4.8608204593002116 0.016781865870529846 0.030735034973043272 0.69835555135288352 -0.0050552084172373326 0.97368417209140079 2.7133178571428673 0.0042499630349372994
decision_type=2 2 2 2 2 2 2 2 2 2 2 2 2 2 2 2 2 2 2 2 2 2 2 2 2 2 2 2 2 2
left_child=2 3 28 -2 -3 15 7 -7 9 10 -8 12 -12 14 -14 -6 17 -17 -10 -20 22 26 27 -24 25 -25 -22 -21 -1 -30
right_child=1 4 -4 -5 5 6 8 -9 18 -11 11 -13 13 -15 -16 16 -18 -19 19 20 21 -23 23 24 -26 -27 -28 -29 29 -31
leaf_value=-0.047658992050959526 -0.025837417586703444 0.12612841677070882 -0.012690132893802764 0.043979101343348509 0.055890705473714899 1.2819915065258598 1.0292835439230954 0.063114484684866953 0.034187557426574089 0.073419548072441193 0.027491574506331634 0.73750577664924044 0.20156993017279087 0.13474562083827074 1.2002135153441678 0.25224503284914579 0.14032192914094607 1.1515168498163013 0.086180642003784252 0.12227464173408938 0.53788750965754339 0.88719090184624594 0.074911970271935177 0.97471186244436814 0.12088213427246974 0.31092780626227645 0.06655749013722663 -0.046020326952410852 -0.050313465270082902 1.1905216995393249
leaf_weight=682.05021454580128 50.989771974273026 94.588792197406292 139.40990195143968 48.667945097200572 65.903774601407349 0.2251409413292994 0.37034085858613064 0.43985466565936804 15.612288319971411 3.5924400617368519 1.9047934729605915 0.44378856988623727 0.39176663849502791 1.076336685568094 0.31975742150098085 0.33017412992194239 2.7206914429552853 0.20791179593652487 65.257719807792455 27.207654087804261 0.42473340500146228 0.58555746357887972 1.990288141183554 0.48732261452823911 1.1588995419442656 1.5168213583528993 1.702612671535461 2.7237111339345565 0.40375301195308466 0.16118119657039642
leaf_count=116095 7656 3996 21294 6192 6189 23 31 42 1010 231 152 30 18 66 25 35 67 17 3537 1207 33 17 151 23 42 59 123 102 66 26
internal_value=-0.0029329 0.078155 -0.041487 0.00825755 0.102077 0.0905056 0.105194 0.475778 0.10325 0.201548 0.303681 0.238717 0.178772 0.339947 0.650358 0.063443 0.216177 0.599716 0.0965406 0.105987 0.140182 0.317476 0.126473 0.239808 0.343565 0.472332 0.16066 0.10696 -0.0473682 0.303709
internal_weight=1212.87 390.841 822.025 99.6577 291.183 196.594 127.432 0.664996 126.767 8.09922 4.50678 4.13644 3.69265 1.78786 0.711524 69.1626 3.25878 0.538086 118.668 103.055 37.7976 2.7129 35.0847 5.15333 3.16304 2.00414 2.12735 29.9314 682.615 0.564934
internal_count=168555 31074 137481 13848 17226 13230 6922 65 6857 553 322 291 261 109 43 6308 119 52 6304 5294 1757 173 1584 275 124 82 156 1309 116187 92
is_linear=0
shrinkage=0.05


Tree=5
num_leaves=31
num_cat=0
split_feature=11 4 11 10 4 2 2 15 12 13 9 8 12 10 0 9 1 15 7 12 8 11 0 2 27 29 27 15 13 8
split_gain=1278.04 174.803 73.1745 53.4015 38.9391 34.2167 33.6106 33.1712 49.3491 31.5574 53.1686 42.7409 56.0796 45.0593 28.5579 39.9661 44.2843 29.3889 46.3426 28.4252 26.9415 26.455 25.6929 24.2211 23.2458 24.0394 32.126 40.2731 33.6326 22.8727
threshold=0.0039396973406596167 0.0033263066232774884 0.0026207084057299503 0.0026824103213132487 0.010229562005092752 0.057877792543661218 -0.080900052181242618 0.38825745611127721 0.19481428571428544 245.50000000000003 2.1097160325791338 0.51568052212574689 0.73810357142856742 0.024143272967580402 -0.00073155947706382552 0.38675749788064612 -0.0055296023265328778 0.37499995312495044 0.0023921902309636399 0.18917499999999979 0.58943517430320436 0.0091131626433471821 0.0095856069928649274 0.079134314143225373 43.653347574520261 30.807320884363964 1.2811230389118178 0.90243901448543651 243.50000000000003 0.38690266735730983
decision_type=2 2 2 2 2 2 2 2 2 2 2 2 2 2 2 2 2 2 2 2 2 2 2 2 2 2 2 2 2 2
left_child=2 6 -1 4 23 7 -2 14 19 10 11 29 -13 -14 -5 16 -16 -17 -19 21 -10 -9 -4 -3 25 26 27 28 -12 -7
right_child=1 3 22 5 -6 9 -8 8 20 -11 24 12 13 -15 15 17 -18 18 -20 -21 -22 -23 -24 -25 -26 -27 -28 -29 -30 -31
leaf_value=-0.046673093405766641 0.44821185912309025 0.012577216848558496 -0.0051637888723228172 0.086349574889065681 0.27965635478412193 0.45704115602324608 -0.012597172189675388 0.21318358701594545 0.013029884476060384 0.1031542391977387 0.098745780689059023 0.17223400675153666 0.47272620401699766 1.2177905539713627 0.16926374692558546 0.12000837404231911 0.80063117105805925 0.13271311256461468 0.67811864264006305 0.56425467774281701 0.071828455660300466 -0.051528889744397802 0.46542536293677617 0.47510194000449629 -0.060710471632705855 0.066401195704315991 0.12031457568775833 0.81108402447666528 0.56174964924564508 -0.050939416233926817
leaf_weight=691.84450817434117 0.39835667656734486 35.396816510241479 117.23081089090556 83.126504688989371 1.4607776124030341 0.39340887824073645 59.510962367523462 5.6490049306303254 23.49131596647203 17.464586438145489 0.98416755162179492 0.44782059174030997 0.3817960424348712 0.43314072582870722 0.67962391301989555 40.695861052721739 0.46966056711971649 1.0562655772082497 0.6169735975563525 0.48745493916794647 114.13953179353848 1.1331740897148845 0.29076670482754607 0.28533206833526392 1.0876642121002076 2.4985316880047321 2.0131915621459484 0.46385023370385159 0.65210490114986897 0.50740222074091434
leaf_count=122768 21 3811 17181 4163 40 24 8539 346 1490 771 36 27 21 22 45 1871 34 66 34 33 6746 68 33 27 34 80 86 23 29 33
internal_value=-0.00446622 0.069148 -0.0404768 0.0831763 0.0266342 0.0902032 -0.0095331 0.0848363 0.0684987 0.143532 0.21503 0.434027 0.621726 0.86873 0.103529 0.136344 0.427275 0.128452 0.333821 0.195461 0.0617925 0.168955 -0.00399948 0.0162758 0.153492 0.188729 0.263034 0.399845 0.283267 0.17091
internal_weight=1205.29 395.925 809.366 336.016 37.1429 298.873 59.9093 271.545 144.9 27.3277 9.86308 2.16357 1.26276 0.814937 126.645 43.5184 1.14928 42.3691 1.67324 7.26963 137.631 6.78218 117.522 35.6821 7.69951 6.61185 4.11331 2.10012 1.63627 0.900811
internal_count=168502 28520 139982 19960 3878 16082 8560 14896 8683 1186 415 127 70 43 6213 2050 79 1971 100 447 8236 414 17214 3838 288 254 174 88 65 57
is_linear=0
shrinkage=0.05


Tree=6
num_leaves=31
num_cat=0
split_feature=10 4 4 3 28 10 14 15 6 6 10 7 27 27 14 14 12 29 9 3 28 27 15 28 10 29 9 3 12 27
split_gain=1055.89 115.665 66.3453 35.9779 45.7566 44.8379 39.3462 36.0249 35.7097 31.8345 52.8573 68.7366 75.0847 34.6027 43.487 62.6558 37.7859 31.6749 31.3559 30.2842 31.8266 29.8941 21.5846 28.6931 29.5088 40.3075 23.2923 48.2605 35.3587 21.1847
threshold=0.0030571805296651044 0.0056560816714483026 0.0047517852201359101 0.05440683913655265 -0.011834581390149231 0.0083509744121540216 55.500000000000007 0.45372758300004196 0.0015910629868363362 0.00046754626760524108 0.0038874502323051285 0.00059072768509317033 0.35208239839663619 0.42791200677123953 108.50000000000001 87.500000000000014 0.32045714285714472 0.38281615168835409 0.73958884725528173 -0.043810979145616151 0.026046015719122736 7.7928406437113962 0.97741752952910488 0.015740468920111595 0.0075012323032033383 3.4855224579429018 0.95969461239706388 0.070026609083308725 0.69177499999999892 0.048966204813709849
decision_type=2 2 2 2 2 2 2 2 2 2 2 2 2 2 2 2 2 2 2 2 2 2 2 2 2 2 2 2 2 2
left_child=1 8 19 4 5 6 -4 -7 -1 -8 11 12 -11 -12 15 16 -15 -3 -18 21 -21 -2 23 24 25 -5 27 -25 -29 -26
right_child=2 17 3 22 -6 7 9 -9 -10 10 13 -13 -14 14 -16 -17 18 -19 -20 20 -22 -23 -24 26 29 -27 -28 28 -30 -31
leaf_value=-0.042861442944808224 0.091222148118277502 0.095241808061230934 -0.0047991224703675464 0.014493909801107933 0.05263155770125582 0.086605815814030762 0.072074977926276915 -0.031903859662186743 0.0038562454535307788 1.3250938535115384 0.086020853626701435 0.26112964645666287 0.26865267930301134 0.65446708633645889 0.14780047138135707 0.90278015289804348 0.47026406535177845 -0.0065649181703853997 0.087895082421526424 0.009792774698297228 0.24040523155399912 0.51259366298367082 0.011005611565930251 0.59993310924097798 -0.053167984737273882 0.4919789671984176 0.1463334936439081 0.37116626222159743 -0.011254723608639517 0.16751864818271134
leaf_weight=741.1329971505329 8.4203535825945401 19.936934907920659 3.8238278725184527 11.302056899294257 166.35236060339957 45.203299575485289 6.7386188511736718 7.472700190730392 43.293176450300962 0.36339162243530454 7.8049761429429081 2.2428760789334774 0.31310676597058773 0.56507617048919101 6.3145673926919699 0.4717541723512112 0.7659609662368897 12.387085790745912 1.7870915308594701 72.980201226193458 1.5274246432818461 0.44306314736604768 4.4892241246998301 0.91936325561255516 1.2112714527174819 0.4599715983495124 15.959889135323463 1.1746440073475244 1.2451721699908374 10.638313679024575
leaf_count=134780 668 1702 201 639 10120 996 362 103 6124 26 319 143 23 23 279 28 35 1283 80 9175 67 23 179 42 35 21 544 40 64 378
internal_value=-0.00439999 -0.0364635 0.0643363 0.0753795 0.0678132 0.0979262 0.145436 0.0697938 -0.0402831 0.166428 0.197249 0.394374 0.836136 0.164753 0.226796 0.365749 0.284499 0.0562278 0.202613 0.0249141 0.0145204 0.112286 0.115321 0.126235 0.0892706 0.0331667 0.171459 0.291548 0.174383 0.14496
internal_weight=1197.74 816.75 380.991 297.62 250.22 83.8672 31.1912 52.676 784.426 27.3674 20.6288 2.91937 0.676498 17.7094 9.90445 3.58988 3.11813 32.324 2.55305 83.371 74.5076 8.86342 47.3999 42.9107 23.6116 11.762 19.2991 3.33918 2.41982 11.8496
internal_count=168502 143889 24613 14680 12738 2618 1519 1099 140904 1318 956 192 49 764 445 166 138 2985 115 9933 9242 691 1942 1763 1073 660 690 146 104 413
is_linear=0
shrinkage=0.05


Tree=7
num_leaves=31
num_cat=0
split_feature=11 10 11 28 15 13 14 11 30 12 11 11 28 13 13 11 28 2 15 11 3 12 0 7 2 27 8 5 9 28
split_gain=1030.06 120.123 34.7884 93.5041 42.335 37.6724 46.1404 40.6649 45.6201 38.5922 42.5941 33.8288 29.2422 28.9898 41.2159 84.3586 94.0389 329.912 30.3561 28.6231 26.3572 25.1363 25.497 34.927 66.4748 24.4409 33.8564 24.3633 22.2592 22.2001
threshold=0.0032415184866798068 0.0026824103213132487 0.014495743549803234 0.020560889530049292 0.95652169754254346 269.50000000000006 140.50000000000003 0.012010135809798419 -0.50657904942368204 0.57913214285714187 0.0068154768708823159 0.0077982433818479333 -0.011834581390149231 262.50000000000006 268.50000000000006 0.0038602485944185532 0.0020771914473772385 -0.00040980219344427521 0.59660463015344278 0.0026207084057299503 -0.068614584166406242 0.27228214285714009 0.0095856069928649274 8.5348379956376959e-05 0.0039068378345271668 190825.50000000003 0.77533519272210938 0.0059314443669801582 0.98796132175413331 -0.017779786686037524
decision_type=2 2 2 2 2 2 2 2 2 2 2 2 2 2 2 2 2 2 2 2 2 2 2 2 2 2 2 2 2 2
left_child=19 13 3 12 -4 6 9 -8 -9 -5 -11 -7 -3 -2 15 -15 -17 -18 -19 29 -14 -22 28 24 -24 27 -27 -16 -23 -1
right_child=1 2 4 5 -6 11 7 8 -10 10 -12 -13 20 14 25 16 17 18 -20 -21 21 22 23 -25 -26 26 -28 -29 -30 -31
leaf_value=0.51254474370250269 -0.025356139074056584 0.077340386091699659 0.093161462411481502 0.70206768757864557 0.00070209486551628213 0.20544221182296024 0.028146343354566578 0.19168096246663291 0.89868968168215879 -0.050986797852952417 0.42601175726148421 -0.0020601772708183177 0.4360532651871829 -0.05036367110904813 -0.0018243543718079614 0.067761856196751319 2.1286942833147471 0.6454751082138549 0.027253503844476331 -0.012255013262285315 0.07496397603402076 0.040305733583845788 0.71183482647513063 0.062773308038997153 -0.050846833748516132 0.60283293279922401 0.08514836972920492 0.35046691155806681 0.0015195174214303281 -0.046484867440091587
leaf_weight=0.17764213168993492 50.257102507632226 55.055418503005058 123.65019192732871 0.79253599466755842 13.758022822439669 3.8765945811755955 2.5332182231359188 0.82164096878841519 0.31588150095194556 0.63649168098345432 1.7680627619847653 3.9815054112114012 0.41059172758832474 2.2869650605134657 34.919366307556629 1.2673299019224944 0.29827825957909226 0.28710560407489516 0.64385042432695627 68.255647086072713 32.517061518039554 82.978508121334016 0.65537166502326616 3.4827343970537186 0.50650265906006098 0.38157489337027017 1.8329721051268277 0.49775850027799506 66.74517301376909 635.15826608613133
leaf_count=25 6970 2417 3576 34 333 160 185 38 19 40 68 181 26 356 4814 155 36 30 86 10576 2381 7552 35 156 33 31 155 30 5261 122743
internal_value=-0.00432713 0.0515606 0.0635945 0.0527391 0.083904 0.17507 0.260614 0.139665 0.388012 0.399481 0.299749 0.100306 0.045306 0.000334767 0.0307755 0.169019 0.369983 0.681571 0.217912 -0.0430231 0.0358895 0.0350104 0.0265943 0.141968 0.379355 0.0132028 0.174347 0.00312681 0.0230153 -0.0463286
internal_weight=1190.75 487.158 394.486 257.077 137.408 14.7259 6.86783 3.67074 1.13752 3.19709 2.40455 7.8581 242.351 92.6723 42.4152 4.78353 2.49656 1.22923 0.930956 703.592 187.296 186.885 154.368 4.64461 1.16187 37.6317 2.21455 35.4171 149.724 635.336
internal_count=168502 35158 22495 18586 3909 725 384 242 57 142 108 341 17861 12663 5693 663 307 152 116 133344 15444 15418 13037 224 68 5030 186 4844 12813 122768
is_linear=0
shrinkage=0.05


Tree=8
num_leaves=31
num_cat=0
split_feature=11 4 11 4 13 28 7 12 9 28 11 13 13 11 28 6 2 30 13 6 0 4 12 7 28 5 7 29 8 28
split_gain=924.387 106.086 55.8887 38.6416 37.1357 35.2243 62.4674 43.2062 42.7796 34.0105 28.8663 26.5913 108.097 81.3451 52.6094 89.1242 102.672 59.4792 39.103 26.14 25.205 23.2183 41.9501 70.2533 20.4304 29.1678 69.721 20.3156 29.2866 18.7381
threshold=0.0032415184866798068 0.0056560816714483026 0.016781865870529846 0.0026249074723967126 256.50000000000006 0.0077752252479331664 0.0011718958081784723 1.2074142857142851 0.34301152296652743 -0.027711651529650477 0.0023645599068599101 263.50000000000006 268.50000000000006 0.0041385188079535963 -0.0021727575111930735 0.00030424420746559875 0.0056036486532038418 0.52619892717297501 267.50000000000006 0.0025753912338541385 -0.00098402644082634639 0.0026677428437834826 0.44230357142857207 0.00076887798180404025 -0.008328177921480228 0.00091977334494457456 0.00055139384490358499 0.11452666564962279 0.83498966312816403 0.020560889530049292
decision_type=2 2 2 2 2 2 2 2 2 2 2 2 2 2 2 2 2 2 2 2 2 2 2 2 2 2 2 2 2 2
left_child=10 2 3 -2 5 8 7 -7 -4 20 -1 -11 13 -13 -15 16 -16 18 -17 -10 -5 22 23 -14 25 26 -23 28 -28 -6
right_child=1 -3 4 9 29 6 -8 -9 19 11 -12 12 21 14 15 17 -18 -19 -20 -21 -22 24 -24 -25 -26 -27 27 -29 -30 -31
leaf_value=-0.047097468018199577 -0.030557786266647964 0.064950992340630065 0.78044047849765208 0.041862022817557409 -0.00046791402248574844 1.1873397074582825 0.16286974620655803 0.38300846158335367 0.055767154407382905 -0.0016546541318321947 -0.018373927382913584 0.024242615731803557 1.4281364412838407 0.04094611113249589 1.5684468720796216 0.12149660188588048 0.29056739511605245 0.76537742277841037 0.64732063441254084 0.43246729992174748 0.37933725375840349 0.83246991981809926 -0.050348495804426935 -0.050327935641011505 0.0036658764059937631 0.031760003271388455 0.065803017309046766 -0.050853791790820717 0.54676154092661755 0.22663211851640913
leaf_weight=571.03572639403865 42.901854142546654 308.59221600275487 0.24061495764180829 1.0611603711731734 5.8955006161704659 0.32295940816402424 1.1408493975177405 0.34565650345757604 4.2088708281517029 69.39498480129987 103.2909593982622 3.3364258147776109 0.16908636363223095 1.0903996671549974 0.33941949857398901 2.0116669023409495 0.29276739060878754 0.61145811481401313 0.42895740550011385 0.51710668625310052 1.1560047115199257 0.39627833897247144 0.3792343745008111 0.1531054712831974 52.351031657308347 8.4768133233301324 0.85711576044559501 1.0319252880290148 0.50182981928810477 1.0737306266091762
leaf_count=116197 6641 12196 22 30 521 22 53 26 326 7492 17147 418 24 101 21 118 22 35 26 33 27 37 57 24 5895 748 72 87 38 46
internal_value=-0.00429727 0.046548 0.0182501 0.0110953 0.115558 0.198906 0.387773 0.771522 0.130096 0.0235016 -0.0426977 0.0204638 0.0416561 0.213663 0.346026 0.436317 0.976658 0.324395 0.213914 0.0969849 0.217818 0.0199639 0.306061 0.725571 0.0168094 0.077896 0.218214 0.116403 0.243411 0.0345208
internal_weight=1183.61 509.279 200.687 186.942 13.7453 6.77606 1.80947 0.668616 4.96659 144.04 674.327 141.822 72.4275 8.11109 4.77467 3.68427 0.632187 3.05208 2.44062 4.72598 2.21717 64.3164 0.701426 0.322192 63.615 11.264 2.78715 2.39087 1.35895 6.96923
internal_count=168502 35158 22962 21913 1049 482 101 48 381 15272 133344 15215 7723 741 323 222 43 179 144 359 57 6982 105 48 6877 982 234 197 110 567
is_linear=0
shrinkage=0.05


Tree=9
num_leaves=31
num_cat=0
split_feature=11 10 11 6 7 14 13 28 25 13 14 3 29 4 13 27 14 2 2 8 15 28 4 10 8 28 29 6 29 12
split_gain=833.74 91.3735 29.0712 28.0974 34.635 26.4813 39.3897 39.2982 24.31 29.2523 45.3377 60.4243 46.9079 24.0923 23.0564 22.7977 23.79 19.4889 19.4135 19.3117 29.7457 35.1444 27.9309 35.1335 23.4848 22.1159 21.3836 33.1926 20.8034 19.6102
threshold=0.0032415184866798068 0.0026498901942841606 0.0023645599068599101 0.0023873507633845434 0.0026565787466115692 32.500000000000007 369.50000000000006 0.0019442406018637056 1.0000000180025095e-35 274.50000000000006 124.50000000000001 0.0066686894390376459 0.074120350318987796 0.0081908156805051251 262.50000000000006 190825.50000000003 51.500000000000007 -0.059981517630358132 -0.019915316332288765 0.86095082423584413 0.32999999691522613 0.0017725678355599611 0.0066666666666668024 0.0095093440912640964 0.89576616521399932 0.020560889530049292 0.40774555025329112 0.0035752561061978961 -0.49491136783115236 4.0074632142857158
decision_type=2 2 2 2 2 2 2 2 2 2 2 2 2 2 2 2 2 2 2 2 2 2 2 2 2 2 2 2 2 2
left_child=2 13 -1 4 17 6 7 -6 9 10 11 -7 -13 14 -2 -16 -17 -3 -15 25 21 24 -23 -24 26 -5 27 -21 -27 -26
right_child=1 3 -4 19 5 8 -8 -9 -10 -11 -12 12 -14 18 15 16 -18 -19 -20 20 -22 22 23 -25 29 28 -28 -29 -30 -31
leaf_value=-0.046935487772928573 -0.032983567373843295 0.077753678931373554 -0.017783205689952859 0.040177927567086553 0.096319663550247181 -0.0029039537066574274 0.01145539388944572 0.60037420208143288 -0.010377629138087768 0.037188619374601148 0.089424485900748599 0.79697589230579369 0.25893508239705654 0.30627124592581295 0.0087581854211877339 0.56100285007952677 0.10423665268126373 0.028709285748585979 0.055986260387522829 0.17313188884134692 0.061852973505987202 0.60580250830920068 -0.00034228295115089005 0.45663568384993325 0.088888029697440793 0.35485434304007618 0.035950925507381604 0.70351943098069691 0.10016161932080758 0.28700251492175455
leaf_weight=545.0139415091835 45.87084228079766 22.496470736339688 101.43407109100372 52.434538966510445 0.66990346368402176 1.0057161636650556 1.2450601225718854 0.91463693231344223 9.1523686330765468 28.303234628401697 38.483703162521124 0.7064165538176892 0.94969354849308729 0.9741592640057205 41.076388101559132 0.32671959279105012 2.2360601709224284 203.36351518705487 3.7853510528802863 0.6658870643004835 41.582675044424832 0.60842115618288461 0.9103459548205135 0.78182141482830048 23.82626891229302 0.98167223762720812 0.570116692688316 0.52958056516945362 4.3745189430192104 1.3181820288300503
leaf_count=116197 6801 507 17147 1793 25 50 47 25 242 1135 1361 28 27 38 5277 24 161 14945 126 28 1542 37 36 15 690 31 23 19 100 25
internal_value=-0.00424563 0.0422318 -0.0423612 0.0518854 0.0436735 0.0716297 0.221908 0.387273 0.0662198 0.0763142 0.103228 0.302794 0.488437 -0.00240348 -0.00823214 0.017785 0.162468 0.0335943 0.107214 0.0715101 0.0890174 0.127687 0.315258 0.210792 0.111651 0.0500638 0.287923 0.408088 0.146841 0.0992741
internal_weight=1176.59 530.144 646.448 435.875 307.291 81.4307 2.8296 1.58454 78.6011 69.4488 41.1455 2.66183 1.65611 94.2695 89.51 43.6392 2.56278 225.86 4.75951 128.584 70.7933 29.2106 2.30059 1.69217 26.91 57.7907 1.76558 1.19547 5.35619 25.1445
internal_count=168502 35158 133344 22731 18392 2940 97 50 2843 2601 1466 105 55 12427 12263 5462 185 15452 164 4339 2415 873 88 51 785 1924 70 47 131 715
is_linear=0
shrinkage=0.05


Tree=10
num_leaves=31
num_cat=0
split_feature=11 4 11 28 4 12 10 12 13 11 13 13 11 10 1 12 12 13 11 6 27 7 18 12 7 6 12 18 11 10
split_gain=753.659 90.4628 42.119 34.0182 32.468 21.9998 39.5123 21.1791 53.1968 20.0911 22.4989 61.738 39.8188 55.8697 58.2642 45.5736 19.6609 18.3951 36.2213 63.7269 17.8077 16.8229 31.9894 21.2201 31.9837 21.4401 18.827 29.1603 29.6679 23.2127
threshold=0.0035453934029950197 0.0033940573046056383 0.0023645599068599101 -0.011834581390149231 0.0081908156805051251 0.76477142857142721 0.033366494416393999 2.7133178571428673 308.50000000000006 0.016781865870529846 263.50000000000006 268.50000000000006 0.005158586483666708 0.0044410646700477003 0.0061182483471216029 0.84307142857143058 0.12330714285714275 246.50000000000003 0.0013219544252413605 0.0012725830865155279 0.12949711932458871 0.0028910690822365605 0.0042193993919608366 1.7797535714285737 0.0036589607619896083 8.6495838398969964e-05 1.1320178571428567 0.0021967257260643801 0.0059807803746188886 0.0044410646700477003
decision_type=2 2 2 2 2 2 2 2 2 2 2 2 2 2 2 2 2 2 2 2 2 2 2 2 2 2 2 2 2 2
left_child=2 -2 7 5 9 16 21 17 -9 10 -5 12 -12 14 15 -14 -3 18 19 -1 -20 26 23 25 -25 -23 27 28 -7 -30
right_child=1 3 -4 4 -6 6 -8 8 -10 -11 11 -13 13 -15 -16 -17 -18 -19 20 -21 -22 22 -24 24 -26 -27 -28 -29 29 -31
leaf_value=-0.050241873931452345 -0.012019680269583548 0.31388077657987973 -0.013682156344418911 0.0021943972452702024 0.059881200755918074 -0.051100656304963882 0.022792633529931612 -0.050643587094644629 0.88756549721867728 0.066889496587114239 0.062370280762490085 0.022126329465875515 0.34721303711542684 0.037430811595484052 0.073945748423847213 0.81385547567830574 0.043787548244545817 -0.047039024008220444 0.45862478675555007 1.4077191864617196 -0.050289265033892611 0.30777788534045558 0.45174886172154127 0.44950102332486042 0.13934507847183714 0.055243816080019874 0.073220454806521285 0.029197852156037804 0.3953612241775431 0.18508165225485951
leaf_weight=0.16524219000711937 70.005677764303982 0.6826699385419478 124.14381532976404 79.992051373235881 133.3920796951279 1.0632215538062135 16.482628740370274 0.51857192208990355 0.21320416452363133 28.492701061535627 6.9664243129082006 78.551012177020311 1.4910985189490027 2.076932399533689 1.1418140362948177 0.80606703180819739 51.711533330380917 517.67969260504469 0.19649862078949798 0.13716427702456713 1.3727456177584825 0.97186408331617347 0.89126017130911428 1.1962763080373409 2.7237212564796209 6.2170225623995066 27.846488532610238 3.6949872272089115 1.6747383223846553 6.0663486402481794
leaf_count=35 9999 28 20520 6623 3970 62 186 59 30 1260 450 5961 40 51 26 31 1758 115783 36 23 250 31 21 38 63 154 787 76 80 152
internal_value=-0.00363748 0.0408866 -0.0398507 0.0490422 0.0407844 0.0717202 0.0903045 -0.0460947 0.222705 0.0280168 0.0215407 0.0385405 0.141834 0.242195 0.365859 0.510956 0.0473067 -0.0464733 0.109995 0.611054 0.0134363 0.111563 0.163536 0.140413 0.233996 0.0893838 0.0961038 0.147084 0.196559 0.230574
internal_weight=1168.57 524.139 644.427 454.133 332.91 121.223 68.8286 520.283 0.731776 199.518 171.025 91.0333 12.4823 5.51591 3.43898 2.29717 52.3942 519.551 1.87165 0.302406 1.56924 52.3459 12.0001 11.1089 3.92 7.18889 40.3458 12.4993 8.80431 7.74109
internal_count=168583 31847 136736 21848 18412 3436 1650 116216 89 14442 13182 6559 598 148 97 71 1786 116127 344 58 286 1464 307 286 101 185 1157 370 294 232
is_linear=0
shrinkage=0.05


Tree=11
num_leaves=31
num_cat=0
split_feature=4 10 4 28 28 10 6 12 8 12 14 10 9 16 10 14 10 9 28 2 15 10 15 10 28 2 15 14 14 28
split_gain=659.728 59.3257 49.2834 39.8303 21.4168 33.8094 21.189 20.7132 18.0956 18.5905 37.4354 16.2476 16.1845 18.9957 21.613 34.8948 32.3634 21.2392 19.9324 43.8903 41.504 16.7893 15.9032 20.5683 15.8228 14.9682 18.2694 14.6352 16.4518 20.2903
threshold=0.0038066894441621357 0.0026498901942841606 0.0056560816714483026 -0.011834581390149231 -0.011834581390149231 0.0027816558241301192 0.00051403843920453296 1.5939178571428527 1.4268752729046645 0.059999999999999491 121.50000000000001 0.0063413917269394098 0.7037657555874951 1.0000000180025095e-35 0.0035655789788833856 138.50000000000003 0.0056406128388295411 0.6294350207966749 -0.0015525941494338258 -0.0014787038213172619 0.52250646454527205 0.0033707928387008194 0.83333330555558427 0.0095093440912640964 0.01436356942251398 0.020647748972243089 0.90588561321796657 121.50000000000001 125.50000000000001 0.0030074643630700966
decision_type=2 2 2 2 2 2 2 2 2 2 2 2 2 2 2 2 2 2 2 2 2 2 2 2 2 2 2 2 2 2
left_child=1 -1 3 -2 5 -3 11 12 9 10 -5 -4 13 14 18 17 -17 -16 21 20 -20 -8 23 -19 -11 -26 -27 -21 -29 -30
right_child=2 4 6 8 -6 -7 7 -9 -10 24 -12 -13 -14 -15 15 16 -18 22 19 27 -22 -23 -24 -25 25 26 -28 28 29 -31
leaf_value=-0.043606591073700303 0.081237121663099793 0.59696405973406852 0.0055724359903593047 -0.050233193371075291 -0.0051017379574223101 0.062366551338641031 0.012152360864706134 0.076026013119131347 -0.040111808774823163 0.0051767146959001906 0.99925353245169524 0.049073954589838258 0.039335331589373683 -0.027328643058903979 0.016290714846635721 0.54112865558169365 0.13602355488219536 0.058073685370427189 1.0087256842692318 0.062614880472794676 0.23004083690101151 0.32265967766432757 0.34096923615040942 0.31026934144244045 -0.021921040190186463 0.15637189409211477 -0.0017847182587267616 0.54339278819538828 0.46873191649139373 0.018413675639314658
leaf_weight=557.94399105198681 19.531415434554219 0.30879181157797475 45.732202637009323 0.20985716301947732 68.194696365389973 7.0022293105721474 2.3767425655387346 79.100512143224478 19.176602980587631 107.9407664090395 0.14278325997292995 40.449436786584556 167.87647153483704 3.9572646007873109 15.939340762794023 0.67398747010156457 1.8360813325271008 5.5565196746028951 0.33021754072979126 1.680204541422426 0.35518125118687749 0.53295983653515566 0.72949421405792225 0.94613035675138224 3.3721767687238744 5.436448759865014 2.7493917499668896 0.41897306125611056 0.38388390373438575 0.71800744766369462
leaf_count=125721 1060 32 3029 46 10073 443 166 2142 2949 13041 13 1198 6733 206 502 30 52 197 23 105 22 20 15 14 256 256 162 15 22 40
internal_value=-0.00357056 -0.0379776 0.0376961 0.0143773 0.00361736 0.0849461 0.0477002 0.0543019 0.00498449 0.0122 0.374701 0.0259899 0.0458913 0.0760984 0.0887005 0.0677181 0.2448 0.0485356 0.16799 0.24208 0.605203 0.0690269 0.119602 0.094768 0.0111303 0.0667311 0.103252 0.16433 0.276702 0.175298
internal_weight=1161.6 633.45 528.153 158.559 75.5057 7.31102 369.594 283.412 139.028 119.851 0.35264 86.1816 204.311 36.435 32.4777 25.6816 2.51007 23.1715 6.79617 3.88647 0.685399 2.9097 7.23214 6.50265 119.499 11.558 8.18584 3.20107 1.52086 1.10189
internal_count=168583 136269 32314 17783 10548 475 14531 10304 16723 13774 59 4227 8162 1429 1223 810 82 728 413 227 45 186 226 211 13715 674 418 182 77 62
is_linear=0
shrinkage=0.05


Tree=12
num_leaves=31
num_cat=0
split_feature=11 4 11 11 14 9 12 14 11 6 6 2 28 0 12 0 3 2 2 9 28 11 12 12 7 10 9 27 7 12
split_gain=633.251 66.6034 30.2611 25.2007 22.229 25.0802 22.2162 22.0867 21.6383 21.4595 23.7347 21.9878 26.7888 26.5738 33.3662 23.0329 20.9662 20.4991 20.8202 23.7576 19.5027 20.6852 19.5908 23.4879 19.422 22.5353 65.0361 19.2198 23.4493 18.8829
threshold=0.0032415184866798068 0.0033940573046056383 0.0021303748115253877 0.010263425836762591 126.50000000000001 1.2288816654433405 0.12163021428571548 121.50000000000001 0.005158586483666708 0.0002065802702462026 0.0002405605060031086 -0.0027950854306826307 0.026046015719122736 -0.0018895770342894356 3.1687178571428531 -0.0063518331722937074 -0.11195055061307689 0.013862852656962967 -0.0056341413144537214 0.68126045413022762 -0.011082928360451237 0.0058200691578317648 0.53469285714285786 1.0686535714285708 0.0024706654707941783 0.0012151486733783059 0.9539636163705435 190825.50000000003 0.0034050026682976588 2.7133178571428673
decision_type=2 2 2 2 2 2 2 2 2 2 2 2 2 2 2 2 2 2 2 2 2 2 2 2 2 2 2 2 2 2
left_child=2 16 -1 4 5 7 -5 9 -9 -3 -11 13 24 14 15 -12 -2 18 -10 -20 21 -6 -23 -24 25 26 -13 -22 -29 -4
right_child=1 3 29 6 20 -7 -8 8 17 10 11 12 -14 -15 -16 -17 -18 -19 19 -21 27 22 23 -25 -26 -27 -28 28 -30 -31
leaf_value=-0.0469330504341171 0.29163417405423603 -0.0072782506417370264 -0.021928040700356186 0.3515259369588144 -0.051251759142865783 0.0048645156265016082 0.05097351471740328 0.046324218591385552 0.070559316613494849 0.27096324940661742 0.0057098908201741825 -0.050438522566134805 0.15715072868742419 0.04304950480092587 0.58033978378232043 0.14860402608614653 -0.012324191016599644 0.038042254887234041 0.17376310878013637 0.41047317961506941 -0.0055768614400760084 0.0078786272955006544 0.17972083691513874 0.035482059887652927 0.071311114426331104 -0.0069047212351071446 1.1314057741883574 0.056915076047936067 0.44201731959307966 0.1391557277381138
leaf_weight=442.63495622389019 0.57159531163051625 17.797211655881256 130.48443458601832 0.6164359743706872 3.9885706100612905 37.652370950672776 239.07646180316806 8.5982780237682181 2.0076431762427092 1.2295590802095819 3.6703871050849566 0.37349221110343833 3.7159992186352602 22.693673264235258 0.39568747114390213 12.172701542265711 75.947459460236132 2.5900056688115001 2.7724398681893927 1.7161618135869501 74.940157403238118 6.8936501829884973 6.2568352851085347 5.1418556836433709 12.384750749450175 33.691474706400186 0.16911279130727053 1.8291221112012856 0.50427075568586577 1.8450322174467135
leaf_count=108137 27 1335 25017 21 229 2173 7158 547 64 77 103 48 66 1345 17 700 11394 50 59 39 5753 268 248 185 562 2565 16 117 13 250
internal_value=-0.00348585 0.033405 -0.0406612 0.0400178 0.0293361 0.0406704 0.0517465 0.0513721 0.10318 0.0429118 0.0527823 0.0497771 0.027953 0.0779929 0.126826 0.1155 -0.0100536 0.156982 0.204402 0.264266 0.0107066 0.0519197 0.0744158 0.114656 0.0176546 -0.00175654 0.317905 -0.00117673 0.14014 -0.0196821
internal_weight=1154.36 579.397 574.964 502.878 263.185 163.631 239.693 125.979 17.6845 108.294 90.4968 89.2673 50.3348 38.9324 16.2388 15.8431 76.5191 9.08625 6.49624 4.4886 99.5545 22.2809 18.2923 11.3987 46.6188 34.2341 0.542605 77.2736 2.33339 132.329
internal_count=168583 35179 133404 23758 16579 9766 7179 7593 759 6834 5499 5422 3257 2165 820 803 11421 212 162 98 6813 930 701 433 3191 2629 64 5883 130 25267
is_linear=0
shrinkage=0.05


Tree=13
num_leaves=31
num_cat=0
split_feature=11 10 11 6 11 9 8 4 11 13 4 2 11 28 9 28 13 10 28 8 18 4 30 11 7 7 13 9 27 28
split_gain=578.822 58.206 30.4443 26.3085 22.7812 20.9928 19.5175 19.5334 46.4049 19.3344 18.4646 17.9639 18.0446 17.2704 16.7625 28.4603 18.2381 25.6786 33.3419 26.7578 15.7417 15.3252 19.9113 19.4484 20.7307 15.2294 19.7706 15.3371 14.697 23.9327
threshold=0.0032415184866798068 0.0030571805296651044 0.0021303748115253877 0.0011558531042957637 0.010263425836762591 0.14408547360455939 0.57515277575342949 0.00062268933273685288 0.0059807803746188886 246.50000000000003 0.0081908156805051251 0.079134314143225373 0.0084129121511978319 -0.021168014926274511 0.89608762892770188 0.020560889530049292 263.50000000000006 0.0035655789788833856 -0.0099287400240802084 0.91576232176655281 0.006996050678336775 0.0063197213131844952 -0.058982580577056125 0.0058200691578317648 0.001838954421259587 0.0016633092467194311 334.50000000000006 0.6294350207966749 0.33026835118504155 -0.00020784807435544935
decision_type=2 2 2 2 2 2 2 2 2 2 2 2 2 2 2 2 2 2 2 2 2 2 2 2 2 2 2 2 2 2
left_child=2 3 9 -2 6 -6 7 8 -3 28 11 12 13 -5 15 16 -8 18 19 -18 25 -20 -23 24 -24 27 -27 -19 29 -1
right_child=1 4 -4 10 5 -7 14 -9 -10 -11 -12 -13 -14 -15 -16 -17 17 20 21 -21 -22 22 23 -25 -26 26 -28 -29 -30 -31
leaf_value=0.52782088899764901 -0.017283224302555883 -0.050540113502929411 -0.019081372070960709 0.38856754620055728 0.33805253381408379 0.049234791022665828 -0.0040428628469552598 -0.0098762517100485312 0.85429075133417021 -0.047464003903970965 0.11088108320790352 0.29578330982922324 -0.035423843186869509 0.030918076481559642 0.02162935884644103 0.16155714494339346 0.16799701430338015 -0.033849287891729113 0.05340735432915359 0.59405074456916218 0.30397626942017608 -0.051311798056664241 0.2113062922777138 0.10225221283898736 0.65332210323886009 0.037357727774755649 0.1403387425552079 0.04336191890847417 -0.0029565602680811983 -0.050475021256958734
leaf_weight=0.43220174335874617 77.637884570751339 0.39501893147826095 129.79932637000456 0.34126452729105849 0.63085838174447317 234.11529842438176 15.975773477461187 36.734092411119491 0.22096227062866092 420.71718523674645 6.0622055483981958 0.5741283162496974 12.918327272403983 30.939716918393973 111.5450885030441 5.4695810484699896 0.91023198887705692 10.906916730105879 7.446246793959288 0.6192196044139564 0.559676812030374 0.62592690531164441 0.56957747507840373 0.90778393018990744 0.49648861493915319 15.871160157024862 6.5982465208508065 15.674872991628943 1.0471450502518562 0.30527686839923163
leaf_count=52 10932 49 25267 20 20 6239 1201 2686 22 107872 199 23 1176 3148 6099 124 46 683 628 32 18 32 30 21 24 598 192 937 167 46
internal_value=-0.0034029 0.0308245 -0.0402607 0.00102552 0.0390351 0.050011 0.0279066 -0.00519392 0.274037 -0.0467674 0.0289873 0.017899 0.0142895 0.0348199 0.0342735 0.0513419 0.0435294 0.0559505 0.123008 0.340491 0.0403043 0.0898975 0.194412 0.272333 0.417162 0.0372958 0.0675986 0.011681 0.117459 0.288437
internal_weight=1147.05 594.747 552.301 128.474 466.273 234.746 231.527 37.3501 0.615981 422.502 50.8356 44.7734 44.1993 31.281 194.177 82.6317 77.1621 61.1863 11.5755 1.52945 49.6109 10.046 2.59978 1.97385 1.06607 49.0512 22.4694 26.5818 1.78462 0.737479
internal_count=168583 35179 133404 15498 19681 6259 13422 2757 71 108137 4566 4367 4344 3168 10665 4566 4442 3241 813 78 2428 735 107 75 54 2410 790 1620 265 98
is_linear=0
shrinkage=0.05


Tree=14
num_leaves=31
num_cat=0
split_feature=11 4 11 28 4 11 28 13 12 3 12 0 4 11 11 27 9 2 28 3 1 11 3 27 9 27 12 14 4 0
split_gain=531.801 58.1472 20.9286 19.2038 19.689 18.1666 17.378 16.6103 16.3127 34.054 14.6795 14.8001 16.1602 15.5208 21.9877 17.4097 13.8175 19.6459 13.0364 12.7938 46.7206 12.7085 23.7488 15.4098 24.8274 12.6926 17.4668 18.0857 23.7463 47.9827
threshold=0.0029581991123976904 0.0038066894441621357 0.0021303748115253877 -0.015561585367405661 0.0085976907663178701 0.016781865870529846 -0.011834581390149231 246.50000000000003 2.7133178571428673 0.018543224334411249 0.54199999999999771 0.0012237156090015857 0.0028753557141136588 0.0041385188079535963 0.0068154768708823159 0.58292913862789875 1.0567664149870264 -0.059981517630358132 0.026046015719122736 -0.00015564202711659811 -0.0011868123599915179 0.01820966785462624 -0.082137100028151985 0.5270025898105849 1.1473837874103696 0.22849290419475096 3.1687178571428531 123.50000000000001 0.0041921129325509275 -0.00084174770070211114
decision_type=2 2 2 2 2 2 2 2 2 2 2 2 2 2 2 2 2 2 2 2 2 2 2 2 2 2 2 2 2 2
left_child=2 6 7 -3 5 16 10 19 -4 -10 -2 12 -12 -14 -15 -16 17 -5 -8 20 -1 22 -7 24 -24 26 27 28 29 -19
right_child=1 3 8 4 -6 21 18 -9 9 -11 11 -13 13 14 15 -17 -18 25 -20 -21 -22 -23 23 -25 -26 -27 -28 -29 -30 -31
leaf_value=0.028249976839968539 -0.008158541599131262 0.053034809034208034 -0.023923345865730777 0.33075868360311272 0.043292752449114666 0.39747971447198649 -0.01418238787946414 -0.047323032593828286 0.026391193515791247 0.61846223578139936 0.033393787711134042 -0.052864120830555951 -0.050876402244098631 0.51339015786080588 0.012127856281239212 0.3492744539221273 -0.0010186906000065803 0.046340620201127204 0.12772588493893089 -0.0094062115340010286 0.8821895120482971 0.039197714532514166 0.39187331509580459 0.0342091295123911 0.0089390356934744442 0.018819359293124949 0.44731912568926663 -0.018692030216804864 0.076899098197058313 0.80510791699681072
leaf_weight=0.63404292543418705 4.6551238666288537 108.06941094715148 102.51415199111216 0.5232993932440867 157.20884496765211 0.66882910300046194 99.14437434123829 401.36108838696964 1.2990719284862269 0.29870584327727545 1.6947123152203856 1.0792542723938821 0.41230657417327199 0.70795398578047786 0.7855079756118355 0.74708143994212151 81.864710190799087 0.51375445490702987 1.6452405564486969 1.206907114945351 0.21431639534421298 31.886008707806468 0.89869775669649132 4.3974680686369538 0.80012370087206364 122.23596764774993 0.30096789076924402 4.4901659474708149 7.3011599574238062 0.35050793923437051
leaf_count=85 391 2265 21161 27 3981 37 15402 107872 156 26 101 53 37 39 45 34 5835 48 50 163 17 1009 34 204 28 8646 18 334 450 35
internal_value=-0.00331759 0.0272774 -0.041439 0.0342681 0.0293627 0.020816 -0.00560524 -0.046597 -0.0214525 0.137079 0.0569834 0.112862 0.154003 0.231051 0.282931 0.176475 0.0152047 0.0249908 -0.0118659 0.0951833 0.243976 0.0524038 0.114648 0.0836183 0.211516 0.0238072 0.0708642 0.0619115 0.106235 0.354064
internal_weight=1139.91 632.381 507.528 521.51 413.441 256.232 110.872 403.416 104.112 1.59778 10.0819 5.42682 4.34756 2.65285 2.24054 1.53259 217.581 135.716 100.79 2.05527 0.848359 38.6511 6.76512 6.09629 1.69882 135.193 12.9566 12.6556 8.16542 0.864262
internal_count=168583 39103 129480 22951 20686 16705 16152 108137 21343 182 700 309 256 155 118 79 15393 9558 15452 265 102 1312 303 266 62 9531 885 867 533 83
is_linear=0
shrinkage=0.05


Tree=15
num_leaves=31
num_cat=0
split_feature=4 10 28 4 12 12 15 15 15 8 4 27 4 28 15 4 8 12 7 7 0 0 13 0 9 4 10 9 9 1
split_gain=450.213 54.83 32.4953 27.7345 18.072 29.5931 36.5506 47.8752 23.2883 18.7258 21.8353 18.6149 16.8602 16.8304 16.4918 16.2971 20.9214 42.3486 28.9022 15.0345 17.5509 18.7315 14.2486 13.9642 12.9391 17.5043 20.1551 12.5376 12.1118 20.7658
threshold=0.0037268427647260418 0.0028877656242596956 -0.015561585367405661 0.0053391325883259374 1.2517499999999953 1.3440301428571402 0.39799992040002058 0.68965516052320719 0.90243901448543651 0.12442630487557306 0.00051868254653877064 190825.50000000003 0.0021570645162390092 0.015740468920111595 0.89265535714513833 0.0064910711896455425 0.6255849383468769 0.73810357142856742 0.0015220700152207805 4.5588214460282735e-05 0.00065670795922734293 -1.0000000180025095e-35 369.50000000000006 0.00019790550017750877 1.1999925241224776 0.0061716975318415095 0.012978667441148216 1.6964191094723076 0.88629179765529364 0.016970089876382492
decision_type=2 2 2 2 2 2 2 2 2 2 2 2 2 2 2 2 2 2 2 2 2 2 2 2 2 2 2 2 2 2
left_child=1 12 15 13 9 6 -6 -8 -9 10 -3 -11 -1 -4 19 16 17 -2 -19 -15 21 -21 28 -12 25 26 -18 -17 -5 -30
right_child=2 4 3 22 5 -7 7 8 -10 11 23 -13 -14 14 -16 27 24 18 -20 20 -22 -23 -24 -25 -26 -27 -28 -29 29 -31
leaf_value=-0.04719687004817192 0.044631675695811612 -0.0013895833190689724 -0.0014513541998825835 0.043643664869252724 -0.051666167752384133 0.042681576471959103 1.1988306986691029 -0.050657123018742194 0.66244268043065713 -0.0085154281649861985 0.11736298497877828 0.49738146719440968 -0.027047414023271533 0.40852842380293897 -0.013146031222247301 0.02530119139495704 0.044116487857794442 0.17766522700189202 0.48972614418211508 0.10422064779090406 -0.052222822808015039 0.40115920340958811 -0.05153765608835096 0.56904688781880186 0.019549105217582102 0.26576701944310382 0.30432860187663319 0.06364821751310723 0.013091066075953745 0.046378658778168561
leaf_weight=333.89646852412261 3.5516312778927412 0.83897868543863185 129.4413228079211 120.11449468228966 0.40178353199735084 7.4730934223625809 0.20012456015683711 0.2522660531103611 0.2096378062851727 47.359247299376875 0.29787603043951094 0.18253515940159459 150.66573477000929 0.43489182228222301 3.5168029372580349 50.148987608030438 6.6965097999200243 1.947762484662235 1.1985571030527351 2.7487881076522171 1.3361342218704519 0.6582944514229897 5.3208974243607363 0.40209889365360141 9.5977145223878306 1.3964278665371237 0.83720107749104489 37.072740881238133 145.44211211218499 69.116044089663774
leaf_count=91800 92 44 16259 4784 37 787 27 31 13 6462 38 22 35706 25 220 914 253 42 33 103 77 28 366 29 261 34 14 714 7296 2010
internal_value=-0.00255029 -0.0354489 0.0276523 0.0219645 0.0106621 0.077805 0.324541 0.552861 0.272987 -0.00101644 0.17064 -0.00657305 -0.0409318 0.00307199 0.0704111 0.0518369 0.0872318 0.162965 0.296542 0.12716 0.101363 0.161593 0.0296403 0.376832 0.0598538 0.103171 0.0730332 0.0416002 0.0309309 0.0238141
internal_weight=1132.76 542.18 590.577 478.13 57.6176 8.53691 1.06381 0.662028 0.461904 49.0807 1.53895 47.5418 484.562 138.136 8.69491 112.448 25.2258 6.69795 3.14632 5.17811 4.74322 3.40708 339.994 0.699975 18.5279 8.93014 7.53371 87.2217 334.673 214.558
internal_count=168521 134996 33525 31168 7490 895 108 71 44 6595 111 6484 127506 16712 453 2357 729 167 75 233 208 131 14456 67 562 301 267 1628 14090 9306
is_linear=0
shrinkage=0.05


end of trees

feature_importances:
volatility_20=53
atr=46
distance_from_vwap=41
range_pct=35
volatility_5=31
time_since_open=31
returns_10=24
lower_wick=24
volume_ratio_20=23
pressure_ratio=23
price_position=22
volume_ratio=17
upper_wick=16
time_to_close=16
volume_momentum=15
returns_20=14
returns=13
returns_5=12
body_pct=9
pv_divergence=7
fvg_size_pct=5
fvg_up=1
liquidity_grab_high=1
bos_up=1

parameters:
[boosting: gbdt]
[objective: binary]
[metric: auc]
[tree_learner: serial]
[device_type: cpu]
[data_sample_strategy: bagging]
[data: ]
[valid: ]
[num_iterations: 500]
[learning_rate: 0.05]
[num_leaves: 31]
[num_threads: 0]
[seed: 0]
[deterministic: 0]
[force_col_wise: 0]
[force_row_wise: 0]
[histogram_pool_size: -1]
[max_depth: -1]
[min_data_in_leaf: 20]
[min_sum_hessian_in_leaf: 0.001]
[bagging_fraction: 0.8]
[pos_bagging_fraction: 1]
[neg_bagging_fraction: 1]
[bagging_freq: 5]
[bagging_seed: 3]
[bagging_by_query: 0]
[feature_fraction: 0.8]
[feature_fraction_bynode: 1]
[feature_fraction_seed: 2]
[extra_trees: 0]
[extra_seed: 6]
[early_stopping_round: 0]
[early_stopping_min_delta: 0]
[first_metric_only: 0]
[max_delta_step: 0]
[lambda_l1: 0]
[lambda_l2: 0]
[linear_lambda: 0]
[min_gain_to_split: 0]
[drop_rate: 0.1]
[max_drop: 50]
[skip_drop: 0.5]
[xgboost_dart_mode: 0]
[uniform_drop: 0]
[drop_seed: 4]
[top_rate: 0.2]
[other_rate: 0.1]
[min_data_per_group: 100]
[max_cat_threshold: 32]
[cat_l2: 10]
[cat_smooth: 10]
[max_cat_to_onehot: 4]
[top_k: 20]
[monotone_constraints: ]
[monotone_constraints_method: basic]
[monotone_penalty: 0]
[feature_contri: ]
[forcedsplits_filename: ]
[refit_decay_rate: 0.9]
[cegb_tradeoff: 1]
[cegb_penalty_split: 0]
[cegb_penalty_feature_lazy: ]
[cegb_penalty_feature_coupled: ]
[path_smooth: 0]
[interaction_constraints: ]
[verbosity: -1]
[saved_feature_importance_type: 0]
[use_quantized_grad: 0]
[num_grad_quant_bins: 4]
[quant_train_renew_leaf: 0]
[stochastic_rounding: 1]
[linear_tree: 0]
[max_bin: 255]
[max_bin_by_feature: ]
[min_data_in_bin: 3]
[bin_construct_sample_cnt: 200000]
[data_random_seed: 1]
[is_enable_sparse: 1]
[enable_bundle: 1]
[use_missing: 1]
[zero_as_missing: 0]
[feature_pre_filter: 1]
[pre_partition: 0]
[two_round: 0]
[header: 0]
[label_column: ]
[weight_column: ]
[group_column: ]
[ignore_column: ]
[categorical_feature: ]
[forcedbins_filename: ]
[precise_float_parser: 0]
[parser_config_file: ]
[objective_seed: 5]
[num_class: 1]
[is_unbalance: 0]
[scale_pos_weight: 1]
[sigmoid: 1]
[boost_from_average: 1]
[reg_sqrt: 0]
[alpha: 0.9]
[fair_c: 1]
[poisson_max_delta_step: 0.7]
[tweedie_variance_power: 1.5]
[lambdarank_truncation_level: 30]
[lambdarank_norm: 1]
[label_gain: ]
[lambdarank_position_bias_regularization: 0]
[eval_at: ]
[multi_error_top_k: 1]
[auc_mu_weights: ]
[num_machines: 1]
[local_listen_port: 12400]
[time_out: 120]
[machine_list_filename: ]
[machines: ]
[gpu_platform_id: -1]
[gpu_device_id: -1]
[gpu_use_dp: 0]
[num_gpu: 1]

end of parameters

pandas_categorical:[]
