tree
version=v4
num_class=1
num_tree_per_iteration=1
label_index=0
max_feature_idx=30
objective=binary sigmoid:1
feature_names=returns returns_5 returns_10 returns_20 range_pct body_pct upper_wick lower_wick volume_ratio volume_ratio_20 volatility_5 volatility_20 atr time_since_open time_to_close price_position fvg_up fvg_down fvg_size_pct displacement_up displacement_down order_block_bull order_block_bear liquidity_grab_high liquidity_grab_low bos_up bos_down pressure_ratio distance_from_vwap volume_momentum pv_divergence
feature_infos=[-0.072086870962801752:0.04917557251908411] [-0.32847601700060713:0.29123073625966844] [-0.34194528875379937:0.27672955974842761] [-0.34367553824668906:0.32974176615841388] [0:0.10313391280727956] [0:0.077684829301379155] [0:0.032373663751214851] [0:0.097650414233328847] [0.0077067097235578794:4.8220924587569751] [0.0052960025901097694:17.417879820534836] [2.0326042883284517e-05:0.13627564269911535] [0.00011583433358019584:0.067735810268135868] [0.0099999999999997868:16.689607142857149] [241:383] [7:149] [0:0.99999999973781772] [0:1] [0:1] [0:0.074971738638932917] [0:1] [0:1] [0:1] [0:1] [0:1] [0:1] [0:1] [0:1] [0:18207692] [-0.15811310058997513:0.22592121730524209] [-0.99903813714441581:709.92562929061785] [-709.84769406794578:1.0088510033997924]
tree_sizes=3375 3400 3403 3403 3436 3423 3432 3423 3448 3443 3430 3465 3447 3450 3432 3445

Tree=0
num_leaves=31
num_cat=0
split_feature=4 11 10 28 4 11 28 13 3 12 12 14 10 29 13 12 6 13 14 15 29 7 12 29 7 2 3 11 28 12
split_gain=5352.84 2183.61 694.367 573.366 568.422 449.581 360.795 285.661 478.489 378.836 316.662 228.428 225.01 322.781 270.304 340.208 230.506 224.711 385.257 212.84 422.965 377.849 227.781 209.187 324.748 199.316 358.883 194.171 218.028 286.005
threshold=0.0069975725242477716 0.017239920400549516 0.0033244019741635812 -0.022482296886651713 0.017615169872207747 0.0047132206142882519 -0.016830891834212724 254.50000000000003 -0.04655787419472051 1.0329759285714257 0.82832499999999964 65.500000000000014 0.0065100097094843963 13.387369230800079 243.50000000000003 1.5371428571428611 0.0018099244194051962 245.50000000000003 147.50000000000003 0.28348997670450232 10.401117459304565 0.0014011378940108536 0.55975714285714528 0.64469040040860248 0.0022154737128111607 -0.063237561646643056 -0.074712763237293464 0.0072620920805342203 0.006429242061799411 0.36828214285714017
decision_type=2 2 2 2 2 2 2 2 2 2 2 2 2 2 2 2 2 2 2 2 2 2 2 2 2 2 2 2 2 2
left_child=2 5 -1 17 7 -2 -7 8 9 -3 23 27 -11 14 -14 -16 -17 18 25 20 21 -6 -21 24 -9 26 -4 -8 29 -29
right_child=1 4 3 -5 19 6 11 10 -10 12 -12 -13 13 -15 15 16 -18 -19 -20 22 -22 -23 -24 -25 -26 -27 -28 28 -30 -31
leaf_value=-4.9193880897935252 -4.8131423710369345 -4.2548202698491986 -3.3392110533875154 -4.8011411581715135 0.48059614653859839 -4.150517877439202 -4.4134507903660491 -4.0395090400406284 -4.3709980556663997 -3.5788431530083402 -4.427434239109429 -4.617132449311506 -0.47435565344293185 -4.0682602770293217 -4.1880570978155349 -2.8562469246612241 -0.55119085574030091 -4.4050374069249436 -4.5524202583954869 -2.065941986745476 -3.715404186713565 -2.5000109867370774 -3.8863188554602579 -4.4697861729058683 -2.6087566941033908 -3.6928969052325189 0.082699563212942806 -1.4646760386089599 -4.4165925713153857 -3.816686953378273
leaf_weight=1012.3323400765657 16.148908115923405 0.66570302098989564 0.15707599371671677 101.80768335610628 0.15707599371671621 6.2157214656472197 3.6725863292813292 0.89757710695266746 1.5184012725949267 0.66570302098989476 4.966593325138092 29.171255975961685 0.22439427673816659 0.23187408596277237 0.20195484906435013 0.21691446751356125 0.21691446751356125 1.3314060419797895 0.3964298889040947 0.20943465828895547 0.41138950735330582 0.32911160588264465 0.95741558074951172 0.65074340254068364 0.71058187633752823 0.20195484906434957 0.14959618449211121 0.20195484906434991 0.48618759959936142 0.35903084278106689
leaf_count=135342 2159 89 21 13611 21 831 491 120 203 89 664 3900 30 31 27 29 29 178 53 28 55 44 128 87 95 27 20 27 65 48
internal_value=-4.88024 -4.45445 -4.90675 -4.78374 -3.87652 -4.59039 -4.5007 -4.01742 -3.67504 -3.239 -4.2042 -4.56492 -2.85429 -2.4126 -1.96629 -2.49286 -1.70372 -3.99181 -3.38393 -3.11431 -2.53546 -1.53705 -3.55958 -3.71339 -3.40732 -2.4732 -1.66999 -4.2422 -3.64161 -2.96996
internal_weight=1185.86 69.4874 1116.38 104.044 13.2318 56.2556 40.1067 11.1674 3.94186 2.42346 7.2255 33.891 1.75776 1.09205 0.860178 0.635784 0.433829 2.23646 0.905057 2.06443 0.897577 0.486188 1.16685 2.2589 1.60816 0.508627 0.306672 4.71976 1.04717 0.560986
internal_count=158542 9290 149252 13910 1769 7521 5362 1493 527 324 966 4531 235 146 115 85 58 299 121 276 120 65 156 302 215 68 41 631 140 75
is_linear=0
shrinkage=1


Tree=1
num_leaves=31
num_cat=0
split_feature=6 5 7 7 27 3 28 7 5 28 3 0 28 3 15 6 9 5 12 2 6 7 13 13 27 15 6 12 27 28
split_gain=1353 671.2 336.981 248.013 189.131 183.362 133.992 109.854 89.0991 87.9548 84.3444 79.1311 75.7741 72.2829 94.7793 146.693 185.925 106.428 69.1123 66.5552 62.8276 62.1136 59.7469 75.6878 67.4797 56.8541 55.1924 54.4492 83.7881 131.337
threshold=0.0017417595791281166 0.0040739298481873246 0.0023372966870491506 0.001612170608660358 368403.00000000006 -0.04655787419472051 0.01517260395315404 0.0030069636548266635 0.0033178500331785756 -0.01198822530888439 0.017464922850960022 0.0099497053195548597 0.012301941033788717 -0.057011560908224616 0.38131995905090588 0.0037060079651390181 1.4281325308484012 0.0047586672199874331 4.200810714285713 0.080337095738981304 0.00022116554240852736 0.004643843453800269 263.50000000000006 291.50000000000006 5.2503271090622841 0.92948717054981189 0.0040339239629592558 2.9446821428571384 6.187030980784253 0.0059476064618101667
decision_type=2 2 2 2 2 2 2 2 2 2 2 2 2 2 2 2 2 2 2 2 2 2 2 2 2 2 2 2 2 2
left_child=1 2 9 5 6 13 18 11 -7 -1 -6 -3 -4 -2 15 17 -17 -15 -5 27 -14 -20 -8 -24 -25 -22 -10 -11 -29 -30
right_child=3 7 12 4 10 8 22 -9 26 19 -12 -13 20 14 -16 16 -18 -19 21 -21 25 -23 23 24 -26 -27 -28 28 29 -31
leaf_value=0.090805763039671639 0.19881795489561094 0.075627668797778505 0.08384034825532366 0.17758558625517562 1.3779598223912792 0.029820908883094133 0.22350323089731905 0.25637018527562166 0.11666224034596709 -0.041371985679271216 0.50308370534846059 0.27910678346514833 -0.011354179165428541 0.083381599078894045 0.12667216381018884 2.3099923524981514 0.3841140685859904 1.2397433018165314 0.27574737010156869 0.52402247343577846 0.52272011506921856 0.94746410326898178 1.2588625315358382 0.38642268608867159 0.92268975203047576 0.089702456281613122 0.34271780991374312 0.076498673279444873 -0.05036750727768468 2.033526382575964
leaf_weight=12.975530564785002 16.065850630402569 75.25876228697598 34.9845858104527 35.828290508128703 0.48970269970595726 52.362337467260659 2.1385339051485053 11.097490770742295 13.402630308642985 944.69438771903515 0.62977710738778114 5.1019283588975659 1.263378839008509 0.7469500740990036 1.0916325123980639 0.27535295765846957 0.22999683488160372 0.27123182360082865 0.91810359340160974 0.52226631436496873 2.6163065899163489 0.55052014067769051 0.34368496481329192 3.192751782946289 0.71865201275795687 1.0672613456845281 3.3813847424462429 3.9407468475401393 0.15924635436385859 0.14396142214536667
leaf_count=1471 727 7612 4020 2690 34 6915 151 689 1347 130401 43 330 130 86 94 25 19 22 70 67 293 34 37 210 63 112 281 527 22 20
internal_value=-0.00246822 -0.0207556 -0.0325865 0.148343 0.244062 0.0995059 0.227619 0.10891 0.0619546 -0.0384917 0.885788 0.0885461 0.109741 0.238499 0.482275 0.737069 1.43348 0.391423 0.191366 -0.0402587 0.292905 0.527543 0.439104 0.547461 0.484952 0.397259 0.162204 -0.0405692 0.138124 0.939054
internal_weight=1226.46 1093.83 1002.37 132.637 44.81 87.8274 43.6905 91.4582 69.1464 962.436 1.11948 80.3607 39.9315 18.681 2.61516 1.52353 0.50535 1.01818 37.2969 949.461 4.94695 1.46862 6.39362 4.25509 3.9114 3.68357 16.784 948.938 4.24395 0.303208
internal_count=158542 145694 137063 12848 3332 9516 3255 8631 8543 132508 77 7942 4555 973 246 152 44 108 2794 131037 535 104 461 310 273 405 1628 130970 569 42
is_linear=0
shrinkage=0.05


Tree=2
num_leaves=31
num_cat=0
split_feature=10 10 0 6 28 1 12 1 7 6 27 7 14 7 13 14 28 5 12 12 7 10 8 12 12 12 27 27 16 29
split_gain=1983.14 171.304 126.136 109.357 100.395 75.5699 75.1155 79.8423 67.9139 79.5879 68.5896 65.5659 82.7786 61.0446 55.4817 256.97 53.9982 71.4368 53.431 47.3062 81.2594 44.3994 54.5555 61.1114 42.5955 42.492 41.4963 58.3148 66.6385 89.5004
threshold=0.0033244019741635812 0.0046379605860634001 0.0078381934911876412 0.0017417595791281166 0.021784727904652849 -0.016022127990933718 4.200810714285713 -0.0073721342277462956 0.001612170608660358 0.0027768430249271825 0.87657262689214388 0.0027597880454199551 22.500000000000004 0.0027597880454199551 268.50000000000006 126.50000000000001 -0.012814321468876245 0.0097581718341065802 1.2893221785714268 0.26151939285714382 0.0020993045836997059 0.0094148930000536694 0.46018377465123028 0.7819857142857094 2.6345107142857187 1.0882964285714305 0.25447417317840632 2.0802865699371611 1.0000000180025095e-35 0.37989802095277764
decision_type=2 2 2 2 2 2 2 2 2 2 2 2 2 2 2 2 2 2 2 2 2 2 2 2 2 2 2 2 2 2
left_child=2 13 3 24 6 25 11 8 9 -8 -10 16 -13 -2 15 -6 21 18 -18 20 -16 22 23 -3 -1 -5 -19 -28 29 -29
right_child=1 4 -4 5 14 -7 7 -9 10 -11 -12 12 -14 -15 19 -17 17 26 -20 -21 -22 -23 -24 -25 -26 -27 27 28 -30 -31
leaf_value=-0.041284382577324565 0.044837732377330436 0.13817256254737628 0.87984591040979498 0.18356821069703247 1.7627350046774279 0.027318306924401334 0.48616481372751424 0.14710369037870827 0.087180954574764852 1.5105472533288546 0.70069258738994078 0.80335709823629531 0.17281076209338231 0.17238388251160106 0.091906776791917846 0.30890829430545702 0.041352115542432621 0.56098791727281794 0.14005806456316508 0.18578666666995014 1.1919280277570412 0.119693591278658 0.2134312735281638 1.1568383491898586 0.086733156363635988 0.92164829186147479 0.092739743630978103 1.3156829704679156 0.14543945405516298 0.35820712164421575
leaf_weight=903.85526906466112 75.478550456929952 0.26500830892473359 0.37579059507697721 0.42584790987893839 0.33076947182416816 50.112858332227916 0.46493513230234418 3.3749935310333958 1.0657372195273636 0.32019175682216883 0.79570598434656847 0.52685784362256427 43.162211198359728 10.712503504008053 0.35093051008880038 3.7480759685859084 50.397941634058952 0.81738647166639378 18.833877696190029 10.596838893368838 0.32186418678611517 23.716318269260228 11.327759618870912 0.33128109481185675 6.5448208991438142 0.35972781293094158 5.226455757394433 0.36580438259989023 1.2733430825173855 0.73338887933641672
leaf_count=129675 8530 28 22 36 19 6184 26 184 37 19 27 38 2298 839 34 285 5274 64 1548 556 22 848 739 30 724 23 263 23 92 55
internal_value=-0.00266861 0.118568 -0.0360185 -0.0363766 0.146539 0.0349463 0.135027 0.30833 0.513932 0.90393 0.349437 0.12838 0.180415 0.0606902 0.26879 0.426805 0.108313 0.0849257 0.0682042 0.211599 0.618156 0.159264 0.237969 0.704114 -0.0403641 0.521547 0.222474 0.186062 0.391641 0.676849
internal_weight=1226.21 264.539 961.674 961.299 178.348 50.8984 162.999 6.02156 2.64657 0.785127 1.86144 156.978 43.6891 86.1911 15.3485 4.07885 113.289 77.6482 69.2318 11.2696 0.672795 35.6404 11.924 0.596289 910.4 0.785576 8.41638 7.59899 2.37254 1.09919
internal_count=158542 21878 136664 136642 12509 6243 11593 293 109 45 64 11300 2336 9369 916 304 8964 7319 6822 612 56 1645 797 58 130399 59 497 433 170 78
is_linear=0
shrinkage=0.05


Tree=3
num_leaves=31
num_cat=0
split_feature=4 11 11 4 6 11 27 12 27 4 9 11 27 6 27 16 13 1 2 8 8 5 15 8 14 27 13 13 5 9
split_gain=1766.09 237.605 201.383 70.0777 54.9441 37.4588 45.2706 49.2548 29.2385 46.4431 35.6891 28.6892 38.6213 36.8343 59.6696 36.7133 50.3812 41.1203 36.5157 49.0884 32.2893 28.2842 45.6434 65.2692 34.3607 116.927 27.4652 56.8361 82.5939 50.7754
threshold=0.0053043399042566079 0.0033812593310183305 0.0036234246366434078 0.0033719169600973974 0.00042131238818429799 0.016178273187232129 4.4753715856463563 1.2506964285714346 368403.00000000006 0.0069975725242477716 1.0721329356069611 0.032042199570969147 0.93037094016016419 0.0021902415139062434 1.3378963473861905 1.0000000180025095e-35 322.50000000000006 0.019085456804092685 0.0032543945236712672 1.0340195864773636 1.1145626006302243 0.0010562069378391491 0.071982149192915457 0.86304352720875799 13.500000000000002 0.42349607215699642 270.50000000000006 263.50000000000006 0.0051296505394565692 0.71179758002401639
decision_type=2 2 2 2 2 2 2 2 2 2 2 2 2 2 2 2 2 2 2 2 2 2 2 2 2 2 2 2 2 2
left_child=1 -1 -2 5 26 -3 -7 -8 11 10 -10 15 -13 14 -14 -6 -17 18 19 -18 -15 22 23 -5 25 -23 27 -4 29 -29
right_child=2 3 4 21 8 6 7 -9 9 -11 -12 12 13 20 -16 16 17 -19 -20 -21 -22 24 -24 -25 -26 -27 -28 28 -30 -31
leaf_value=-0.044745974791345212 -0.0013435353834589765 -0.018474300406280019 0.10665497298410359 0.18001056809939942 0.14390122519241941 0.080708324123730399 0.15348639529882649 1.2145938190326644 1.1111878151224872 0.20513318516455703 0.34784870221748521 0.12625391840539407 0.89135411926621499 0.14010594607761551 0.30428695828779584 0.04239002922110853 0.14280562986982046 0.75502174840430836 0.018562283847920354 0.78989956029368025 0.42352847719957698 1.615360998377144 0.082257038581300457 0.98222875382266661 0.031319841931881982 -0.050395130709792839 0.047481259362704253 0.56709202625102395 0.11587843332701925 1.6893930289384078
leaf_weight=803.98250290984288 32.574249734636396 79.426136077847332 18.235134368296716 1.0067460038699234 134.53663638606668 2.6677976059727366 0.24522253451868881 0.19739648280665278 0.25818879995494981 5.155300110578537 0.37628515250980854 7.4600183768197876 0.58294091839343343 3.8573903045617044 1.6808595708571372 18.401225927285854 0.76319275936111786 0.37220307625830162 1.3990041017532346 0.47579002333804965 1.3589421468786893 0.15008278517052431 22.47290655830875 0.33890282502397884 59.522926782723516 0.35345163801684976 25.025678243488073 0.24252993147820123 0.59966124035418034 0.17243165569379926
leaf_count=119676 3876 11080 1183 51 8224 323 33 12 24 159 35 209 25 97 64 1197 53 22 102 38 34 20 2503 36 7397 46 1936 19 47 21
internal_value=-0.00278975 -0.0334906 0.114716 0.0208971 0.131826 -0.0118085 0.158406 0.626712 0.144308 0.254813 0.658477 0.140564 0.206753 0.287036 0.45546 0.134223 0.073411 0.263041 0.193626 0.3913 0.213942 0.0530924 0.0991941 0.38205 0.0347992 0.446098 0.0820195 0.126921 0.491147 1.03345
internal_weight=1223.89 970.364 253.528 166.382 220.953 82.5366 3.11042 0.442619 176.678 5.78977 0.634474 170.888 14.9402 7.48013 2.2638 155.948 21.4114 3.01019 2.63799 1.23898 5.21633 83.845 23.8186 1.34565 60.0265 0.503534 44.2754 19.2498 1.01462 0.414962
internal_count=158542 141177 17365 21501 13489 11448 368 45 10283 218 59 10065 429 220 89 9636 1412 215 193 91 131 10053 2590 87 7463 66 3206 1270 87 40
is_linear=0
shrinkage=0.05


Tree=4
num_leaves=31
num_cat=0
split_feature=11 4 10 11 6 11 15 30 29 13 10 27 4 4 18 15 13 8 9 10 12 9 9 12 4 2 1 6 18 13
split_gain=1515.18 308.938 87.6111 40.3056 38.6367 36.6278 36.056 36.9532 50.427 35.59 39.1383 34.8744 37.9289 32.8853 25.757 33.9216 74.3009 35.6658 33.7239 33.3036 31.1626 26.299 33.1128 27.8726 43.6315 32.1011 92.4123 27.5116 31.1076 25.3209
threshold=0.0036234246366434078 0.0053043399042566079 0.0032700472476415755 0.0023527499989734594 0.00022116554240852736 0.016178273187232129 0.049999998333405633 -1.0264127743558882 3.7743209388185659 338.50000000000006 0.0012055437240471453 2.0802865699371611 0.004898263837891422 0.0034049004753904789 0.00025176233735182198 0.84918275198979043 356.50000000000006 0.62577214502281542 0.29108375958710753 0.0053319649382036274 0.31459642857142917 0.84411585812825807 0.47042291616218929 0.23142857142857134 0.0094314112023688758 0.0036920481204706372 -1.0000000180025095e-35 0.0034447101425464735 0.00018874169038334647 253.50000000000003
decision_type=2 2 2 2 2 2 2 2 2 2 2 2 2 2 2 2 2 2 2 2 2 2 2 2 2 2 2 2 2 2
left_child=3 2 9 -1 -3 13 -7 8 -8 -2 -11 -9 29 -4 15 18 17 -17 -6 -16 -18 22 -20 24 25 26 -24 28 -23 -13
right_child=1 4 5 -5 14 6 7 11 -10 10 -12 12 -14 -15 19 16 20 -19 21 -21 -22 27 23 -25 -26 -27 -28 -29 -30 -31
leaf_value=-0.047324162729531286 -0.017035840546739539 0.063162360514678037 -0.00022788883193034616 -0.018593237788867598 0.57927914785989876 0.60557441343386298 0.79947755296235967 0.015029800345769185 0.059762533696157874 0.74460708229477157 0.09807553256983749 0.53098361286223994 0.81880948213785154 0.078974747207634421 0.037884815213867086 0.01634165503356266 0.3787606595065951 0.1900683963818354 0.03652297278381645 0.11809637585909355 1.0657231497252668 0.077003847116023941 0.19107554267186058 0.15557878214734497 0.79349113091858259 0.0013585256875510274 1.198125932500149 0.13934753844272763 0.45670130045398749 0.01455183398699523
leaf_weight=666.55283627146855 86.898554818239063 36.015969964209944 19.595011240802705 149.43626490375027 0.39679150190204282 0.45683894399553437 0.47002010699361552 3.8077739542350173 0.45191742014139891 0.25158367864787523 3.3643351020291448 0.34383677784353472 0.28756320383399714 39.574309027288109 19.693129048682749 3.3926999061368468 0.34882238646969099 22.86468361178413 5.4745241519995025 37.740737801417708 0.31341071659699082 54.573865904472768 1.2173158596269789 32.196696177590638 0.41441195458173741 0.89740052819252003 0.28025345643982236 31.477405308745801 0.54481082782149215 0.76640901155769825
leaf_count=104263 12344 2381 2301 21192 31 31 30 356 37 36 423 29 27 3911 1546 188 23 1183 332 1519 19 3014 68 1767 24 47 23 1297 27 73
internal_value=-0.00285112 0.0763253 0.0212689 -0.0420625 0.111039 0.065194 0.177062 0.145115 0.436882 -0.0106403 0.143059 0.0934408 0.30704 0.0527453 0.119179 0.129813 0.180813 0.167621 0.119043 0.0905931 0.703875 0.117606 0.150875 0.168758 0.319796 0.237831 0.379534 0.102054 0.0807569 0.174488
internal_weight=1220.1 404.111 156.268 815.989 247.843 65.7537 6.58436 6.12752 0.921938 90.5145 3.61592 5.20558 1.39781 59.1693 211.827 154.393 26.9196 26.2574 127.473 57.4339 0.662233 127.077 40.4806 35.0061 2.80938 2.39497 1.49757 86.5961 55.1187 1.11025
internal_count=158542 33087 19598 125455 13489 6795 583 552 67 12803 459 485 129 6212 11108 8043 1413 1371 6630 3065 42 6599 2261 1929 162 138 91 4338 3041 102
is_linear=0
shrinkage=0.05


Tree=5
num_leaves=31
num_cat=0
split_feature=11 4 10 11 13 5 8 1 2 11 0 0 9 13 10 6 29 9 12 9 12 11 5 5 4 0 0 27 2 27
split_gain=1290.4 242.305 51.4292 40.4581 36.4946 50.0057 78.2116 29.2564 28.7066 27.9154 34.1499 42.5974 36.4279 27.3572 38.7208 24.9076 30.3578 26.2471 42.1233 34.7202 50.0639 43.2167 24.4694 23.455 22.8117 22.6999 25.8459 22.8409 44.8532 48.2992
threshold=0.0035544595024908838 0.0047532252088384082 0.0026508755760949331 0.0021555643425189949 348.50000000000006 0.00049476258473857184 0.87055446402176506 0.056828038389246667 0.080337095738981304 0.011474004932327721 -0.0053788294933707617 -0.0030834039522932839 2.7782804601927751 246.50000000000003 0.0017251488786202771 0.0034447101425464735 -0.59799391762994369 1.2964400357118511 0.45410714285714199 1.0936556075802535 1.0069321428571407 0.014055329145677488 0.0097581718341065802 1.0000000180025095e-35 0.0033719169600973974 0.0037523009233915165 0.0027904384678879572 2.141376212816597 0.004658367121834984 3.9747798315929557
decision_type=2 2 2 2 2 2 2 2 2 2 2 2 2 2 2 2 2 2 2 2 2 2 2 2 2 2 2 2 2 2
left_child=3 2 4 13 -2 6 -6 15 23 -9 -11 12 -12 14 -1 -3 -17 18 -18 25 21 -21 -5 -4 -25 26 27 -20 -29 -30
right_child=1 7 8 22 5 -7 -8 9 -10 10 11 -13 -14 -15 -16 16 17 -19 19 20 -22 -23 -24 24 -26 -27 -28 28 29 -31
leaf_value=0.76230663065556492 -0.026537815402304505 0.079850854135795679 0.24182661455895513 -0.021589000506228778 1.3441532124946154 0.05908850114253747 -0.05053541461997179 -0.051253092826741946 0.3113085599310097 0.024510944333647564 0.19893375975255612 0.19563454131542032 0.83722612470537561 -0.048211296600966264 0.026281806412976828 -0.0011084595635524085 0.06339930531990412 0.091832236536364797 0.13967422651155423 0.29088930120110568 0.18186809547812724 0.79544054214759707 0.4141322701618726 -0.002496577669146995 0.055755016922735913 0.054077348575663702 0.45732425992308845 0.085619833893941275 0.82452781960673605 0.24405977833979386
leaf_weight=0.24610870657488604 65.002245895098895 224.04772531986237 1.367102292831986 180.73365107551217 0.21510491333901782 1.3663455778732894 0.18870495352894068 1.374821520410477 0.96454980876296659 2.5786808338016263 0.40010411757975717 8.828079514205454 0.50649887602776289 595.94139574514702 0.65229753265157342 5.106438851915299 8.1269715996459144 28.127813559956849 9.2675855839625019 0.87476926203817018 2.4293204145506024 0.82434900011867285 0.32279030606150527 27.800409237854183 42.499708514660597 3.5868117408826938 0.88334533665329296 1.2593145798891794 0.62675286456942536 0.83686343673616648
leaf_count=37 9525 13144 144 26765 23 147 20 71 54 94 23 369 24 97891 92 200 303 1009 381 37 81 23 30 3464 4258 91 40 36 25 36
internal_value=-0.00283361 0.0656951 0.0112361 -0.0415152 -0.0204379 0.20356 0.692399 0.0910276 0.0403548 0.162437 0.186296 0.229152 0.555533 -0.0477957 0.227908 0.0876099 0.115671 0.126161 0.159787 0.197834 0.327484 0.535679 -0.0208122 0.0367081 0.0327192 0.165317 0.196309 0.17708 0.304393 0.492629
internal_weight=1216.99 439.09 139.404 777.896 66.7724 1.77016 0.40381 299.686 72.6318 13.6882 12.3134 9.73468 0.906603 596.84 0.898406 285.998 61.9503 56.8439 28.7161 20.5891 4.12844 1.69912 181.056 71.6672 70.3001 16.4607 12.8739 11.9905 2.72293 1.46362
internal_count=158437 33622 17635 124815 9715 190 43 15987 7920 581 510 416 47 98020 129 15406 2262 2062 1053 750 141 60 26795 7866 7722 609 518 478 97 61
is_linear=0
shrinkage=0.05


Tree=6
num_leaves=31
num_cat=0
split_feature=4 10 4 28 28 27 7 15 29 18 28 7 12 13 10 8 29 3 28 6 3 7 9 17 15 10 7 12 3 12
split_gain=1103.29 99.9576 94.9574 54.8936 31.107 29.6351 28.6593 26.6539 37.7773 39.1509 29.4501 71.8691 86.978 29.2762 26.4895 25.989 25.9612 25.9155 25.4142 24.9687 24.897 35.1379 58.0612 24.372 22.806 35.8685 49.076 56.5589 33.7894 22.6872
threshold=0.0043249632312917985 0.0026508755760949331 0.0063283960106450717 -0.013859913550364448 0.02781116508358155 3.6283872678120628 0.0033250139479917245 0.63380280351119811 -0.66820795837457914 0.00053203837441319942 -0.0031132191410994511 0.00035098820640479597 0.84480714285714253 254.50000000000003 0.0058281795975231058 0.86304352720875799 0.49838327793740261 -0.011022885554671067 0.016688311683981067 0.0032272706270023168 -0.020610123211815653 1.0000000180025095e-35 1.1757171203820282 1.0000000180025095e-35 0.66666659259260419 0.0055603498313691289 0.0021552151029059058 0.62428571428571 0.053188384783828487 4.200810714285713
decision_type=2 2 2 2 2 2 2 2 2 2 2 2 2 2 2 2 2 2 2 2 2 2 2 2 2 2 2 2 2 2
left_child=1 -1 3 -2 -3 -6 15 13 -9 24 11 12 -11 20 -12 18 29 -13 -5 -20 21 22 -4 -24 25 26 27 -10 -27 -15
right_child=2 4 7 6 5 -7 -8 8 9 10 14 17 -14 16 -16 -17 -18 -19 19 -21 -22 -23 23 -25 -26 28 -28 -29 -30 -31
leaf_value=-0.043224503911409827 0.12033897322835241 0.0067099924370056302 0.61737295872939235 0.031074610644929286 0.036313465357855457 0.56807050726939912 0.11136519022907693 -0.034979203309981603 1.1187884821142775 0.19266832728900168 -0.0063398818366823366 0.012859439483701721 1.1681840352578556 0.065529575358855716 0.09035286026832863 -0.006775708594641135 0.019518331471276216 0.38021813877244354 0.12863174397686658 0.5994137584279734 0.034616879683959614 0.10307458632381408 0.28323481835008246 -0.054012423733724724 0.12203708941278571 0.05030824899313651 0.094315939936299872 0.34831068823090794 0.4809423099305738 0.20377617245420604
leaf_weight=705.99309222446755 15.315760562662033 101.92428257456049 0.89433584781363551 44.704717219341546 0.57286834158003219 0.48285119188949466 8.012604783754794 4.8232918442226937 0.38463386194780358 0.60005582496523757 13.382956001907589 2.8039056439884007 0.36901632323861122 62.459622588008642 15.047018314711748 66.295663853175938 36.567546774633229 0.57926782034337554 3.3405158459208901 0.30757328495383252 12.242230765987186 42.176239041611552 1.2548523293808105 0.93479428999125946 63.324775419197977 2.4089237861335282 0.68872836092486966 0.6255943113937974 0.56173877976834763 3.1156842317432156
leaf_count=119367 857 13010 26 4677 41 23 666 192 25 27 1001 112 18 2953 607 7782 1931 38 236 22 720 946 43 22 2793 102 47 35 19 99
internal_value=-0.00283495 -0.036512 0.0647303 0.0310882 0.00950677 0.279522 0.0199441 0.0822304 0.101719 0.108261 0.0633786 0.184501 0.564138 0.0693396 0.0448363 0.0135548 0.0532743 0.0757587 0.0414297 0.168324 0.0978767 0.114988 0.277909 0.139259 0.129901 0.236537 0.419777 0.641662 0.131739 0.0720981
internal_weight=1212.2 808.973 403.222 137.977 102.98 1.05572 122.661 265.245 105.6 100.777 32.7822 4.35225 0.969072 159.645 28.43 114.648 102.143 3.38317 48.3528 3.64809 57.5025 45.2602 3.08398 2.18965 67.9944 4.66962 1.69896 1.01023 2.97066 65.5753
internal_count=158437 132441 25996 14240 13074 64 13383 11756 5016 4824 1803 195 45 6740 1608 12717 4983 150 4935 258 1757 1037 91 65 3021 228 107 60 121 3052
is_linear=0
shrinkage=0.05


Tree=7
num_leaves=31
num_cat=0
split_feature=11 10 27 9 12 8 9 27 11 28 2 8 27 18 2 15 10 5 9 3 11 13 14 2 27 29 15 10 15 14
split_gain=1040.51 136.26 33.0534 29.3514 28.6371 31.5563 87.4992 119.364 27.7402 33.3754 35.5637 30.7738 27.6858 29.6181 27.4236 27.1527 25.9841 33.0363 25.9059 61.7086 117.516 31.3811 95.2607 65.4645 38.6309 37.5836 26.7497 25.8529 24.7125 48.9269
threshold=0.0032755969225776028 0.0030758172182295037 874930.00000000012 0.62698012306643591 2.6345107142857187 0.8932680751259251 0.70028318779740795 0.90767223000518338 0.011474004932327721 -0.013859913550364448 -0.022271867404187125 0.57552189622147509 1.6716402135848714 0.00089641211097784483 0.01177081877508679 0.98843929778810102 0.020149070705743153 0.0041936424749533423 0.89605528874508511 0.057978021247868224 0.0084839194051969657 268.50000000000006 125.50000000000001 0.00428776245872975 5.4112720707543218 -0.41091916026724135 0.50810186472079499 0.0076180058921455282 0.28348997670450232 70.500000000000014
decision_type=2 2 2 2 2 2 2 2 2 2 2 2 2 2 2 2 2 2 2 2 2 2 2 2 2 2 2 2 2 2
left_child=4 2 -2 -4 -1 6 -6 -8 9 16 -11 -12 -13 18 -10 -5 28 -18 19 21 -21 22 23 -14 -23 -26 -24 -16 -3 -30
right_child=1 8 3 15 5 -7 7 -9 14 10 11 12 13 -15 27 -17 17 -19 -20 20 -22 24 26 -25 25 -27 -28 -29 29 -31
leaf_value=-0.043102438294222417 0.0028396643989437058 0.06604200815785892 0.56266108221339195 0.049066399180737921 0.0073750589253135535 -0.023992771719436715 -0.050395721794260231 1.6272857278111197 0.066675029088300169 -0.029889247095860993 0.0053902478501429221 0.045497974762261001 1.1545763203900539 0.02165480926325131 0.068696342149446685 0.52062454973461814 0.15137741767834367 0.61902072372437789 0.079996421954774841 1.1193768887281894 0.035275339544840141 0.058472421852144588 0.43396965139209742 0.34474652480028939 0.69700004791298475 0.17536513006395069 -0.018794795875109432 0.13571973025338044 0.37426028451410076 0.087074171786262769
leaf_weight=695.32214088179171 124.42208183277398 24.663884798530493 0.406173388473689 2.44995358446613 0.86181157128885322 1.8558961409144101 0.19095827080309391 0.23836409486830235 105.80991075094789 14.139391542412339 28.494095942936838 87.781744963955134 0.41455214982852273 11.541403015609829 23.933212086092681 0.34872017102316011 1.3659515781328071 0.52197810262441624 23.577951091341674 0.46972298808395752 0.53433257294818759 9.4902657112106663 0.41254096897318948 0.62697437824681401 0.46771210990846146 1.3194260555319477 1.5591140082105992 36.074981460347772 2.1026313458569339 5.0331294694915414
leaf_count=121340 16208 1141 25 147 104 192 25 27 3393 1053 2530 6429 28 723 1080 21 51 20 1518 24 20 664 36 21 32 83 121 1074 77 230
internal_value=-0.00282234 0.051628 0.00692344 0.165468 -0.0424213 0.108067 0.297892 0.88107 0.0666292 0.0547571 0.0462447 0.0527027 0.0624579 0.0919889 0.081988 0.107823 0.10045 0.280672 0.112871 0.163551 0.542446 0.136929 0.280271 0.667078 0.0986305 0.311882 0.0759398 0.108989 0.0897507 0.171697
internal_weight=1206.43 507.962 127.627 3.20485 698.469 3.14703 1.29113 0.429322 380.335 214.517 180.829 166.69 138.196 50.414 165.818 2.79867 33.6876 1.88793 38.8726 15.2946 1.00406 14.2906 3.01318 1.04153 11.2774 1.78714 1.97165 60.0082 31.7996 7.13576
internal_count=158437 36749 16401 193 121688 348 156 52 20348 14801 13282 12229 9699 3270 5547 168 1519 71 2547 1029 44 985 206 49 779 115 157 2154 1448 307
is_linear=0
shrinkage=0.05


Tree=8
num_leaves=31
num_cat=0
split_feature=11 4 7 9 11 4 28 7 28 9 2 11 14 30 13 2 28 12 11 10 8 9 30 0 12 5 13 2 6 9
split_gain=934.426 137.459 28.2235 51.3628 27.236 25.6168 28.4814 29.3898 23.158 29.6047 44.4352 45.4434 37.7304 25.1888 21.296 22.0119 65.2476 20.4953 20.5818 17.7411 17.3611 40.7474 16.8542 16.6552 16.1916 16.1489 22.2039 15.6125 19.1502 15.4965
threshold=0.0032755969225776028 0.0039775619829712514 0.0025689577868874638 0.397665132237635 0.0021555643425189949 0.0063283960106450717 -0.010664460761787981 0.0041493833324884296 0.0088331455963023622 0.87646228656077996 0.02843818955372868 0.017239920400549516 80.500000000000014 -0.99581428695075247 246.50000000000003 -0.0015929795201103933 0.0016860855838531838 2.6345107142857187 0.0022131699729807581 0.0026508755760949331 0.72961061036722852 0.70028318779740795 0.68481550879842956 -0.0020607871713860799 0.69353928571428558 1.0000000180025095e-35 321.50000000000006 -0.086315443338330231 0.0040339239629592558 0.57449425530953468
decision_type=2 2 2 2 2 2 2 2 2 2 2 2 2 2 2 2 2 2 2 2 2 2 2 2 2 2 2 2 2 2
left_child=4 2 19 -4 14 6 7 -3 29 10 13 12 -12 -10 15 -1 -17 -6 -19 -2 21 -20 27 -14 -5 26 -21 -7 -29 -8
right_child=1 5 3 24 17 22 8 -9 9 -11 11 -13 23 -15 -16 16 -18 18 20 25 -22 -23 -24 -25 -26 -27 -28 28 -30 -31
leaf_value=-0.05051829189772418 -0.023730422462319059 0.081142535134692786 0.77315603048910042 -0.050597778415211771 -0.025845886974599837 0.03715724100160233 0.05642603794958493 0.4797145052895932 0.47657878990584407 0.022545527170347079 0.57254704575780002 0.78461647930437695 0.42575468723838139 0.061061984520226022 -0.04788024274341568 1.0408421250801378 -0.050446503543145463 0.53369481609931746 0.038189371844527246 0.099103607957732667 -0.0065447601274879336 0.83316629484547566 0.0095007515017420038 0.022198938000698977 0.21573269424335273 0.011108541151314138 0.6475181089019505 0.068056729995617474 0.1027744788716478 0.0016404407323839681
leaf_weight=0.57353701116517186 60.062284446321428 25.29585686232895 0.30341789126396124 1.1572533161379399 143.01623248495162 30.474049285985529 16.821694483049214 0.47112577222287555 0.37882007658481498 16.355133965145797 0.55869907420128573 0.41824402660131443 0.31485402490943704 9.8051349166780728 522.81558686913922 0.22905202070250996 0.34070982318371534 0.25301485648378674 0.56188975414261255 1.3345147590152908 2.2457331805489957 0.2260265564545989 11.643553110770879 1.3601962877437466 1.1258773021399973 52.03955711517483 0.21418908750638355 195.7606297545135 49.830887546297163 55.471041653770953
leaf_count=64 9446 1449 27 115 23380 502 1655 29 25 1286 19 14 26 774 97891 23 42 6 62 118 211 9 479 87 105 5809 14 8082 1361 5327
internal_value=-0.00282802 0.0467036 -0.0013537 0.161962 -0.0420829 0.0601652 0.0414853 0.0884301 0.0295659 0.0671534 0.123991 0.306293 0.216733 0.0765183 -0.0474089 0.16815 0.388266 -0.0230089 0.100439 -0.00507057 0.0643048 0.266241 0.0684272 0.0980541 0.0807374 0.0158436 0.174951 0.0709125 0.075101 0.0143884
internal_weight=1201.46 531.197 116.237 2.58655 670.262 414.96 127.251 25.767 101.484 29.1911 12.8359 2.65199 2.23375 10.184 523.959 1.1433 0.569762 146.303 3.28666 113.651 3.03365 0.787916 287.709 1.67505 2.28313 53.5883 1.5487 276.066 245.592 72.2927
internal_count=158437 36749 15634 247 121688 21115 10691 1478 9213 2231 945 146 132 799 98020 129 65 23668 288 15387 282 71 10424 113 220 5941 132 9945 9443 6982
is_linear=0
shrinkage=0.05


Tree=9
num_leaves=31
num_cat=0
split_feature=11 4 11 10 4 28 3 27 7 13 28 28 14 12 7 6 3 29 27 8 28 12 12 13 2 27 8 15 8 14
split_gain=844.125 113.487 27.4759 20.7336 20.6872 22.664 26.1785 19.8461 18.6451 27.796 32.04 23.3402 17.8265 24.6016 34.2932 36.1654 17.6268 21.485 21.4808 17.1516 17.4752 18.775 17.0434 16.0777 15.0791 17.3035 17.1823 14.9776 21.4929 13.7951
threshold=0.0032755969225776028 0.0039775619829712514 0.0021555643425189949 0.0026508755760949331 0.0063283960106450717 -0.010664460761787981 0.035904886440289337 874930.00000000012 0.0025689577868874638 300.50000000000006 0.0068080248519789416 -0.0022131029323120533 42.500000000000007 0.49136428571428636 0.0014409502488182356 0.0014405299092233005 -0.088880495751871222 0.45623000859023904 1.2524448756012851 0.94894929589537169 0.021784727904652849 0.81213571428571341 2.6345107142857187 246.50000000000003 0.0058225446433214376 0.90767223000518338 0.88189048751279009 0.96296194488237286 0.76342453119567566 147.50000000000003
decision_type=2 2 2 2 2 2 2 2 2 2 2 2 2 2 2 2 2 2 2 2 2 2 2 2 2 2 2 2 2 2
left_child=2 3 23 12 5 6 16 19 -5 10 11 -10 13 -2 15 -15 17 18 -3 20 -7 -22 -4 29 25 -24 -27 28 -9 -1
right_child=1 4 22 8 -6 7 -8 27 9 -11 -12 -13 -14 14 -16 -17 -18 -19 -20 -21 21 -23 24 -25 -26 26 -28 -29 -30 -31
leaf_value=0.25443009973810798 -0.050842569673032113 0.011705326055167272 -0.025205109124110472 0.014761329989414899 0.061396145121440981 0.033570064570054813 0.42904836113123407 0.38713883804124077 0.26080869663333833 -0.0049899969412732486 -0.050974625459222295 0.86009628510221237 -0.027632905033591983 -0.050608670743450448 0.69804126432512836 0.71120509728831449 0.057221590788316679 0.39049410156978626 0.40859852812054503 -0.0014311109430623506 0.21347576664097581 -0.01417796971655208 0.00036546808190679675 -0.04775157199985039 -0.051927356034793197 0.44851236122114813 0.093052940027606959 0.47801692114165673 -0.05112481195866464 -0.051237988893875722
leaf_weight=0.81908783083781489 1.2327293497510248 1.5897925402969191 139.41224396880716 54.445674804970622 304.12699595326558 59.323246943298727 0.52088544797152181 0.45299903489649185 0.32098661363124847 1.0871916874311862 0.3139489428140223 0.32899412605911438 57.235957786906511 0.74704049387946703 0.33357773488387465 0.19683738565072417 24.249377852771431 0.89960525184869755 0.43397251237183798 39.608912603463978 2.7998856035992494 1.338692909106612 0.98437868757173408 498.62429411010817 1.3061762801371513 0.69872827129438497 0.66213396796956658 0.37789226789027441 0.73144012317061424 0.67190901888534427
leaf_count=79 132 86 23380 5941 10424 5158 34 12 25 75 20 18 9287 94 25 17 1311 31 16 3809 97 63 124 97891 77 41 46 22 52 50
internal_value=-0.00279303 0.0425231 -0.0417341 -0.00137892 0.0542157 0.037713 0.0779346 0.0270674 0.0203365 0.168325 0.363802 0.564144 -0.0219133 0.108502 0.262268 0.108261 0.071204 0.187188 0.0968144 0.0243864 0.0405001 0.139837 -0.0224122 -0.0472613 0.0842235 0.160052 0.275562 0.203937 0.116493 0.116683
internal_weight=1195.88 552.697 643.179 116.243 436.454 132.327 27.6936 104.633 56.4968 2.05112 0.96393 0.649981 59.7461 2.51018 1.27746 0.943878 27.1727 2.92337 2.02377 103.071 63.4618 4.13858 143.064 500.115 3.65142 2.34524 1.36086 1.56233 1.18444 1.491
internal_count=158437 36749 121688 15634 21115 10691 1478 9213 6079 138 63 43 9555 268 136 111 1444 133 102 9127 5318 160 23668 98020 288 211 87 86 64 129
is_linear=0
shrinkage=0.05


Tree=10
num_leaves=31
num_cat=0
split_feature=11 4 28 28 6 11 12 1 15 0 4 28 11 27 13 12 1 6 12 12 11 4 12 12 13 13 13 13 6 12
split_gain=776.394 98.1471 30.3939 39.934 30.3147 23.7339 29.584 34.1265 29.4206 51.5083 27.0534 52.624 23.5154 22.3135 26.7278 21.381 20.365 23.4135 19.5375 17.7023 20.6989 17.6849 24.5249 17.4154 17.2624 15.9715 17.2124 34.9105 25.1247 23.7733
threshold=0.0032755969225776028 0.0033719169600973974 0.021784727904652849 -0.013859913550364448 0.0023175530698708534 0.018832219703331786 0.75392500000000762 0.0075339113950971823 0.17241378913991182 -0.0097623174894997371 0.0040726226700973428 -0.0074255718031494208 0.0021555643425189949 203558.50000000003 338.50000000000006 2.9446821428571384 0.0062573477170109202 0.0015918015980082429 0.18493571428571345 2.6345107142857187 0.0022331014549743467 0.0036504962369694805 0.53756071428571583 0.16785714285714196 268.50000000000006 365.50000000000006 296.50000000000006 281.50000000000006 0.0026618840862800172 0.79709285714285538
decision_type=2 2 2 2 2 2 2 2 2 2 2 2 2 2 2 2 2 2 2 2 2 2 2 2 2 2 2 2 2 2
left_child=12 -2 3 21 13 8 7 -7 9 -6 11 -11 -1 -5 16 -12 -15 -18 23 -14 -21 22 -3 24 -10 26 27 29 -29 -23
right_child=1 2 -4 4 5 6 -8 -9 18 10 15 -13 19 14 -16 -17 17 -19 -20 20 -22 25 -24 -25 -26 -27 -28 28 -30 -31
leaf_value=-0.047318784336105507 -0.011229840437821256 -0.050811858711217385 0.085778673588377818 0.022436896260452754 0.66675033717053434 0.099275166829547457 0.074282127622532529 0.37387206440852 0.27831861621874249 0.86709313297169543 0.050366339651818463 0.049841682509817298 -0.027171515674762177 0.33604432735047368 0.47974828558319083 0.3202273287335014 -0.012022081424338121 0.2262827977417175 0.024648541388451316 0.40856817766659842 0.039834639217484452 0.036545785775909577 0.49778478336891158 0.31951013699186492 -0.051517949901040742 0.22283207908224598 0.043740670859861781 0.55800011800108762 0.10773605668482511 0.10263966834353729
leaf_weight=477.76890713255852 83.541891639120877 0.32470531202852626 46.708880624268204 229.01388587243855 0.41739852167665858 2.6571626774966743 17.780709167942405 1.9705585446208713 0.60713718086481039 0.32648276118561625 8.193085331935432 0.49656716221943398 136.18560169637203 0.727577218785881 0.47107279254123557 0.80621115211397487 3.7479612533934414 1.4217000906355677 56.83256685687229 0.42290186882018943 3.8043229738250375 21.841652325820178 0.5467762635089457 1.0610129656270144 1.1443777428939936 1.6260119434446085 51.165033829398453 0.65648165438324102 0.58670391235500574 36.079240857623518
leaf_count=98129 12011 29 1158 16059 13 55 382 36 38 21 458 38 23434 30 32 30 229 47 2922 10 264 646 43 40 68 42 1653 37 11 644
internal_value=-0.0032083 0.0388417 0.0474275 0.0433609 0.034527 0.0588141 0.103591 0.216203 0.0444565 0.122754 0.0996368 0.374024 -0.0420321 0.025004 0.117322 0.0745421 0.0883712 0.0535138 0.0310146 -0.0240437 0.0767236 0.0690166 0.293383 0.159652 0.0628151 0.0672701 0.0649774 0.0833429 0.345504 0.077716
internal_weight=1188.93 570.753 487.211 440.502 327.675 92.2933 22.4084 4.62772 69.8848 10.2397 9.82235 0.82305 618.182 235.382 6.36831 8.9993 5.89724 5.16966 59.6451 140.413 4.22722 112.827 0.871482 2.81253 1.75151 111.955 110.329 59.1641 1.24319 57.9209
internal_count=158609 36772 24761 23603 20498 4101 473 91 3628 560 547 59 121837 16397 338 488 306 276 3068 23708 274 3105 72 146 106 3033 2991 1338 48 1290
is_linear=0
shrinkage=0.05


Tree=11
num_leaves=31
num_cat=0
split_feature=10 4 4 28 28 4 4 1 12 30 5 6 27 29 2 3 10 4 8 28 6 2 9 1 4 28 12 14 14 3
split_gain=645.128 90.212 35.5716 22.6064 34.4199 26.6109 21.8948 20.1132 42.6539 18.6826 22.6059 18.8594 18.4169 38.1501 18.3336 21.718 26.5702 28.9035 30.0567 26.8518 19.2383 34.2342 27.7645 19.4416 17.1819 16.0009 15.5758 15.4984 73.1555 86.1887
threshold=0.0030347282520931692 0.0037654298577717311 0.0033719169600973974 0.021784727904652849 -0.01198822530888439 0.014357792065186465 0.0035767353472271018 -0.019578333311008052 1.5371428571428611 -0.37136977566929658 0.0065942424825100607 0.0017094017094017543 9.0830677079220372 -0.50002269722558024 -0.019720440813706327 -0.020610123211815653 0.0069859795862542784 0.0082327799971624611 0.72961061036722852 -0.0026698129342685472 0.0025664676530436216 -0.0043764490153728733 0.61595733856835877 0.0039385873099864197 0.0035087719298245411 -0.0085489936113370569 0.72821071428571271 125.50000000000001 121.50000000000001 0.0038144792685598232
decision_type=2 2 2 2 2 2 2 2 2 2 2 2 2 2 2 2 2 2 2 2 2 2 2 2 2 2 2 2 2 2
left_child=1 -1 12 4 6 14 26 8 -3 -9 11 -11 -2 -14 -6 16 20 18 -18 -20 24 22 -22 25 -16 -24 -4 28 -13 -30
right_child=2 7 3 -5 5 -7 -8 9 -10 10 -12 27 13 -15 15 -17 17 -19 19 -21 21 -23 23 -25 -26 -27 -28 -29 29 -31
leaf_value=-0.042379053129684117 -0.011197457310422269 -0.052384631781000918 0.084749145647584373 0.07744730164583169 -0.0093046529381560043 0.081810277199800011 0.061198951041390538 -0.024116136498434276 0.44387273947937333 -0.002878655705968204 0.21105426734527583 0.053476547641888444 0.50425396885478413 -0.0064550679039723398 0.35295699891455651 0.024817243873006135 0.12467616398623851 0.081782902417271236 0.23717332962255924 0.69411476395701033 -0.051411427913546671 0.02939090246768419 0.090861089327209349 0.62094103550096869 0.0096725282899274741 0.44580460431860891 0.52729291559059466 -0.022988720971882044 -0.050545843044704879 1.0435008713409426
leaf_weight=575.6285402723588 38.878231699578464 0.94652320537716039 0.36843413673341174 47.14428792335093 31.376778975129128 23.762391107156873 122.25207543186843 39.617288092616946 0.79809311032295227 49.282073317561299 1.4930083728395391 16.696522610262043 0.53962972108274687 1.1343163908459235 0.37166483467445388 190.28137531038374 1.5625581648200735 6.6053037010133266 0.68814151547849178 0.6034447820857165 0.52089014649391208 4.0953446971252552 0.67380356742069125 0.51985139865428198 18.920241656713188 0.60048262448981382 0.43191371252760291 5.2628514864481977 0.32028013048693438 0.41106612514704466
leaf_count=118752 4803 45 24 1045 1429 565 3227 5357 17 6841 47 1545 38 124 35 12623 42 94 28 25 25 149 26 17 1164 21 21 412 35 33
internal_value=-0.00314375 -0.034307 0.0406492 0.0446843 0.0408576 0.0311883 0.0629055 0.00615825 0.174634 0.00355905 0.0184832 0.0144885 -0.00420567 0.158182 0.0265045 0.0314884 0.0675898 0.139235 0.272195 0.450662 0.0412217 0.116265 0.269948 0.363248 0.016286 0.258121 0.323571 0.0522084 0.0749163 0.564383
internal_weight=1181.79 690.456 491.331 450.779 403.635 280.582 123.052 114.828 1.74462 113.083 73.4658 71.9728 40.5522 1.67395 256.82 225.443 35.1617 9.45945 2.85414 1.29159 25.7023 6.41037 2.31503 1.79414 19.2919 1.27429 0.800348 22.6907 17.4279 0.731346
internal_count=158609 133084 25525 20560 19515 16243 3272 14332 62 14270 8913 8866 4965 162 15678 14249 1626 189 95 53 1437 238 89 64 1199 47 45 2025 1613 68
is_linear=0
shrinkage=0.05


Tree=12
num_leaves=31
num_cat=0
split_feature=11 4 11 28 4 9 2 14 14 14 3 2 11 10 1 28 12 12 1 14 14 6 0 2 14 29 2 27 10 1
split_gain=653.536 68.4516 23.9836 19.0261 28.4516 24.1342 20.5822 19.1501 59.6661 89.8316 71.2479 126.525 74.1168 72.031 76.9681 91.2437 37.7995 35.2968 33.6086 35.7291 30.3895 23.791 28.3196 44.2312 105.394 23.288 26.3462 21.5757 20.5039 20.5372
threshold=0.0032755969225776028 0.0033719169600973974 0.0021555643425189949 -0.015156047647074554 0.0099631450082044749 1.0653504354707988 -0.02554149620422946 87.500000000000014 126.50000000000001 121.50000000000001 0.0046104609018572393 0.012994524337417658 0.0039266814511630084 0.0035657577266084242 0.0017598426764148247 0.0016040526645385901 0.70468214285714137 0.21146428571428572 0.0095764397957645037 31.500000000000004 23.500000000000004 0.00029119821387179717 -0.002466869086233447 -0.0085539183939727353 97.500000000000014 1.0000000180025095e-35 0.014498865372456373 0.62802590483459553 0.0037072644915712807 -0.00095135173055865818
decision_type=2 2 2 2 2 2 2 2 2 2 2 2 2 2 2 2 2 2 2 2 2 2 2 2 2 2 2 2 2 2
left_child=2 -2 -1 -3 5 7 -6 18 9 21 17 12 -12 14 15 -14 -15 -11 -5 20 -20 -9 23 24 -23 26 -21 -26 -10 -30
right_child=1 3 -4 4 6 -7 -8 8 28 10 11 -13 13 16 -16 -17 -18 -19 19 25 -22 22 -24 -25 27 -27 -28 -29 29 -31
leaf_value=-0.047031020032016341 -0.0097099327005247416 0.058014556891288482 -0.02288255914675047 0.010730066861113805 0.0083186957928253757 0.0091555110711077411 0.066493141949531917 -0.050825156654234517 -0.014559584591981787 0.53559705273811153 -0.050804098251165081 0.097550523726886176 0.51418083283755489 0.09899727644417694 0.43493515332843646 1.5261511323073655 0.63765827612421033 -0.001388828871744687 0.15744132272542957 0.035356820749357067 0.63668116620540505 1.2591188851167445 0.04311151338474542 0.095191572313906236 -0.050857824233308091 -0.010931314001455392 0.20172614401010308 0.51312492623771699 0.1051349166180696 0.020982294472545793
leaf_weight=437.86813480034471 80.439542217180133 112.85882149636745 134.37258911132812 84.480716293677688 18.269549299031496 117.02164499321952 90.622570683248341 4.3448881306685569 20.591287164483219 0.34070269856601809 0.4444193025119606 2.8890366447158158 0.35351256374269746 0.65186627674847819 0.61560935759916902 0.60215950012207031 0.6508650379255414 3.0061811241321266 0.94933932414278632 5.0168669107370061 0.50770149566233158 0.30526036629453324 11.674737085588271 2.7367299762554493 0.4678100198507309 6.0803280766122034 4.5268587097525597 0.26600615028291941 10.907423157244919 21.622503122314811
leaf_count=98129 12011 2680 23708 6059 402 7133 2231 354 1950 21 42 70 20 31 30 35 27 216 37 256 24 17 845 185 33 335 190 19 567 952
internal_value=-0.00308214 0.0332289 -0.0413605 0.0398355 0.0348308 0.0269088 0.0567328 0.0381976 0.0560964 0.113312 0.239223 0.339481 0.550106 0.643027 0.870949 1.15181 0.368121 0.0532747 0.0236634 0.0876296 0.324431 0.0525405 0.0816082 0.200639 0.478369 0.0655464 0.11427 0.153584 0.0244844 0.049199
internal_weight=1175.49 603.245 572.241 522.805 409.947 301.054 108.892 184.033 82.471 29.3498 9.55435 6.20747 3.31843 2.87401 1.57128 0.955672 1.30273 3.34688 101.562 17.0811 1.45704 19.7954 15.4505 3.77581 1.03908 15.6241 9.54373 0.733816 53.1212 32.5299
internal_count=158609 36772 121837 24761 22081 19448 2633 12315 5414 1945 492 255 185 143 85 55 58 237 6901 842 61 1453 1099 254 69 781 446 52 3469 1519
is_linear=0
shrinkage=0.05


Tree=13
num_leaves=31
num_cat=0
split_feature=11 4 8 11 10 28 28 2 4 27 11 11 7 1 28 6 9 4 7 8 13 8 13 7 1 6 28 18 14 9
split_gain=595.298 57.9683 28.0621 24.2372 18.6271 17.2295 19.803 17.2752 22.3066 14.4305 14.8545 20.4077 19.2499 33.9195 13.5076 31.4396 13.4561 22.047 14.9841 16.2717 15.2352 17.6413 14.104 13.4273 16.7006 12.988 12.91 28.2914 21.1385 28.7748
threshold=0.0032755969225776028 0.0041207180989699761 1.4554294695754957 0.0021555643425189949 0.0021311131321729024 0.021784727904652849 -0.015156047647074554 -0.016284798165914823 0.0094314112023688758 368403.00000000006 0.011474004932327721 0.0077083089914444835 6.8122977065831601e-06 0.0039385873099864197 -0.011263688584888411 0.00097457541410327433 0.71179758002401639 0.0099631450082044749 0.0023372966870491506 0.617104461860848 307.50000000000006 1.1542267852864496 326.50000000000006 0.0025689577868874638 0.0062573477170109202 0.0010980478278936527 -0.011263688584888411 0.0016444908282644652 71.500000000000014 0.62698012306643591
decision_type=2 2 2 2 2 2 2 2 2 2 2 2 2 2 2 2 2 2 2 2 2 2 2 2 2 2 2 2 2 2
left_child=3 4 5 14 -2 6 -3 -8 -9 10 11 12 13 25 15 -1 17 -14 -18 -20 -21 -22 -19 24 -7 -10 27 28 29 -6
right_child=1 2 -4 -5 26 23 7 8 9 -11 -12 -13 16 -15 -16 -17 18 22 19 20 21 -23 -24 -25 -26 -27 -28 -29 -30 -31
leaf_value=-0.050256251626386687 -0.026335655052252202 0.058368288628392918 0.0059122020725614318 -0.022246953739233379 0.41019041130176215 -0.016327036889794304 0.0072114895342830559 0.029501261634837753 0.22724064990909729 0.22177544151740616 0.088142941146510445 -0.022193842115943621 0.35451694834438507 0.024777592267934297 -0.047222180652931295 0.70524835198622138 -0.026708598137743879 -0.0038094927823863305 0.30275162474058093 -0.014109624365186367 0.056265674177929714 0.31121193348342685 0.23667866028490911 0.04264538794313974 0.11193655495944149 0.57095321112187181 0.006479040720744976 0.42255880211742114 0.013555197074548782 0.0050762642900351899
leaf_weight=0.4493826418183734 43.590405755676329 99.626279984600842 59.437244977802038 131.37836879538372 0.86396917235105941 2.876268798485401 54.669159722048789 176.9876484554261 0.53840467240662027 1.4308227943256486 27.00463330745697 9.8123451936990005 0.86126637924462857 1.2901817597448824 417.27805341593921 0.19854142237454653 6.9956910796463472 2.0750614395365123 0.70588140096515406 3.9997817203402519 2.2998482966795568 0.96251121070235957 0.86331914179027069 21.457089946605265 21.569512292742729 0.56146377418190241 70.800959287211299 0.52778123645111996 8.2747428501024824 0.88971469597890973
leaf_count=91 7376 2160 2546 23708 59 62 2247 10774 24 22 559 285 31 46 97999 39 268 70 28 151 72 27 22 313 562 18 8337 37 607 69
internal_value=-0.00306331 0.0304767 0.038144 -0.0409793 3.86809e-05 0.0425321 0.0391274 0.0325414 0.0383994 0.0649117 0.06104 0.037404 0.0650494 0.198692 -0.046868 0.181251 0.0480261 0.132054 0.0266895 0.0735714 0.0512951 0.131484 0.0668478 0.0715097 0.0968452 0.4027 0.0141698 0.0657521 0.0469739 0.20466
internal_weight=1170.28 620.972 496.024 549.304 124.948 436.587 390.684 291.058 236.389 59.4012 57.9704 30.9658 21.1534 2.39005 417.926 0.647924 18.7634 3.79965 14.9637 7.96802 7.26214 3.26236 2.93838 45.9029 24.4458 1.09987 81.3572 10.5562 10.0284 1.75368
internal_count=158609 36772 20287 121837 16485 17741 16804 14644 12397 1623 1601 1042 757 88 98129 130 669 123 546 278 250 99 92 937 624 42 9109 772 735 128
is_linear=0
shrinkage=0.05


Tree=14
num_leaves=31
num_cat=0
split_feature=11 4 8 11 11 4 12 12 7 7 9 28 2 13 13 3 2 11 5 2 27 4 13 9 3 9 2 27 12 11
split_gain=545.601 51.1875 25.3573 24.4679 21.3706 18.8146 16.6206 15.9565 17.7429 15.9131 16.7886 21.4413 39.2903 17.9295 86.7533 39.9152 44.8195 34.0999 42.995 19.5059 22.0156 21.5875 43.9354 18.3744 17.6026 33.8601 17.5228 17.2631 15.5351 14.3152
threshold=0.0032755969225776028 0.0025402334159899858 1.4554294695754957 0.0021555643425189949 0.017239920400549516 0.006186362314743561 2.6345107142857187 0.76722857142857104 0.00044667506252064508 0.0010660088768452514 1.0377069525213283 -0.022482296886651713 -0.029689209619369158 263.50000000000006 269.50000000000006 -0.0074132649448769286 0.0096279722710435073 0.0040961659173521731 0.00068965517241377278 0.021129586653661162 1.1409023025858012 0.0026033999804486352 347.50000000000006 0.47042291616218929 0.023034703212696853 0.60861399450511766 -0.0025122629920421575 874930.00000000012 2.213221428571424 0.0022331014549743467
decision_type=2 2 2 2 2 2 2 2 2 2 2 2 2 2 2 2 2 2 2 2 2 2 2 2 2 2 2 2 2 2
left_child=3 4 5 -1 -2 9 -5 -6 -9 -3 11 12 -11 -13 15 -15 17 26 -19 21 -21 22 -16 -20 25 -22 -17 -12 -26 -8
right_child=1 2 -4 6 7 -7 29 8 -10 10 27 13 -14 14 19 16 -18 18 23 20 24 -23 -24 -25 28 -27 -28 -29 -30 -31
leaf_value=-0.046699474943678362 -0.031020653526507666 0.010157439531950856 0.0027019331255559204 -0.024934690557355213 -0.050819542626439652 0.043031222055745659 0.3243838181813844 0.53492016502359552 0.070904462954545264 0.049636902914256514 -0.00014539961169733509 0.0033499775334716302 0.51184735914128621 -0.051085161846040977 -0.05044592782858412 0.42702461648663476 0.039033043150269814 0.85001473709399866 0.16898306104810779 -0.023001368755902057 0.048013123471971793 0.021810249509537499 0.9064556966908599 0.50445705221406245 0.07905268192124236 0.60943994444628191 -0.050973033215806131 0.2639610010559223 0.39904663751855807 0.041795084203636867
leaf_weight=399.01575758494437 41.382816795259714 105.18003167398274 65.792783881537616 124.29406531434506 0.4958306336775411 326.66537495516241 0.50940854009240766 0.42149063758552074 0.4029849199578166 1.3061473034322264 27.511472192127261 17.473616941832006 0.70953860878944297 0.87553429137915362 0.28276349790394206 0.31131826713681221 1.0683934860862789 0.66368238395080004 0.65931205824017514 1.7862625317648042 0.48367732856422641 37.140042649582028 0.2083378373645246 1.0715085733681915 2.6124118031002586 0.60384088708087802 0.4991233567707235 0.63296449603512783 0.44371034437790502 3.7270045159384608
leaf_count=98129 6783 9803 3376 23434 53 9231 10 19 30 31 1985 1524 25 66 41 17 48 19 19 125 16 3274 8 37 117 30 44 29 22 264
internal_value=-0.00298521 0.0281718 0.0319731 -0.040588 -0.0247027 0.0356192 -0.0216153 0.173323 0.30812 0.0236046 0.038285 0.0516933 0.212339 0.0468006 0.0623876 0.256475 0.319489 0.412981 0.507864 0.0394467 0.123732 0.026165 0.355496 0.376667 0.186987 0.359744 0.132642 0.00579432 0.125512 0.075775
internal_weight=1164.23 636.685 593.982 527.546 42.7031 528.189 128.53 1.32031 0.824476 201.524 96.3437 68.1992 2.01569 66.1835 48.7099 5.14887 4.27334 3.20494 2.3945 43.561 5.9299 37.6311 0.491101 1.73082 4.14364 1.08752 0.810442 28.1444 3.05612 4.23641
internal_count=158609 36772 29887 121837 6885 26511 23708 102 49 17280 7477 5463 56 5407 3883 250 184 136 75 3633 310 3323 49 56 185 46 61 2014 139 274
is_linear=0
shrinkage=0.05


Tree=15
num_leaves=31
num_cat=0
split_feature=4 10 10 27 4 2 28 10 10 9 30 4 14 18 10 12 8 1 12 13 0 8 9 1 2 7 28 29 13 15
split_gain=470.141 47.0481 32.0524 21.8785 20.5776 38.3212 20.5418 26.0564 42.0466 15.3267 18.3879 16.204 31.1251 15.3427 20.4003 23.9637 17.8281 15.7879 32.3068 31.6329 20.804 43.0702 18.9331 20.9397 22.7861 19.3228 14.3051 14.6737 13.7268 22.1207
threshold=0.0033719169600973974 0.0030758172182295037 0.0025115061821110699 368403.00000000006 0.0056973779769024019 0.080337095738981304 -0.011263688584888411 0.0027118075641190398 0.0026508755760949331 0.77095460780517866 0.67713771134283829 0.0034396776629586584 64.500000000000014 4.5827400633514352e-06 0.0065100097094843963 0.23589999999999836 0.78907691465124252 0.0078606927429693014 0.222285714285717 255.50000000000003 0.0018005899025763663 0.87055446402176506 0.67791401288775366 -0.0093391228317244428 -0.012402731433137302 0.0012689747425229903 -0.01198822530888439 0.096913872968115281 269.50000000000006 0.64705880449826747
decision_type=2 2 2 2 2 2 2 2 2 2 2 2 2 2 2 2 2 2 2 2 2 2 2 2 2 2 2 2 2 2
left_child=2 4 -1 6 5 -2 7 8 -4 11 28 12 -3 16 -15 -16 -13 22 -19 -20 -21 -22 -18 24 -24 -25 -27 -28 -11 -30
right_child=1 9 3 -5 -6 -7 -8 -9 -10 10 -12 13 -14 14 15 -17 17 18 19 20 21 -23 23 25 -26 26 27 -29 29 -31
leaf_value=-0.043669224025791833 -0.01253326151049728 0.59676458556077339 0.092511880116923614 0.5819320790187209 0.029561667199373892 0.66367668096247345 -0.015851542978667581 0.04971082053527609 1.0241147262736172 0.041362760136992333 -0.028384981963271771 0.03863188000785308 0.078321175590051778 -0.013512213592041239 0.40251357623387785 0.0565766559663766 0.030862372352807491 0.41118620632146619 0.46228572165342474 0.0086865225147590985 0.48498361205580187 0.077900693972218757 0.13116026179481313 -0.019119481572457221 0.4756413068055303 0.33578873009741772 0.15103487523504269 -0.053730491204542208 0.006444783807860662 0.039679131105246818
leaf_weight=440.15441818209365 105.16556822089478 0.38587338849902053 0.34689405839890142 0.15804406255483527 43.887303415685892 0.20993390865623851 57.705793740227818 4.9138100566342473 0.18609205493703485 144.75296323373914 14.231552315410225 70.711689172312617 1.159137434326112 20.979257439263169 0.53421552944928219 7.958261483348906 18.125268176198009 0.9587258012033989 0.58146745432168145 4.5428217416629177 0.83271862054243717 2.9572788481600583 1.3090479802340271 3.1313937841914576 0.75801602844148774 0.77038707397878159 3.8253534538671374 1.1343580391257999 112.72577289212495 90.077358587644994
leaf_count=108665 16960 35 46 16 3025 14 9116 425 22 4647 596 3111 83 1342 15 234 810 21 17 123 24 64 32 217 28 19 146 47 4866 3660
internal_value=-0.00259331 0.0254429 -0.0388846 -0.00562013 0.000794857 -0.0111861 -0.00709052 0.0857276 0.417781 0.0327652 0.0273202 0.0467708 0.207805 0.0449823 0.0129549 0.0783377 0.0535915 0.080766 0.13539 0.105729 0.0808478 0.167343 0.0622037 0.114184 0.257485 0.0807571 0.135338 0.104202 0.0296012 0.0212062
internal_weight=1155.17 651.706 503.465 63.3106 149.263 105.376 63.1526 5.4468 0.532986 502.443 361.788 140.655 1.54501 139.11 29.4717 8.49248 109.639 38.9268 9.87301 8.91429 8.33282 3.79 29.0538 10.9286 2.06706 8.86149 5.7301 4.95971 347.556 202.803
internal_count=158426 40136 118290 9625 19999 16974 9609 493 68 20137 13769 6368 118 6250 1591 249 4659 1548 249 228 211 88 1299 489 60 429 212 193 13173 8526
is_linear=0
shrinkage=0.05


end of trees

feature_importances:
atr=43
volatility_20=39
range_pct=37
distance_from_vwap=37
time_since_open=32
pressure_ratio=29
volatility_5=28
returns_10=26
volume_ratio_20=26
lower_wick=24
upper_wick=23
volume_ratio=20
time_to_close=20
returns_5=16
returns_20=16
price_position=14
body_pct=13
volume_momentum=13
returns=10
fvg_size_pct=6
pv_divergence=5
fvg_up=2
fvg_down=1

parameters:
[boosting: gbdt]
[objective: binary]
[metric: auc]
[tree_learner: serial]
[device_type: cpu]
[data_sample_strategy: bagging]
[data: ]
[valid: ]
[num_iterations: 500]
[learning_rate: 0.05]
[num_leaves: 31]
[num_threads: 0]
[seed: 0]
[deterministic: 0]
[force_col_wise: 0]
[force_row_wise: 0]
[histogram_pool_size: -1]
[max_depth: -1]
[min_data_in_leaf: 20]
[min_sum_hessian_in_leaf: 0.001]
[bagging_fraction: 0.8]
[pos_bagging_fraction: 1]
[neg_bagging_fraction: 1]
[bagging_freq: 5]
[bagging_seed: 3]
[bagging_by_query: 0]
[feature_fraction: 0.8]
[feature_fraction_bynode: 1]
[feature_fraction_seed: 2]
[extra_trees: 0]
[extra_seed: 6]
[early_stopping_round: 0]
[early_stopping_min_delta: 0]
[first_metric_only: 0]
[max_delta_step: 0]
[lambda_l1: 0]
[lambda_l2: 0]
[linear_lambda: 0]
[min_gain_to_split: 0]
[drop_rate: 0.1]
[max_drop: 50]
[skip_drop: 0.5]
[xgboost_dart_mode: 0]
[uniform_drop: 0]
[drop_seed: 4]
[top_rate: 0.2]
[other_rate: 0.1]
[min_data_per_group: 100]
[max_cat_threshold: 32]
[cat_l2: 10]
[cat_smooth: 10]
[max_cat_to_onehot: 4]
[top_k: 20]
[monotone_constraints: ]
[monotone_constraints_method: basic]
[monotone_penalty: 0]
[feature_contri: ]
[forcedsplits_filename: ]
[refit_decay_rate: 0.9]
[cegb_tradeoff: 1]
[cegb_penalty_split: 0]
[cegb_penalty_feature_lazy: ]
[cegb_penalty_feature_coupled: ]
[path_smooth: 0]
[interaction_constraints: ]
[verbosity: -1]
[saved_feature_importance_type: 0]
[use_quantized_grad: 0]
[num_grad_quant_bins: 4]
[quant_train_renew_leaf: 0]
[stochastic_rounding: 1]
[linear_tree: 0]
[max_bin: 255]
[max_bin_by_feature: ]
[min_data_in_bin: 3]
[bin_construct_sample_cnt: 200000]
[data_random_seed: 1]
[is_enable_sparse: 1]
[enable_bundle: 1]
[use_missing: 1]
[zero_as_missing: 0]
[feature_pre_filter: 1]
[pre_partition: 0]
[two_round: 0]
[header: 0]
[label_column: ]
[weight_column: ]
[group_column: ]
[ignore_column: ]
[categorical_feature: ]
[forcedbins_filename: ]
[precise_float_parser: 0]
[parser_config_file: ]
[objective_seed: 5]
[num_class: 1]
[is_unbalance: 0]
[scale_pos_weight: 1]
[sigmoid: 1]
[boost_from_average: 1]
[reg_sqrt: 0]
[alpha: 0.9]
[fair_c: 1]
[poisson_max_delta_step: 0.7]
[tweedie_variance_power: 1.5]
[lambdarank_truncation_level: 30]
[lambdarank_norm: 1]
[label_gain: ]
[lambdarank_position_bias_regularization: 0]
[eval_at: ]
[multi_error_top_k: 1]
[auc_mu_weights: ]
[num_machines: 1]
[local_listen_port: 12400]
[time_out: 120]
[machine_list_filename: ]
[machines: ]
[gpu_platform_id: -1]
[gpu_device_id: -1]
[gpu_use_dp: 0]
[num_gpu: 1]

end of parameters

pandas_categorical:[]
