tree
version=v4
num_class=1
num_tree_per_iteration=1
label_index=0
max_feature_idx=208
objective=binary sigmoid:1
feature_names=returns log_returns range_pct body_pct upper_wick lower_wick returns_3 log_returns_3 returns_5 log_returns_5 returns_10 log_returns_10 returns_15 log_returns_15 returns_20 log_returns_20 returns_30 log_returns_30 returns_50 log_returns_50 returns_100 log_returns_100 sma_5 price_to_sma_5 ema_5 price_to_ema_5 sma_10 price_to_sma_10 ema_10 price_to_ema_10 sma_15 price_to_sma_15 ema_15 price_to_ema_15 sma_20 price_to_sma_20 ema_20 price_to_ema_20 sma_30 price_to_sma_30 ema_30 price_to_ema_30 sma_50 price_to_sma_50 ema_50 price_to_ema_50 sma_100 price_to_sma_100 ema_100 price_to_ema_100 sma_200 price_to_sma_200 ema_200 price_to_ema_200 sma_cross_5_10 ema_cross_5_10 sma_cross_10_20 ema_cross_10_20 sma_cross_20_50 ema_cross_20_50 sma_cross_50_100 ema_cross_50_100 sma_cross_50_200 ema_cross_50_200 volatility_5 volatility_ratio_5 volatility_10 volatility_ratio_10 volatility_15 volatility_ratio_15 volatility_20 volatility_ratio_20 volatility_30 volatility_ratio_30 volatility_50 volatility_ratio_50 atr_7 atr_pct_7 atr_14 atr_pct_14 atr_21 atr_pct_21 atr_30 atr_pct_30 rsi_7 rsi_14 rsi_21 rsi_30 bb_upper_10 bb_lower_10 bb_position_10 bb_width_10 bb_upper_20 bb_lower_20 bb_position_20 bb_width_20 bb_upper_30 bb_lower_30 bb_position_30 bb_width_30 macd_12_26 macd_signal_12_26_9 macd_hist_12_26_9 macd_5_15 macd_signal_5_15_5 macd_hist_5_15_5 stoch_k_14 stoch_d_14 stoch_k_21 stoch_d_21 plus_di_14 minus_di_14 adx_14 plus_di_21 minus_di_21 adx_21 volume_ma_5 volume_ratio_5 volume_std_5 volume_momentum_5 volume_ma_10 volume_ratio_10 volume_std_10 volume_momentum_10 volume_ma_15 volume_ratio_15 volume_std_15 volume_momentum_15 volume_ma_20 volume_ratio_20 volume_std_20 volume_momentum_20 volume_ma_30 volume_ratio_30 volume_std_30 volume_momentum_30 volume_ma_50 volume_ratio_50 volume_std_50 volume_momentum_50 vwap_10 distance_from_vwap_10 vwap_20 distance_from_vwap_20 vwap_50 distance_from_vwap_50 roc_5 momentum_5 roc_10 momentum_10 roc_20 momentum_20 roc_50 momentum_50 williams_r_14 williams_r_21 cci_14 cci_20 mfi_14 obv obv_ema_10 time_since_open time_to_close is_first_30min is_last_30min is_lunch_hour price_position_5 price_position_10 price_position_20 price_position_50 volume_price_ratio range_volume_ratio volatility_volume_ratio rsi_volume_ratio atr_volume_ratio returns_volume volatility_returns rsi_momentum adx_returns rsi_diff_7_21 volatility_diff_5_20 volume_ratio_diff_5_20 returns_20_rank volume_ratio_20_rank volatility_20_rank rsi_14_rank skew_10 kurt_10 skew_20 kurt_20 skew_50 kurt_50 acceleration_5 acceleration_10 acceleration_20 dist_to_resistance_20 dist_to_support_20 dist_to_resistance_50 dist_to_support_50 fvg_up fvg_down order_block_bull order_block_bear liquidity_grab_high liquidity_grab_low buying_pressure selling_pressure pressure_ratio pv_divergence
feature_infos=[-0.087889872930304147:0.07534539239424598] [-0.091994542832011916:0.072641905225821687] [0:0.037485398746947021] [0:0.031070019707478504] [0:0.019685973151178815] [0:0.022983903259389801] [-0.08972093957036742:0.14966763606148725] [-0.094004066668968086:0.13947288848266134] [-0.25788145419821296:0.16337386018237088] [-0.29824628334434311:0.1513242837724213] [-0.25643093409146822:0.17819080636877249] [-0.2962936244459321:0.16398004695904253] [-0.26461109897312662:0.2766620908130939] [-0.30735580265899953:0.24424893029851291] [-0.26331732343630609:0.28153381386474452] [-0.30559804048271194:0.24805765263442989] [-0.26759145926832584:0.28087803255276333] [-0.31141680495584401:0.24754580569833706] [-0.26735232498027373:0.27699381254264588] [-0.31109035428780163:0.24450873173141693] [-0.27258362622301235:0.32565812678359563] [-0.31825623667848746:0.28190903558315827] [27.759800000000002:522.89603999999997] [-0.071092000714891523:0.083305603946054907] [27.753681585400262:522.62891133719052] [-0.062491316022418975:0.059484771322428909] [27.797199999999997:522.66872000000001] [-0.1709439483068671:0.11443110250450506] [27.815398534973312:522.3796439549692] [-0.1334134282812427:0.09378179004837639] [27.8188:522.45926666666674] [-0.20217774097260188:0.12594948902501857] [27.842612681475757:521.99969537137099] [-0.16839007768067904:0.10924836325493348] [27.832999999999998:522.13834999999995] [-0.21749499436146469:0.1317203242922147] [27.860456151827567:521.67216777516353] [-0.1884328879755931:0.1180816062434431] [27.880483333333334:521.51431000000002] [-0.23186799849019646:0.13696791231880945] [27.89447376393775:520.98038859333042] [-0.21031431935351841:0.12810700312971979] [27.963142000000001:520.38749600000006] [-0.24345438474819625:0.17187232687607557] [27.944520621705312:519.86380902149642] [-0.22921162589251842:0.13809277858685531] [28.022073999999996:518.96809299999995] [-0.25210387835411641:0.22345167129657684] [28.008902812294615:518.14019145312795] [-0.24390869414070082:0.18572920886361066] [28.091879999999996:515.43260599999996] [-0.25433376538780095:0.25220683511814368] [28.091770326205676:516.33606579089883] [-0.25065904836228714:0.2287142583848556] [-14.880576157891356:7.2607174986678347] [-7.5649552341127579:3.5647078535393506] [-9.9101778442160953:7.6003744712186405] [-7.3562062582615546:3.7814746008644873] [-16.442239585850494:16.215323392875458] [-9.7762172133450616:8.4942711146132943] [-14.887624415901634:11.854704702253226] [-7.6332868792325925:5.923046027983081] [-20.990538066509323:18.908436563973297] [-13.869933069920604:12.031269630133433] [5.5708713767865076e-08:0.11666033784664308] [0.00020980012955698385:30.848538264109731] [3.3786947304841834e-05:0.082634449729410503] [0.062417217207937872:26.59395342219527] [4.3167567771308269e-05:0.093434687480756562] [0.074842760780038556:24.310090648638685] [4.6874599760484534e-05:0.080992826652492494] [0.091047246338765181:22.782673519682248] [5.8824941059487854e-05:0.06597919616539509] [0.083504692452786536:20.480928076420721] [6.3193944599834878e-05:0.051017429744633559] [0.086942914163387577:18.198487866396121] [0.0094714285714222312:12.525714285714287] [5.000873078516771e-05:0.058347571241504019] [0.012049999999997547:7.3392857142857224] [6.6481137909697757e-05:0.03046117312049219] [0.013719047619045929:5.7880809523809535] [7.6241101091583622e-05:0.029173584520719026] [0.015139999999998583:4.7040233333333337] [8.1716452942618838e-05:0.023917559342102823] [0:99.999999417152381] [0:99.999999253221816] [1.3430827010187443:98.375443805471221] [4.3841608383988557:95.097620311471275] [27.99203679780279:523.65949371022884] [27.583641134062599:521.88741991924428] [-0.21143172880508471:1.2112890041883781] [0.00010216357121804466:0.62749553332760488] [28.023642194479077:524.43639524167452] [27.622336949419669:520.63293161485944] [-0.56147156388606256:1.5611269723449883] [0.00019622511362750352:0.56597727560198596] [28.092948295691443:524.60110988788313] [27.541946331821219:519.26568409437232] [-0.82202581178270639:1.8203382861169124] [0.00028300701830044026:0.61000525418307427] [-12.845267564008338:18.38689315991229] [-12.361147498578898:17.981728392747485] [-7.1850249538232607:9.3974605363601107] [-18.473228902931538:23.722184857727029] [-17.324718698495428:22.953995389275633] [-6.0628437547634739:3.7478581626415464] [0:99.99999993993633] [0:99.999999356255202] [0:99.999999940747756] [0:99.999999159645881] [0:89.180467802393338] [0:91.909087680930853] [0:99.999999987964273] [0:84.1677592518773] [0:88.121750714160811] [0:99.999999985681413] [990.60000000000002:14279770] [0.0078591385097786983:4.9505661942007864] [179.84215301650622:8978111.2055153344] [-0.99837772456216722:388.40708287696242] [1385:10358541] [0.0091583242374699593:9.6666870588768425] [486.92591268795275:8300166.530641553] [-0.99837776521912369:340.72559916637721] [1631.2666666666667:9050802.666666666] [0.0096121462127898086:14.242960552027684] [592.46022972619198:7310899.1651543947] [-0.99710620149050444:320.51241830065362] [1689.0999999999999:8508678.5] [0.0073927637172008205:18.657951578079157] [796.23220627613841:6628909.8015248608] [-0.99603456584417605:462.21725826193392] [1860.4000000000001:7560716.666666667] [0.01058340166606146:27.163369463347053] [832.85452980371997:5655469.6656150818] [-0.99793532627660808:329.57058732372542] [2040.98:5954774.5999999996] [0.014884492908928602:41.695617993384751] [1073.9691685977723:4731797.3670463562] [-0.99901555055101043:357.79941648431804] [27.766026719834784:522.70353751109133] [-0.063680753172287108:0.077324874855520184] [27.814917271808849:522.19998419425201] [-0.088082674048778023:0.078822588717160663] [27.97753844290434:520.64017894043411] [-0.11639327581273869:0.080225473102460226] [-25.788145419821294:16.337386018237087] [-47.259999999999991:64.5] [-25.643093409146822:17.819080636877249] [-46.902500000000003:69.310000000000002] [-26.331732343630609:28.15338138647445] [-48.245000000000005:79.199999999999989] [-26.735232498027372:27.699381254264587] [-49.129999999999995:80.168299999999988] [-99.999999908742453:0] [-99.999999928315418:0] [-466.66655300636222:466.66645160839647] [-666.66643894866206:666.66624121291034] [0:100] [-76680548:1576183590] [-75313066.194097802:1574969723.0471315] [240:689] [-299:150] none [0:1] none [0:0.99999999851239174] [0:0.9999999989047097] [0:0.99999999940747764] [0:0.99999999946638207] [0.91145833328768733:249479.63067137005] [0:0.19673031828693205] [3.555763422895534e-06:0.20546249150015791] [0:9268.3075900242002] [5.8437854420286612e-06:0.2420817505634473] [-1.2450246275258734:0.49276883871794497] [0:0.022705039386977016] [-1193.0294478470023:2009.3682845161636] [-25.28416144975974:18.69211682292952] [-73.371875057005411:75.227267695041476] [-0.0777980157725493:0.05856484393620516] [-13.745991309018464:2.3886922843109777] [4.206983592763988e-05:1] [4.2034468263976461e-05:1] [4.2038002354128129e-05:1] [4.2034468263976461e-05:1] [-3.1617620871989582:3.1592736568659769] [-2.4360699380912347:9.9976074000165553] [-4.4678147676638886:4.4626090473932303] [-1.8627281756423424:19.972921634463432] [-7.0535778014318868:7.0240577385466514] [-1.3481708095800193:49.831863769009573] [-0.025127624375284929:0.019391614154287785] [-0.015800752188987487:0.01053389770149803] [-0.017360153878187779:0.0045257655251616513] [0:0.36188583949195974] [0:0.22034674966645959] [0:0.36766071229620828] [0:0.22446172412053275] [0:1] [0:1] [0:1] [0:1] [0:1] [0:1] [0:9650506.5435620118] [0:13951661.395260651] [0:720159987376687.25] [-462.21736511666489:0.99731162350332925]
tree_sizes=3400 3413 3424 3436 3463 3467 3483 3478 3484 3481 3475 3460 3497 3475 3464 3491 3481 3481 3486 3482 3497 3501 3510

Tree=0
num_leaves=31
num_cat=0
split_feature=162 83 79 83 184 81 160 24 16 51 22 159 75 61 63 83 184 20 114 22 159 60 111 80 114 101 190 190 83 60
split_gain=24496.3 24465.4 10533.6 4377.65 3478.61 2366.2 1927.39 3407.21 1505.79 1445.09 1944.08 1318.14 2004.83 1303.32 1264.01 1582.49 1239 1037.97 1029.93 966.327 1008.4 922.105 910.566 867.933 844.931 833.377 797.445 781.59 919.568 764.744
threshold=-269.49999999999994 0.0013157915547833089 0.0056609914564895404 0.00075272596279837194 0.74184594095448164 0.0031111351281568824 -6714415.4661645526 69.529606102664999 0.00010104642739539039 0.0025520729567430904 58.485200000000013 12608985.500000002 1.0211128921984185 0.17018171894207515 0.28539346618949862 0.0017278606319464189 0.30058278803737021 -0.0046778870736094427 8.5936524434507273 90.080820000000017 98473320.000000015 -0.15022221911588082 27.927378463234309 0.12019285714285592 11.549506482015952 0.19300748099479789 -0.33276784872264892 -0.67123006940203112 0.0031741750422102049 -0.28979623447056285
decision_type=2 2 2 2 2 2 2 2 2 2 2 2 2 2 2 2 2 2 2 2 2 2 2 2 2 2 2 2 2 2
left_child=1 3 5 19 6 -2 14 9 -5 23 -11 -10 24 -12 -3 -16 21 -14 -4 -1 -21 -9 27 -8 -13 -6 -25 -18 29 -29
right_child=2 4 18 8 25 -7 7 16 11 10 13 12 17 -15 15 -17 22 -19 -20 20 -22 -23 -24 26 -26 -27 -28 28 -30 -31
leaf_value=-3.954573997655864 -4.3118734080397108 -3.6301113942478018 -3.0458618614428601 -3.9259793248513102 -3.7481931241772255 -4.1608351230753771 -4.2211825371998337 -2.2254139296722575 -3.7417978584842535 -1.8183967537125652 -1.0337652557857284 -1.744145343570783 -1.5115062504949788 -4.2430629878389352 -3.6690462266012704 -0.6917303987040242 -3.9975514608148974 -3.823008786135198 -3.7421248513137084 -4.2359353133289215 -1.744145343570779 -0.8830468903370865 -3.191215892762572 -4.0392194733379032 -2.9152942822173773 -1.5320677864991552 -0.76612524825495409 -3.1054211961701723 -0.79652214321425907 -1.8582804854788648
leaf_weight=41.985068963840604 5173.7604575790465 5.198927065357565 5.7961928378790608 55.600013732910156 8.0087910406291449 272.99118070863187 2.9591804184019588 1.8596684280782936 28.410846861079335 3.434278191998601 0.38007821887731585 2.1718755364418056 0.51582043990492898 1.8868168722838161 0.84160177037119843 0.9501955471932888 0.46152355149388213 8.3074239268898928 63.486636774614453 137.37112767994404 0.40722666308283706 4.0994150750339058 1.9003910943865765 0.35292977467179298 5.2939466200768948 0.44794932939112264 0.39365244098007668 1.561035541817543 1.5881839860230682 5.7826186157763013
leaf_count=3093 381146 383 427 4096 590 20111 218 137 2093 253 28 160 38 139 62 70 34 612 4677 10120 30 302 140 26 390 33 29 115 117 426
internal_value=-4.27176 -3.84797 -4.29651 -4.01692 -2.72426 -4.3043 -2.49644 -2.30266 -3.75227 -3.06817 -2.56854 -3.53621 -3.17762 -3.70498 -3.23541 -2.09017 -1.88528 -3.68787 -3.68388 -4.16458 -4.22857 -1.30196 -2.19307 -3.83683 -2.5746 -3.63081 -2.31341 -1.99113 -1.88745 -2.12338
internal_weight=5838.21 322.171 5516.03 280.063 42.1072 5446.75 33.6505 26.6598 100.3 9.40694 5.70117 44.6999 16.2891 2.2669 6.99072 1.7918 17.2528 8.82324 69.2828 179.763 137.778 5.95908 11.2938 3.70576 7.46582 8.45674 0.746582 9.39336 8.93184 7.34365
internal_count=430095 23734 406361 20632 3102 401257 2479 1964 7389 693 420 3293 1200 167 515 132 1271 650 5104 13243 10150 439 832 273 550 623 55 692 658 541
is_linear=0
shrinkage=1


Tree=1
num_leaves=31
num_cat=0
split_feature=162 83 83 79 50 77 136 161 59 61 161 77 189 22 18 160 22 130 190 63 53 58 30 50 160 58 191 61 87 22
split_gain=9832.92 6589.71 1366.22 950.659 821.25 806.544 583.457 426.004 626.309 819.996 395.133 560.489 656.915 786.482 511.563 453.988 1775.59 695.645 489.779 388.127 381.853 543.635 879.458 1015.13 373.416 374.863 434.689 382.001 370.101 1257.5
threshold=-269.49999999999994 0.003899736478531229 0.0006184500574905299 0.0064430412473903001 84.046717750000013 0.0026289145828887494 6623.8400000000011 599.50000000000011 0.50117914563110333 0.53166521618353013 629.50000000000011 0.0015666347422071938 -1.1216757394794092 251.94305 -0.0079859723545478972 -43773342.759190567 175.16410000000002 31947.478984713951 0.22534762897342592 -0.75571950074289618 0.055554284793010951 0.79490647859086228 110.06157333333334 78.697284750000009 320822.75981227664 -0.095703139546549063 1.5086776439054825 -0.044146248457632702 75.753462471340342 214.54862000000006
decision_type=2 2 2 2 2 2 2 2 2 2 2 2 2 2 2 2 2 2 2 2 2 2 2 2 2 2 2 2 2 2
left_child=2 5 4 20 6 7 -1 -2 10 -10 11 15 13 14 -13 16 17 -9 -19 -5 28 22 23 -22 -8 26 -26 -28 -3 -30
right_child=1 3 -4 19 -6 -7 24 8 9 -11 -12 12 -14 -15 -16 -17 -18 18 -20 -21 21 -23 -24 -25 25 -27 27 -29 29 -31
leaf_value=1.5748205933874684 -0.047694720344681883 0.12649265046708832 0.2201255724465131 0.20741892785539748 -0.013564957523726162 0.03880982964182611 0.8056348590884268 0.091169367646946553 0.090339305051672023 2.8113684289854506 -0.049593950500436766 2.6301015364466398 0.17966193534462027 3.779003802774993 0.076312227129959789 0.00076744066832090847 -0.050670418319517269 3.5396491639565939 1.3082462407785362 0.44538567559636388 0.27736431095801756 0.21207396010315427 -0.016706021289644071 2.4444147040967614 0.13919123842182912 0.07845689386066565 0.46516195288895679 2.5583164943977827 0.27932007842282147 2.9684043317193463
leaf_weight=0.92263463884592312 4082.1765331625938 149.41517713852227 509.84774801135063 24.940798416733742 110.30600232165307 335.52497021853924 2.8601673804223564 0.35251040942966838 0.70914752781391033 0.45421876944601536 325.11289087124169 0.26111882179975499 29.956554835662246 0.26111882179975499 0.78748317435384052 378.12616584822536 4.2954046186059713 0.62668517231941201 0.4047341737896204 54.74777327477932 0.91381344944238652 8.7418838478624803 1.4663306213915346 1.3225165270268915 1.0518034882843519 12.36330416053533 0.38750654831528664 0.49822270497679699 3.4811371583491559 0.49679397046565998
leaf_count=50 312413 9265 14994 1099 7760 23673 155 27 54 34 24899 20 2291 20 60 28962 329 48 31 2175 53 495 95 84 57 670 21 27 204 30
internal_value=-0.00218585 -0.0241039 0.183416 0.228976 0.0376369 -0.0361483 0.349957 -0.0413624 -0.00649424 1.15272 -0.00831621 0.0240154 0.227583 1.32367 0.712247 0.00743193 0.451149 2.00868 2.66404 0.370907 0.160775 0.427148 0.934934 1.55891 0.284104 0.179797 0.826446 1.64256 0.139165 0.615153
internal_weight=6042.81 5404.58 638.237 245.526 128.39 5159.05 18.0836 4823.52 741.348 1.16337 740.185 415.072 31.2663 1.30972 1.0486 383.806 5.67933 1.38393 1.03142 79.6886 165.838 12.4445 3.70266 2.23633 17.161 14.3008 1.93753 0.885729 153.393 3.97793
internal_count=430095 406361 23734 13500 8740 392861 980 369188 56775 88 56687 31788 2391 100 80 29397 435 106 79 3274 10226 727 232 137 930 775 105 48 9499 234
is_linear=0
shrinkage=0.05


Tree=2
num_leaves=31
num_cat=0
split_feature=162 79 74 77 77 162 43 62 62 162 181 160 61 66 184 75 188 24 62 159 60 130 75 184 162 138 75 16 159 101
split_gain=7766.04 4995.79 1097.33 609.787 585.955 486.609 391.575 629.359 309.671 286.803 279.577 256.608 332.704 517.76 255.801 268.276 259.247 685.027 365.389 234.227 255.687 297.724 300.782 234.223 437.733 337.052 334.055 242.169 304.537 233.02
threshold=-269.49999999999994 0.0038098511439547799 0.00035720209858864006 0.0058258802405107089 0.001850001716797785 -209.49999999999997 -0.01408388814301431 -0.4860215104986631 0.13814593116351362 -209.49999999999997 -0.55130210256512091 193384220.73168465 -0.24184657203098478 0.0017350234150256601 0.95529235521106692 1.2789741384031361 -0.36896107676895945 230.52638402170226 2.1768507598708635 1008987070.0000001 -0.054248638566578571 598037.40098034625 1.0151823311067703 0.98370787971940621 71.500000000000014 333250.31790107716 0.45283903621874771 0.0067149008271123476 41141585.000000007 0.81850935161763372
decision_type=2 2 2 2 2 2 2 2 2 2 2 2 2 2 2 2 2 2 2 2 2 2 2 2 2 2 2 2 2 2
left_child=2 4 -1 14 9 6 7 -6 19 10 -2 29 13 -13 15 -3 17 18 -17 -4 21 22 -21 24 25 26 -5 -27 -29 -8
right_child=1 3 8 23 5 -7 11 -9 -10 -11 -12 12 -14 -15 -16 16 -18 -19 -20 20 -22 -23 -24 -25 -26 27 -28 28 -30 -31
leaf_value=-0.035582815651142692 0.10174022214231292 0.10262094667639172 0.19211701751990329 0.9383170915945428 -0.050791936956251005 -0.0078203477175273744 0.055946226674574551 2.8399699782495564 0.12867995590907727 -0.049588026571175094 -0.023217499477963532 0.16916564672136192 0.2331746006848944 2.2387204655577664 0.022416408926268661 0.26230359339295939 0.18340251869998672 2.1941633536433933 1.2979242482720363 0.53916467811372193 0.21361294763796682 0.045258571358713223 1.6132787624031029 0.1407945279627065 0.40261954105724806 0.47898560158536796 0.056077020252686377 0.95562632143175952 0.076229554683253764 1.328668676930379
leaf_weight=72.593550274148583 47.997347397729754 104.29909125063568 382.64755651913583 1.1106981113553036 0.41315952688455582 675.91541760507971 46.276917917653918 0.34593110904097457 277.17263679020107 3519.7629299107939 664.18434505164623 0.67690084874630041 14.003001278266307 0.54597385041415691 64.531949111260474 7.3402278888970578 26.172227245755494 0.55675298161804754 0.96351616829633702 1.348749607801438 4.5590220224112254 1.004594665020704 1.2612459473311899 42.020713346078992 42.67205217294395 13.0036539118737 31.579640345647931 1.090648092329501 10.1143049467355 0.36245469935238261
leaf_count=5155 3595 5425 11940 31 27 50394 2844 23 6475 282397 50801 38 808 37 3418 397 1184 30 45 36 58 27 43 1446 1492 433 1146 23 304 23
internal_value=-0.00265009 -0.0237829 0.149041 0.160076 -0.0365613 0.00453339 0.137869 1.26658 0.169105 -0.043733 -0.014796 0.12402 0.302244 1.09315 0.104714 0.142831 0.262543 0.496309 0.382471 0.197774 0.462619 0.776687 1.05822 0.239787 0.281563 0.190775 0.0860523 0.332189 0.161827 0.0658371
internal_weight=6056.53 5315.94 740.587 345.455 4970.48 738.54 62.6243 0.759091 667.994 4231.94 712.182 61.8652 15.2259 1.22287 203.864 139.332 35.0327 8.8605 8.30374 390.821 8.17361 3.61459 2.61 141.592 99.571 56.8989 32.6903 24.2086 11.205 46.6394
internal_count=430095 406361 23734 15374 390987 54194 3800 50 18579 336793 54396 3750 883 75 10499 7081 1656 472 442 12104 164 106 79 4875 3429 1937 1177 760 327 2867
is_linear=0
shrinkage=0.05


Tree=3
num_leaves=31
num_cat=0
split_feature=162 83 74 77 161 161 116 44 50 44 50 60 99 18 189 160 40 160 56 120 161 181 99 160 77 104 74 82 161 160
split_gain=6342.41 4187.35 789.905 485.392 406.259 410.602 529.626 439.447 622.26 587.25 829.582 504.887 616.218 645.984 630.863 1605.99 469.747 1195.81 414.953 436.252 413.194 272.807 287.968 343.758 260.096 237.378 211.975 222.913 399.746 209.145
threshold=-269.49999999999994 0.0032728538832816939 0.00036359848877345657 0.0058258802405107089 599.50000000000011 629.50000000000011 41062.400000000001 172.59099661238116 85.801984750000017 118.48109958756022 115.64083450000003 0.029491692008620788 0.0014650643058868398 0.00096404149817441731 2.5190184971180312 54054.602650063338 171.64204662476362 2632425.5861495431 0.2347813706065516 171895.90000000005 613.50000000000011 -0.6432679821809052 0.0023735036704249702 38252213.363163479 0.0023675157781970647 -0.43746190622616438 0.0046905379117512533 0.11071333333333325 341.50000000000006 23173655.56010763
decision_type=2 2 2 2 2 2 2 2 2 2 2 2 2 2 2 2 2 2 2 2 2 2 2 2 2 2 2 2 2 2
left_child=2 4 -1 26 24 6 -6 8 -8 10 18 -11 13 -13 16 -16 21 -18 29 -20 -12 22 -14 -24 -2 -4 27 28 -3 -10
right_child=1 3 25 -5 5 -7 7 -9 9 11 20 12 14 -15 15 -17 17 -19 19 -21 -22 -23 23 -25 -26 -27 -28 -29 -30 -31
leaf_value=-0.029415237540263373 -0.048224562366841292 1.8876215842395194 0.43086896055449248 0.18395295570427875 -0.019299873078479402 -0.048740316458261351 -0.030223628871429889 -0.019865878621693062 0.054981117419348857 0.01104442330698923 0.317390289129584 3.5999642788119397 2.0951451588096588 0.14506059508655483 3.0773491585560353 0.15219611488793242 3.8014399799039533 -0.050666571068050004 2.0905905395083191 0.48106507484832994 2.6759395923804958 0.063529134391382233 0.057488019549141171 1.7343225386782235 -0.00059177473271012314 0.13798220566454486 0.17129831111787552 0.059744892099790892 -0.050750595968093892 0.38162166123766439
leaf_weight=75.012381079606712 3625.4688103822991 0.46426148153841384 6.9823859557509413 164.83409989625216 268.3320510527119 313.28982718009502 36.395150076597929 60.78973375633359 6.4628546377644041 36.946964541450143 0.2716687610372891 0.28762101568281906 0.30290491785855111 0.25547204539179802 0.68733349815010969 1.478729930706322 0.31151777878403564 0.570290707051754 0.67633558344095845 1.1151470402255652 0.5867934376001358 16.978265966288745 1.3857964565977452 0.39212656579911698 311.18971171136945 750.38452249765396 52.990100953727961 286.1288934731856 0.62277444545179605 20.272982343100011
leaf_count=5416 304300 27 154 4174 20296 25341 2607 4507 366 2175 20 22 21 20 52 112 24 44 35 38 41 1097 95 25 22637 18164 2259 15179 43 804
internal_value=-0.00280529 -0.0232827 0.125354 0.113532 -0.0379703 -0.00469971 0.0256578 0.0904573 0.143948 0.215186 0.398111 0.124991 0.310861 1.97477 0.269984 1.0804 0.181953 1.31017 0.352025 1.08871 1.92955 0.129754 0.670104 0.427319 -0.0444592 0.140682 0.0794125 0.0624599 0.777108 0.302663
internal_weight=6041.87 5209.49 832.379 505.04 4704.45 767.79 454.5 186.168 125.378 88.9828 29.3858 59.597 22.6501 0.543093 22.107 2.16606 19.9409 0.881808 28.5273 1.79148 0.858462 19.0591 2.08083 1.77792 3936.66 757.367 340.206 287.216 1.08704 26.7358
internal_count=430095 406361 23734 21682 384679 57742 32401 12105 7598 4991 1304 3687 1512 42 1470 164 1306 68 1243 73 61 1238 141 120 326937 18318 17508 15249 70 1170
is_linear=0
shrinkage=0.05


Tree=4
num_leaves=31
num_cat=0
split_feature=162 83 74 161 74 77 77 83 80 136 102 62 136 161 116 114 159 161 184 31 184 66 134 160 75 191 159 159 160 160
split_gain=5332.56 3599.58 600.513 368.285 345.687 321.453 257.888 193.835 282.393 275.899 299.854 223.821 200.695 186.62 199.151 185.336 202.878 183.275 174.318 174.012 226.44 366.829 173.467 378.44 159.886 380.174 744.508 157.966 239.405 307.008
threshold=-269.49999999999994 0.0032728538832816939 0.00035720209858864006 599.50000000000011 0.0011149227974187402 0.0045413459438704831 0.002283530750883288 0.00075272596279837194 0.035080952380955384 16059.050000000001 0.0024817782058658778 -0.57657612326895691 21192.920000000002 629.50000000000011 36150.200000000004 9.6244666015694804 71635742.500000015 629.50000000000011 0.19123270970611281 0.011927106153643898 0.95922444493651426 0.0035332327434186603 12698.715471193651 15667076.482340142 0.87267189488055164 -0.52397639876581137 5356969.5000000009 11099449.000000002 39470073.920669995 38252213.363163479
decision_type=2 2 2 2 2 2 2 2 2 2 2 2 2 2 2 2 2 2 2 2 2 2 2 2 2 2 2 2 2 2
left_child=2 3 -1 6 13 -3 -2 11 9 -9 12 -4 -11 14 -5 16 22 27 24 -8 21 -21 23 -13 25 26 -17 -6 29 -29
right_child=1 5 7 4 17 -7 19 8 -10 10 -12 15 -14 -15 -16 18 -18 -19 -20 20 -22 -23 -24 -25 -26 -27 -28 28 -30 -31
leaf_value=-0.034548451174034926 -0.048304549455672446 0.055801168485621333 0.71551131092611331 -0.029157772749440331 0.01462374296929924 0.13163053952774592 -0.0097132881257609785 -0.0051888805754056674 0.13010050195078066 0.85315013669226336 1.204169620774437 0.22268936384977289 -0.019251862014916195 -0.050598505165478903 0.039653374859628249 -0.052098657967832931 1.1733098075540496 -0.027298390776103354 0.025199336043494586 0.056667707599181764 0.09632326104767347 1.5402327366110278 0.059858392175179534 1.5250748479816736 0.08522784006863636 0.19037038191091479 2.3754711335037881 0.30350790914277093 0.10983775876775835 1.3123048750565844
leaf_weight=68.149403667077422 3425.7195785026997 260.70280513353646 1.3680206052958954 229.29755515512079 19.877168350853026 301.26447263266891 331.78826951794326 2.1405195854604235 628.77311996743083 1.1602169796824457 1.7116920500993726 2.3702587764710157 1.5267455801367757 273.33580602146685 194.20560786221176 0.66992785222828632 0.6124417185783394 25.416195783764124 118.53468800988048 0.93107875529676565 10.525921789929269 0.75416714325547218 5.3975726561620831 0.72942255064845074 64.442737999372184 14.903327593579887 0.59756052028387785 11.901292054913934 31.084948523901403 0.80522101558744985
leaf_count=5155 301527 13630 39 18084 1144 8052 24638 61 10303 34 49 90 43 23407 11666 21 25 1934 4935 66 661 45 231 26 2242 450 30 368 1117 22
internal_value=-0.00308139 -0.0229413 0.108228 -0.0376692 -0.00653408 0.0964525 -0.0441604 0.119744 0.1335 0.46038 0.686941 0.0780524 0.357447 -0.0183906 0.00239692 0.073865 0.294404 0.0862099 0.0637769 -0.00289102 0.182476 0.72058 0.231056 0.529169 0.120501 0.261071 1.09239 0.131522 0.184582 0.367436
internal_weight=6030.7 5117.61 913.088 4555.64 785.924 561.967 3769.72 844.938 635.312 6.53917 4.39865 209.626 2.68696 696.839 423.503 208.258 9.1097 89.0848 199.148 343.999 12.2112 1.68525 8.49725 3.09968 80.6136 16.1708 1.26749 63.6686 43.7915 12.7065
internal_count=430095 406361 23734 384679 57742 21682 326937 18579 10490 187 126 8089 77 53157 29750 8050 372 4585 7678 25410 772 111 347 116 2743 501 51 2651 1507 390
is_linear=0
shrinkage=0.05


Tree=5
num_leaves=31
num_cat=0
split_feature=162 79 74 161 74 83 83 161 46 97 74 161 75 132 62 196 190 159 111 22 137 2 101 161 198 122 134 140 59 128
split_gain=4624.61 3187.26 477.789 347.75 344.793 238.924 198.5 164.96 168.465 199.188 196.974 156.396 154.506 203.883 152.611 174.994 149.009 820.361 224.842 243.823 146.624 137.011 130.661 141.133 166.112 163 142.517 141.715 138.303 123.612
threshold=-269.49999999999994 0.0032072189014490031 0.00035720209858864006 599.50000000000011 0.0011027030600802563 0.0054826404246765522 0.0025174599781025964 629.50000000000011 85.92066800000002 110.17335183321858 0.0011951468987505107 629.50000000000011 1.1591914485702948 95543.416666666686 0.1338027224408567 0.0015479366350814947 5.3517473381625864 -43752798.499999993 14.38302803882349 133.10324000000003 1.9869927040278725 0.0060920520641955999 -0.7543582540846262 383.50000000000006 0.023185865225392167 12898.915221609454 432780.81249696872 85.556495776091836 -0.21384010241641269 172527.07500000004
decision_type=2 2 2 2 2 2 2 2 2 2 2 2 2 2 2 2 2 2 2 2 2 2 2 2 2 2 2 2 2 2
left_child=2 3 -1 6 11 21 -2 8 -6 10 12 20 13 -10 15 -4 -8 -18 19 -19 -5 -3 -7 24 25 28 -26 -28 -24 -16
right_child=1 5 14 4 7 22 16 -9 9 -11 -12 -13 -14 -15 29 -17 17 18 -20 -21 -22 -23 23 -25 26 -27 27 -29 -30 -31
leaf_value=-0.034697180892692032 -0.047713583233176281 0.045597836047437265 0.081629584306396816 -0.013369577246898579 -0.047345587669002959 0.043055315630004851 -0.0061018399510672392 -0.027067729877578939 0.4571930728346198 0.084575577128141094 0.21798813807490613 -0.050568860320061915 0.20205308204476316 1.5256966705630353 0.058466550487631455 0.14078612638905136 2.6671529052735394 -0.050853233233716683 -0.050840249952523758 1.4828151932162852 0.070589998445826224 0.12308098953255334 1.2871402892317905 0.033578397169709111 0.094273743268693977 0.22198743711874691 0.33918457348252123 0.11446049626351557 0.29192688637029762 0.12014373486333925
leaf_weight=65.754311751574278 3356.6278648637235 347.63546298258007 187.45291202142835 359.43590559158474 12.044447498396037 42.848190834745765 223.11276624724269 25.250162712298334 0.97403942979872515 34.833184955641627 18.734058331698179 259.86469415668398 1.1358984578400848 0.82422816753387451 238.67287164367735 375.31234593875706 0.33112710621207941 0.48676742333918699 4.4368738662451506 0.55420459993183613 60.795524638146162 68.255147568881512 0.67230389267206192 26.774942586198449 87.294540943577886 43.644954700022936 13.659629244357349 14.422984527423976 0.72613400779664405 123.15393455885351
leaf_count=5146 307889 16514 5140 26294 681 981 16845 1995 17 1567 378 23385 13 29 5139 6855 22 32 292 34 3371 2090 25 737 1858 1024 186 248 24 1344
internal_value=-0.00318973 -0.0227224 0.0955318 -0.0380806 -0.00768393 0.0809305 -0.0446413 0.0821835 0.122428 0.158619 0.277649 -0.0200781 0.658571 0.946937 0.104793 0.121082 0.000407239 0.25041 0.104322 0.765659 -0.00122302 0.0583142 0.121818 0.139846 0.157583 0.239013 0.125792 0.223768 0.770379 0.0794594
internal_weight=5995.72 5005.38 990.346 4359.44 773.892 645.934 3585.55 93.796 68.5459 56.5014 21.6682 680.096 2.93417 1.79827 924.592 562.765 228.922 5.80897 5.47785 1.04097 420.231 415.891 230.044 187.195 160.421 45.0434 115.377 28.0826 1.39844 361.827
internal_count=430155 406531 23624 382844 57730 23687 325114 4680 2685 2004 437 53050 59 46 18478 11995 17225 380 358 66 29665 18604 5083 4102 3365 1073 2292 434 49 6483
is_linear=0
shrinkage=0.05


Tree=6
num_leaves=31
num_cat=0
split_feature=162 83 83 161 161 83 83 64 50 38 131 116 161 102 97 46 97 184 159 60 83 58 61 160 72 159 126 20 24 197
split_gain=3981.01 2834.14 387.415 331.268 276.812 263.23 223.705 193.648 177.619 173.483 152.137 151.21 142.255 141.927 131.258 139.714 200.907 324.037 491.455 175.915 1069.9 206.786 135.851 128.35 132.392 118.236 175.148 111.443 169.566 174.925
threshold=-269.49999999999994 0.0030024577307804965 0.00065725080377176872 599.50000000000011 629.50000000000011 0.0016480444724929512 0.0046125052198809904 0.0051309912902122523 84.046717750000013 83.558946666666671 0.48059525105659257 36585.30000000001 383.50000000000006 0.11570652169978264 172.16771219421705 91.050235500000014 117.96959690395796 0.067018332696925934 30525900.000000004 -0.23860857373590447 0.0010712096361847588 -0.080450304579887652 0.019694817693238779 320822.75981227664 0.00043320362488711222 -1.0000000180025095e-35 4609.8117431128212 0.0034610901582794455 62.903837710868608 0.0013357062807331859
decision_type=2 2 2 2 2 2 2 2 2 2 2 2 2 2 2 2 2 2 2 2 2 2 2 2 2 2 2 2 2 2
left_child=2 3 8 7 5 11 10 -2 9 23 -3 -5 -8 -10 15 -13 17 18 -17 20 21 -19 -18 24 25 -1 -27 28 -4 -30
right_child=1 6 27 4 -6 -7 12 -9 13 -11 -12 14 -14 -15 -16 16 22 19 -20 -21 -22 -23 -24 -25 -26 26 -28 -29 29 -31
leaf_value=0.017804641205939317 -0.045905381378390731 0.020120801798689227 0.053457526474753193 -0.028820176598508246 -0.04908577814081868 0.10549136067873088 0.11038949617709798 0.10254093957009552 -0.0067494198184478785 0.53266652210819332 0.089083923907328555 -0.030417407376860939 0.028054529819134356 0.82644019054362206 -0.032484851373362766 -0.050778549759959074 -0.018761688798310569 2.6084169999317401 2.272528853643013 0.089527123019683102 0.084726826353194395 1.0631079015925369 0.10697504406872356 0.034742166982149839 0.051669558200387801 0.23255228607519501 0.77834705972987239 0.074604935661806052 0.19549724371326005 0.11207364122416696
leaf_weight=2.0989062301814556 3374.1479909801856 264.21471917349845 98.648534974083304 224.46486585773528 270.09303703624755 67.687227523885667 298.8838932402432 22.113192580640316 152.92511813156307 2.2094620168209067 114.68596673198044 34.451841127127409 63.630119163542986 0.51282590627670188 57.622662011533976 0.43841400183737533 36.992508625611663 0.54524268954992294 0.4734096871688962 12.477579829283055 3.8723479192703962 0.35904379002750353 51.235242647118866 41.270554259419441 7.5752955973148337 3.6422950029373151 2.4644528701901436 287.05785969085991 75.106668127700686 384.64084129221737
leaf_count=38 320916 13975 2030 18313 25259 2378 6624 1351 8685 33 4404 2479 1813 28 4329 30 2151 30 25 505 103 20 1826 1100 128 44 42 3688 1218 6590
internal_value=-0.0031985 -0.0221969 0.0847487 -0.0382588 -0.00843511 0.0139436 0.067859 -0.0449388 0.0244308 0.0979522 0.0409946 -0.000707901 0.0959377 -0.0039647 0.0310867 0.057095 0.0854328 0.236852 1.15546 0.188307 0.446342 1.99486 0.0542556 0.0811168 0.202396 0.341544 0.452814 0.0999235 0.112939 0.125702
internal_weight=5956.54 4898.39 1058.15 4156.97 760.713 490.62 741.415 3396.26 212.699 59.261 378.901 422.933 362.514 153.438 198.468 140.846 106.394 18.166 0.911824 17.2542 4.77663 0.904286 88.2278 57.0515 15.7809 8.20565 6.10675 845.454 558.396 459.748
internal_count=430155 406531 23624 379715 57448 32189 26816 322267 10098 1385 18379 29811 8437 8713 11498 7169 4690 713 55 658 153 50 3977 1352 252 124 86 13526 9838 7808
is_linear=0
shrinkage=0.05


Tree=7
num_leaves=31
num_cat=0
split_feature=162 81 161 74 161 74 72 77 79 160 61 160 138 138 159 111 184 190 138 184 190 162 161 170 61 184 71 138 188 100
split_gain=3451.96 2553.26 325.841 324.965 256.957 237.337 185.445 160.474 128.763 145.594 153.88 164.555 455.498 135.798 188.712 143.741 143.315 129.204 119.735 119.247 179.756 209.436 160.298 117.817 113.205 112.834 154.584 139.173 127.768 112.365
threshold=-269.49999999999994 0.003021090690471222 599.50000000000011 0.00035720209858864006 629.50000000000011 0.0010684636510374394 0.0037817445797309404 0.0019618832556565846 0.0010491684536549565 -519969.7648225805 0.26978887336772678 -10878638.284224851 18247.456762251884 11813.716788758387 -437398.49999999994 8.5474143718839404 0.078559564711643784 0.32116077102435342 4670.3661396904708 0.89948363977248158 -4.1000406974773878 52.500000000000007 262.50000000000006 354.68523482596623 0.40650062958220717 0.98370787971940621 1.8636355949679062 49271.120713712677 -1.1561673558275725 -0.43153021888976179
decision_type=2 2 2 2 2 2 2 2 2 2 2 2 2 2 2 2 2 2 2 2 2 2 2 2 2 2 2 2 2 2
left_child=3 2 7 -1 5 23 19 -2 9 10 11 12 -5 14 -11 17 -15 -16 -19 20 21 -3 -22 -4 -7 26 -8 28 -28 -10
right_child=1 6 4 8 -6 24 25 -9 29 13 -12 -13 -14 16 15 -17 -18 18 -20 -21 22 -23 -24 -25 -26 -27 27 -29 -30 -31
leaf_value=-0.034111433088663226 -0.049010382772294095 1.1214379955334033 -0.025605630256944584 0.72519393633921247 -0.048987334707593998 0.066779767070672708 0.08312676282080815 -0.015031596608859502 0.23591306035833554 0.63290064485072017 0.59534129306355721 -0.046207940516772877 0.02014939733255032 0.14223923232193708 0.16174518017489692 0.092989809069281823 0.042831405480417029 0.88679619323966785 0.31242418786545584 -0.0021797922079284308 0.46761810680149596 0.0085098441012522175 0.04887467252295348 0.028073474136032485 0.23655200619558758 0.043812858586956743 -0.031480534218537769 0.13214561857578783 0.37982532284484649 0.095703021280202791
leaf_weight=63.488101933151484 2845.7618315573782 0.8520049825310696 239.7373573994264 2.6997778583318022 257.59744860511273 69.993576670996845 204.20732026919723 395.80908329132944 14.691457480192183 1.7448475398123253 1.07737486809492 59.615801872685552 15.123739538714288 42.168288273736835 9.5337821356952173 126.29774837009609 258.63102330081165 1.3302605394273985 2.8540854938328266 131.45703593455255 2.3039136268198481 0.83898954652249813 285.26612244639546 178.20304196979851 11.421418076381086 112.71368436422199 2.2523018121719351 44.341660046949983 11.677365869283674 522.14303047582507
leaf_count=5146 288239 31 19405 60 25269 2583 4294 33916 179 34 16 1752 336 753 164 3080 6413 27 54 6770 53 42 12064 10006 197 2840 41 613 168 5610
internal_value=-0.00321333 -0.021685 -0.0379641 0.0757605 -0.00842714 0.0124962 0.0600986 -0.0448614 0.0823542 0.0646487 0.00190124 -0.006355 0.126944 0.075781 0.116126 0.109686 0.0567671 0.263403 0.495025 0.0373069 0.055252 0.569257 0.0522295 -0.00271773 0.0905965 0.0856558 0.103624 0.175455 0.313321 0.0995401
internal_weight=5915.83 4794.43 3998.52 1121.4 756.953 499.355 795.91 3241.57 1057.91 521.077 78.5167 77.4393 17.8235 442.56 141.761 140.016 300.799 13.7181 4.18435 420.718 289.261 1.69099 287.57 417.94 81.415 375.192 262.479 58.2713 13.9297 536.834
internal_count=430155 406531 379615 23624 57460 32191 26916 322155 18478 12689 2164 2148 396 10525 3359 3325 7166 245 81 18960 12190 73 12117 29411 2780 7956 5116 822 209 5789
is_linear=0
shrinkage=0.05


Tree=8
num_leaves=31
num_cat=0
split_feature=162 83 161 81 161 72 64 83 181 181 82 52 22 81 50 61 208 83 161 83 161 68 51 161 184 75 82 69 159 61
split_gain=3013.69 2308.21 314.78 267.017 240.749 190.027 171.108 134.888 110.223 109.06 108.363 129.101 128.416 105.575 100.607 96.4757 117.958 95.6001 93.2942 90.2135 89.5384 106.176 87.7656 86.2897 83.7226 91.5685 86.5392 93.5462 105.936 142.293
threshold=-269.49999999999994 0.0030024577307804965 599.50000000000011 0.00072053644116666594 629.50000000000011 0.0010505751197651676 0.0051309912902122523 0.0046125052198809904 -0.46519357865621352 -0.19860844987676232 0.15795666666666602 127.80753157225926 251.94305 0.0019110683527382914 89.953383250000016 -0.22550704590806878 0.1800079512128048 0.0021882575388054459 383.50000000000006 0.00058113068251449687 611.50000000000011 0.0029448036255116119 0.023327634859940164 617.50000000000011 0.019421965326500031 0.86907868563671731 0.068206666666664986 0.8344676842271036 289988205.00000006 -0.0035479321463527387
decision_type=2 2 2 2 2 2 2 2 2 2 2 2 2 2 2 2 2 2 2 2 2 2 2 2 2 2 2 2 2 2
left_child=3 2 6 14 5 8 13 9 23 20 -7 17 -13 -2 -1 16 -14 -12 -9 -16 -3 -22 -19 -4 25 -5 27 28 -26 -30
right_child=1 7 4 24 -6 10 -8 18 -10 -11 11 12 15 -15 19 -17 -18 22 -20 -21 21 -23 -24 -25 26 -27 -28 -29 29 -31
leaf_value=0.063457004674877956 -0.049077845908693955 0.072831405221124551 -0.03737059501394048 0.34216108152658742 -0.048884762586169021 -0.047808382354015272 0.087146440922742902 0.084873967335608536 -0.013661676860739777 0.021753547943327189 0.21835752041699222 -0.037736355768176258 0.82100024023852858 -0.021999335985749855 -0.031193265093899549 0.052878081684799252 0.18136757151311986 0.030946785834616304 0.021340112588935974 0.039997273941954195 0.20273002589186168 0.88961883044129686 0.39683509782341542 0.093113815362243293 0.079913794339912081 0.11546010601037533 0.087566656500888379 0.033370985827666774 0.64852190397707876 0.14058231383497136
leaf_weight=114.77583564817905 2672.1773646073416 70.06951148994267 17.395669255405664 6.1282120868563679 245.42011347319931 14.320330230519174 24.530781743116677 351.69086753763258 351.10047898348421 332.34718527924269 26.003629613667727 22.428981070406738 1.1314180921763184 415.99453168362379 91.501880535855889 4.5775372153148046 1.9859640840440986 16.082812475040559 69.140221880748868 86.633918473497033 5.0003361757844678 0.63391721993684758 1.8249304648488749 46.641580608673394 19.144896592944864 16.307250317186117 686.39987221173942 150.8073427900672 2.1331156343221664 3.8990584872663012
leaf_count=2515 283300 2447 1098 56 25259 774 1351 6624 26114 15765 498 1190 35 37616 6385 89 17 315 1813 2870 150 17 33 2026 343 143 8518 2722 35 37
internal_value=-0.00317818 -0.0211329 -0.0373832 0.0683294 -0.0082799 0.0115123 -0.0443854 0.0545741 -0.00265871 0.0340905 0.0780948 0.102448 0.022731 -0.0454302 0.0269508 0.19898 0.413515 0.157135 0.0744357 0.00342928 0.0882509 0.280013 0.0682335 0.0576678 0.0820274 0.177383 0.0795467 0.0482659 0.137484 0.320201
internal_weight=5868.23 4690.5 3861.62 1177.73 748.913 503.493 3112.7 828.882 415.138 408.051 88.3556 74.0353 30.1239 3088.17 292.912 7.69492 3.11738 43.9114 420.831 178.136 75.7038 5.63425 17.9077 64.0372 884.82 22.4355 862.384 175.984 25.1771 6.03217
internal_count=430155 406531 379715 23624 57448 32189 322267 26816 29238 18379 2951 2177 1331 320916 11770 141 52 846 8437 9255 2614 167 348 3124 11854 199 11655 3137 415 72
is_linear=0
shrinkage=0.05


Tree=9
num_leaves=31
num_cat=0
split_feature=162 77 162 74 162 72 78 52 48 50 184 74 114 160 60 160 159 62 63 60 60 63 97 22 62 22 74 49 51 184
split_gain=2651.45 2131.37 308.546 228.676 211.016 195.048 162.045 183.376 178.314 128.411 122.08 106.545 136.26 129.988 100.833 90.8315 120.875 91.6302 204.071 140.469 99.7456 173.579 95.7257 221.001 112.623 106.196 135.433 90.159 100.987 93.9015
threshold=-269.49999999999994 0.0026289145828887494 -209.49999999999997 0.00035720209858864006 -239.49999999999997 0.0037817445797309404 0.081760714285712174 132.17468431376474 132.14971505797703 85.801984750000017 0.92292647371659553 0.00080320541760622258 13.007329005001145 -519969.7648225805 0.2535812906363733 677259.15416386409 4322688.0000000009 -0.44728281105849138 -0.37881821920294761 -0.084744873466457968 -0.071084794893661027 0.1110334439494043 99.564769943944711 89.402560000000008 -1.0000000180025095e-35 41.319140000000012 0.00039149545032717952 0.021275083048412972 -0.013977497520844926 0.79717105970528135
decision_type=2 2 2 2 2 2 2 2 2 2 2 2 2 2 2 2 2 2 2 2 2 2 2 2 2 2 2 2 2 2
left_child=3 2 4 -1 -2 10 -6 8 9 -8 27 12 14 -14 -5 17 -17 18 -15 -19 21 -21 23 25 -25 -22 -27 28 29 -3
right_child=1 5 -4 11 6 -7 7 -9 -10 -11 -12 -13 13 15 -16 16 -18 19 -20 20 22 -23 -24 24 -26 26 -28 -29 -30 -31
leaf_value=-0.033110008138662855 -0.048987113629313565 0.11988490074823353 -0.045999491536251193 0.092165145491193534 -0.025598403556868616 0.069565852034206621 -0.040460848887506992 0.0043605687380273246 0.75739126852778971 0.10802377158855354 -0.011661650880691874 0.08510178528603278 -0.0111445983926275 -0.052952067791967289 0.32991959996370657 -0.0062634919314814288 0.05996424649920528 -0.045616711619062306 0.49081131042212967 0.18073873414382713 0.31528644556911473 0.90534942507429905 -0.039796401745947368 0.18882727887758871 0.80724978424938332 0.28908161390361625 -0.015641788082292787 0.098028902688617331 0.015026488202474837 0.014316976277079183
leaf_weight=59.972668875008821 231.07104391604662 51.709051660262048 2859.5683736149222 124.7026450894773 202.13139491062611 424.92225358728319 17.776271585375071 194.66179354954511 0.98462172131985326 80.489725395105779 163.38919812161475 479.37682322412729 90.493128114379942 2.8390207514166832 4.6248967032879582 87.907394582405686 318.58469056524336 14.472766038030384 4.3989580720663062 3.3651731461286536 4.8158142231404844 1.0955242998898027 8.4134906176477653 1.2447804417461159 1.8019065428525198 4.7359117269516018 15.848340723663567 56.565766263753176 270.77315402962267 35.54347918368876
leaf_count=5146 25002 2314 312923 1910 15966 7873 1088 12278 21 2496 9897 4101 2246 57 58 2078 6771 355 63 49 53 21 304 34 38 38 302 1491 13634 1548
internal_value=-0.00312275 -0.020587 -0.0386046 0.0621121 -0.00952202 0.0438493 0.00886192 0.0325612 0.0878715 0.081163 0.0249428 0.0669983 0.054409 0.0437263 0.100668 0.0543018 0.0456419 0.11015 0.277526 0.0884363 0.135389 0.358699 0.108364 0.152185 0.554582 0.103918 0.0544673 0.0393685 0.0301006 0.0768804
internal_weight=5818.28 4589.59 3586.68 1228.69 727.115 1002.9 496.044 293.912 99.2506 98.266 577.981 1168.72 689.344 560.017 129.328 469.524 406.492 63.0317 7.23798 55.7937 41.3209 4.4607 36.8602 28.4468 3.04669 25.4001 20.5843 414.591 358.026 87.2525
internal_count=430155 406531 369774 23624 56851 36757 31849 15883 3605 3584 28884 18478 14377 12409 1968 10163 8849 1314 120 1194 839 70 769 465 72 393 340 18987 17496 3862
is_linear=0
shrinkage=0.05


Tree=10
num_leaves=31
num_cat=0
split_feature=162 77 161 161 81 137 77 184 77 76 190 40 132 190 69 161 96 62 159 102 196 184 80 42 24 24 138 42 59 115
split_gain=2199.4 2010.14 321.168 212.018 209.523 167.952 138.895 134.034 103.007 96.7666 90.937 86.3746 132.095 157.148 76.8336 221.285 87.6155 75.4388 74.4089 72.4498 93.581 70.4577 83.097 89.7975 139.213 157.168 163.218 189.62 130.233 127.724
threshold=-269.49999999999994 0.0026289145828887494 599.50000000000011 629.50000000000011 0.00068714610825485899 1.1910226809924658 0.0058258802405107089 0.95922444493651426 0.0019618832556565846 0.088714285714284011 3.7309046568213184 118.49626497106512 13426.850000000002 -0.17775566290736663 0.60781814392407429 572.50000000000011 482.08696026244888 -1.1135539239068735 1008987070.0000001 0.10167481515161117 0.0027152779183767782 0.078559564711643784 0.06219523809523949 121.75203800000001 87.302645372110035 99.171787559376227 18690.318489005822 98.268660000000025 -0.074103658003915593 25.923865511142697
decision_type=2 2 2 2 2 2 2 2 2 2 2 2 2 2 2 2 2 2 2 2 2 2 2 2 2 2 2 2 2 2
left_child=4 2 8 5 19 -4 7 10 -2 -7 -3 12 13 -11 15 16 -10 -6 21 -1 -21 -19 -23 24 -24 26 28 -28 -26 -29
right_child=1 6 3 -5 17 9 -8 -9 14 11 -12 -13 -14 -15 -16 -17 -18 18 -20 20 -22 22 23 -25 25 -27 27 29 -30 -31
leaf_value=0.01314732913424323 -0.048679556333776741 0.035686480394720575 -0.01446094973719436 -0.048881517832626946 0.1701946052954392 -0.0005596352123835405 0.068157168093288853 -0.012072638790484549 0.038342605364473314 -0.050653336175253874 0.12450676418511274 0.041346129811348518 0.11454460139411074 1.2874289872092541 -0.025293708624348349 1.3788862384724325 1.0032662187794938 0.10268383521218355 0.14682595071116653 0.81668253277411762 0.086736952668611214 0.021508701167595401 0.061320937195054472 0.049134832667380501 0.75056661014880921 0.078993740088156253 0.095314918828798459 0.78300012339645642 0.29182795930303446 0.16622822467702625
leaf_weight=259.94173915684223 2475.1920066112652 516.69273179955781 291.56882363650948 220.13967958744615 16.983928073197603 76.012428342364728 334.94019118417054 154.68014002405107 29.061848615296192 0.37797065731137991 30.519675984047353 87.220263018272817 43.662025350145996 0.52310146950185199 227.69343459326774 0.31480901688337226 0.23717279545962711 94.238951060920954 26.334694620221853 0.63307513669133131 1.4329096022993324 137.48313535191119 203.31410632655025 425.83036273438483 1.8029585704207409 55.436818328686059 25.512726106680933 1.7932927347719663 10.904127163812516 1.5780132003128526
leaf_count=10655 288382 23081 20840 25005 163 5415 5085 7683 2389 30 862 4411 1043 37 22065 30 17 849 210 22 45 2506 2294 5614 32 683 280 30 137 21
internal_value=-0.00298481 -0.0193863 -0.0377236 -0.00800257 0.0552977 0.0100185 0.0416654 0.0290236 -0.0455496 0.0443668 0.0406403 0.0702803 0.126911 0.726147 -0.0154402 0.0603211 0.0461536 0.0657146 0.0639117 0.0154913 0.310413 0.0616322 0.0571528 0.0639011 0.0848371 0.134113 0.207582 0.141885 0.356917 0.494307
internal_weight=5752.06 4488.84 3452 719.504 1263.22 499.365 1036.83 701.893 2732.5 207.796 547.212 131.783 44.5631 0.901072 257.307 29.6138 29.299 1001.21 984.229 262.008 2.06598 957.894 863.656 726.172 300.342 97.0279 41.5911 28.884 12.7071 3.37131
internal_count=429916 406375 369664 56781 23541 31776 36711 31626 312883 10936 23943 5521 1110 67 24501 2436 2406 12819 12656 10722 67 12446 11597 9091 3477 1183 500 331 169 51
is_linear=0
shrinkage=0.05


Tree=11
num_leaves=31
num_cat=0
split_feature=162 77 161 161 83 137 74 77 50 40 160 79 50 136 190 138 142 32 124 144 159 160 50 24 128 70 124 46 82 60
split_gain=1948.03 1847.14 315.981 200.173 179.989 145.697 119.735 103.42 88.0753 110.669 104.341 402.826 112.566 217.203 84.0511 84.5983 128.262 162.193 115.982 102.921 91.7476 89.1945 83.7575 109.185 81.4354 88.7558 78.5385 77.335 141.538 152.144
threshold=-269.49999999999994 0.0026289145828887494 599.50000000000011 629.50000000000011 0.00062999247190933096 1.1910226809924658 0.0017806288859339484 0.0019618832556565846 85.801984750000017 118.49626497106512 22818018.027253218 0.00049802973542389646 113.29383325000002 11719.660000000002 3.7309046568213184 51100.695117372532 59.221544862189894 161.019214663344 187506.33333333337 83.010458712820636 689219525.00000012 359925.31750593975 76.280812000000012 69.052503406850036 321181.85000000003 0.0036855220974064584 77081.56666666668 68.458199000000022 0.049003333333333891 -0.031308294893983561
decision_type=2 2 2 2 2 2 2 2 2 2 2 2 2 2 2 2 2 2 2 2 2 2 2 2 2 2 2 2 2 2
left_child=4 2 7 5 22 -4 -3 -2 -7 10 12 -12 -10 -14 -8 16 -16 -18 -17 20 24 26 23 -1 -20 -26 -19 -6 29 -29
right_child=1 6 3 -5 27 8 14 -9 9 -11 11 -13 13 -15 15 18 17 21 19 -21 -22 -23 -24 -25 25 -27 -28 28 -30 -31
leaf_value=0.035492565324313163 -0.048572648263621919 -0.012152873482236605 -0.013925373684005586 -0.048781334644010139 0.035216929300393177 -0.026063133954528063 0.037060655131794538 -0.01499807894247196 -0.026035495015697959 0.02695527484902828 1.3957284998874691 0.14270130434575659 0.93271938460401815 0.093121354409674742 0.97583646396470236 -0.014892205809424791 -0.0024211934054827254 0.69946128574592625 -0.015023947298483145 0.054881523987567786 -0.0046614318464248553 0.17522741611960507 -0.010533633077692305 0.26215839373218275 0.53398334380383461 0.20199047633255562 0.24353557874739018 0.17081121504351182 0.064328299784586582 0.79333759729427422
leaf_weight=36.018367912620306 2359.5287641696632 106.55072781164199 287.74310521129519 209.82267585676163 270.31963063590229 40.426230604760349 804.64937442354858 254.06035099923611 19.177856660448018 114.58121346030384 0.65347921755164762 34.733267437666655 0.9140062453225245 4.8995486572384834 0.48700206633657472 35.702318325638771 8.8144747791811842 1.989479891955851 3.868736224249008 72.43915406614542 6.9142246395349494 6.2193624405190349 154.19501822907478 6.2321706339716902 2.2107651149854091 22.523408932611346 1.7984373643994329 4.0025461167097092 834.61453619878739 1.3003368377685536
leaf_count=695 288382 7555 20840 25005 3887 3034 25583 24501 1267 5993 27 447 41 127 30 945 305 32 93 1626 180 108 8307 82 50 188 16 68 10474 28
internal_value=-0.00293536 -0.0188528 -0.0372604 -0.00775566 0.0506721 0.00935352 0.038153 -0.0453089 0.0404528 0.055822 0.110603 0.165841 0.0323895 0.225123 0.0436925 0.0764374 0.1747 0.153971 0.0632302 0.0890661 0.158787 0.291723 0.00655635 0.0689269 0.198298 0.231664 0.482996 0.058478 0.0659644 0.323463
internal_weight=5707.39 4400.71 3326.54 712.951 1306.68 503.129 1074.17 2613.59 215.386 174.959 60.3782 35.3867 24.9914 5.81355 967.617 162.967 19.3088 18.8218 143.659 107.956 35.5171 10.0073 196.446 42.2505 28.6029 24.7342 3.78792 1110.24 839.917 5.30288
internal_count=429916 406375 369664 56781 23541 31776 36711 312883 10936 7902 1909 474 1435 168 29156 3573 491 461 3082 2137 511 156 9084 777 331 238 48 14457 10570 96
is_linear=0
shrinkage=0.05


Tree=12
num_leaves=31
num_cat=0
split_feature=162 79 161 161 79 80 77 44 83 120 44 184 18 191 132 136 75 63 71 191 161 77 62 51 69 46 190 197 60 44
split_gain=1732.43 1700.5 313.066 184.782 155.884 128.954 128.292 109.963 98.8233 93.7595 86.4901 85.3182 101.823 196.324 195.147 480.898 105.075 104.153 130.484 85.1374 101.444 82.5109 81.3097 78.7607 92.3528 73.346 72.2115 80.9639 71.8516 117.573
threshold=-269.49999999999994 0.0025298671494318856 599.50000000000011 629.50000000000011 0.00069870412929014822 0.06219523809523949 0.0035715252850455769 172.59099661238116 0.0018158275986603235 30664.300000000003 87.997365551111486 0.91522177895024837 0.015720645878964937 -0.75446649501213325 42393.466666666674 191496.13000000003 1.9837123005599859 -1.8129346083582019 0.80725058452466547 -0.042250251662310216 609.50000000000011 0.0019618832556565846 0.75928471211200732 -0.0095236826178300964 1.932236643830153 73.365849000000011 -0.82415560837377766 0.0010073455213755321 0.024387298916717096 118.48109958756022
decision_type=2 2 2 2 2 2 2 2 2 2 2 2 2 2 2 2 2 2 2 2 2 2 2 2 2 2 2 2 2 2
left_child=4 2 21 5 -1 -4 11 9 -9 -7 -11 12 16 14 -14 -16 23 18 -15 20 -10 -2 -19 24 -3 -24 -12 -28 29 -29
right_child=1 6 3 -5 -6 7 -8 8 19 10 26 -13 13 17 15 -17 -18 22 -20 -21 -22 -23 25 -25 -26 -27 27 28 -30 -31
leaf_value=0.012717410765988243 -0.048525574575497651 0.050610708876738519 -0.034377251047420232 -0.048400631144071435 0.055131679626613632 -0.012492293854172431 0.045412494388660893 -0.033257542042471507 0.62153982763884263 -0.019350368465734086 -0.049832360831628821 -0.021291265764631112 -0.050787271404891338 0.029801443494401975 2.2676649561915112 -0.050896334899299234 0.81829082613075332 -0.040473375184992916 1.0757441733199842 -0.043419502250883091 0.13556295494668458 -0.016402492500456573 -0.053352735333260341 -0.012512652631714097 0.80402365979953094 0.13737444187918235 0.012321665544759046 0.1363521101914654 0.1447053490174702 0.0022268963035573229
leaf_weight=271.19077148567885 2245.0376069294289 62.675875275395811 129.41577839851379 199.35355750052258 1076.7180707240477 59.568390477448702 769.31682477053255 103.28980125952512 1.2614911869168262 29.548821898177266 11.032312005758284 138.83666997216642 0.58665747009217628 0.61731628794222959 0.45284804701805115 0.44185950886458158 0.40251641999930043 13.749522017315028 0.57679001893848181 5.5951218064874402 7.2182222083210945 219.441316020675 6.1343003408983341 130.87183334957808 0.40940358303487201 28.274898676201701 32.185422856360674 31.411800327710807 53.482688257470727 34.05079887714237
leaf_count=10420 287886 3178 11158 24956 13121 4481 18057 8319 38 1770 462 8772 41 29 26 29 29 790 27 247 100 21708 294 7728 26 1130 1354 503 1319 1918
internal_value=-0.00288314 -0.0183391 -0.0372958 -0.00772037 0.0465982 0.00856229 0.0336305 0.0236366 -0.016321 0.0422994 0.0593242 0.0100279 0.0277619 0.0907652 0.657923 1.12262 0.0112835 0.0737415 0.535024 0.10797 0.20786 -0.0456653 0.0623039 0.00960876 0.0555001 0.103373 0.07366 0.0826748 0.101712 0.066586
internal_weight=5663.15 4315.24 3161.89 697.414 1347.91 498.061 1153.35 368.645 117.365 251.28 191.712 384.03 245.194 50.8342 1.48137 0.894708 194.36 49.3528 1.19411 14.0748 8.47971 2464.48 48.1587 193.957 63.0853 34.4092 162.163 151.131 118.945 65.4626
internal_count=429916 406375 366219 56625 23541 31669 40156 20511 8704 11807 7326 22099 13327 2366 96 55 10961 2270 56 385 138 309594 2214 10932 3204 1424 5556 5094 3740 2421
is_linear=0
shrinkage=0.05


Tree=13
num_leaves=31
num_cat=0
split_feature=161 79 161 161 79 53 137 161 60 191 79 122 188 96 160 75 74 188 75 145 161 101 47 160 136 197 61 73 159 38
split_gain=1527.8 1567.31 312.341 170.255 139.807 126.428 120.879 119.624 202.459 118.482 115.374 107.827 167.009 163.29 93.1594 91.4669 86.0329 85.5057 83.5572 151.399 118.793 106.863 107.231 82.4763 162.525 80.8002 79.7973 75.4134 92.0104 72.8451
threshold=658.50000000000011 0.0023824375884301851 599.50000000000011 629.50000000000011 0.0010491684536549565 0.015728927799961826 1.1910226809924658 592.50000000000011 -0.040757132385060839 0.51826813271135352 0.0033062630318996034 199370.70388723319 0.069050569966541769 76.562875765798296 -519969.7648225805 1.2924614205388105 0.00035720209858864006 -0.26025921707242616 0.59354066406492423 -0.0019014352887851418 365.50000000000006 -0.22226370666166692 -0.010926712164152695 -10878638.284224851 36879.040000000008 0.00142193131940211 0.26978887336772678 0.42087783426783781 8043702.0000000009 68.481890000000007
decision_type=2 2 2 2 2 2 2 2 2 2 2 2 2 2 2 2 2 2 2 2 2 2 2 2 2 2 2 2 2 2
left_child=1 2 -1 6 14 10 -4 15 -9 11 -3 12 -10 -14 23 -7 -16 -17 19 20 -12 -22 -23 24 -2 -8 -25 28 -20 -18
right_child=4 5 3 -5 -6 7 25 8 9 -11 18 -13 13 -15 16 17 29 -19 27 -21 21 22 -24 26 -26 -27 -28 -29 -30 -31
leaf_value=-0.046250137476868868 0.28350353079194596 -0.0090080472938121343 -0.014365491851421844 -0.048741890836554932 0.059391339866612838 0.018741511758213644 -0.0068915841842513443 0.75627554141642284 0.16903119415264664 0.0039001143326146907 0.12297334633455557 -0.018677063266788193 1.2607246247389154 0.40568635558936927 -0.02773780735220471 0.13050866261255409 0.011758392231464458 0.051626295320002784 0.021429986453610553 -0.031542407791406185 0.23753759951432474 1.0473563798772838 0.25134276786151893 -0.047925840580344617 -0.0090223220244045107 0.057484609560334798 0.24016945038628201 0.025665472107134657 0.45842741102944118 0.05138821770842561
leaf_weight=2307.0152698913589 6.3157791849225786 270.67533706640825 271.85680152755231 182.36492010578513 654.44975407375023 182.47303763777018 73.763030585832894 1.3603971246629978 4.7795684300363082 10.014360901899634 5.3776539564132708 2.798059206455946 0.8001211974769834 1.8481032783165572 50.260938419960439 42.192461640574038 160.14971308130771 184.91444460488856 2.600398425012826 7.1019523544237009 2.0522131398320202 1.181285444647074 0.6591494102030987 80.466156438924372 19.131018201820552 143.69189678318799 2.4775724783539763 523.97628049086779 2.2439625896513462 420.21286703366786
leaf_count=304982 66 19055 20570 23982 5919 6068 4332 38 106 274 125 62 31 36 4399 773 2748 3571 60 197 39 31 21 2750 351 6537 17 14580 41 8155
internal_value=-0.00283979 -0.0178112 -0.0375139 -0.00750724 0.0425617 0.0292504 0.00786078 0.0511497 0.165829 0.126144 0.0176768 0.245859 0.34551 0.664023 0.0276578 0.0451017 0.0350177 0.0662812 0.0309252 0.142172 0.275254 0.485628 0.762265 -0.0151621 0.0635813 0.0356475 -0.0393203 0.027481 0.223852 0.0404525
internal_weight=5619.2 4225.74 2978.69 671.677 1393.46 1247.05 489.312 431.181 21.6006 20.2402 815.868 10.2259 7.42779 2.64822 739.014 409.58 630.624 227.107 545.193 16.3723 9.2703 3.89265 1.84043 108.391 25.4468 217.455 82.9437 528.821 4.84436 580.363
internal_count=429916 405511 360403 55421 24405 45108 31439 10959 547 509 34149 235 173 67 18486 10412 15302 4344 15094 413 216 91 52 3184 417 10869 2767 14681 101 10903
is_linear=0
shrinkage=0.05


Tree=14
num_leaves=31
num_cat=0
split_feature=162 77 162 162 170 77 83 52 42 184 74 160 153 40 26 160 160 52 83 89 32 134 190 160 160 111 62 22 97 70
split_gain=1386.21 1463.9 300.182 165.23 125.439 125.127 121.04 110.06 118.319 91.3993 95.7837 85.0975 84.5246 82.8212 236.665 169.564 110.171 95.3695 85.9407 86.5645 285.849 127.01 102.332 137.289 173.66 97.4364 83.4873 83.1587 91.3561 125.698
threshold=-269.49999999999994 0.002283530750883288 -209.49999999999997 -239.49999999999997 275.10586535431634 0.0038714005913597269 0.00087284691905665016 85.797524743386816 172.58815000000001 0.46246505150230682 0.00035720209858864006 -1250147.5612471688 1.4769500000000024 68.472349575759566 69.531470000000013 8220008.0935322968 596542462.45853746 41.276110383031188 0.00059240676165382266 170.4122478075661 169.88826399973399 6210.0836888087388 0.033247748624813715 38252213.363163479 62775333.932468794 19.803679733015681 -0.10375072100810566 87.317700000000016 120.40533927299465 0.00049492128969336939
decision_type=2 2 2 2 2 2 2 2 2 2 2 2 2 2 2 2 2 2 2 2 2 2 2 2 2 2 2 2 2 2
left_child=6 2 3 -2 -5 -3 9 -6 -9 10 -1 -12 -11 16 15 -15 17 -13 -16 20 22 -22 26 -24 25 -25 -20 -28 29 -29
right_child=1 5 -4 4 7 -7 -8 8 -10 12 11 13 -14 14 18 -17 -18 -19 19 -21 21 -23 23 24 -26 -27 27 28 -30 -31
leaf_value=-0.028891838937292847 -0.049252903986432256 0.0085209283906516331 -0.04653066293128183 -0.022167812515513613 -0.029731236182323029 0.03968588217590413 0.052494679735080291 0.065629439969307646 -0.023841139481821608 -0.017551313264217609 -0.033313519256131387 0.18364023937419549 0.18078355453573774 0.091325370450522206 0.00046319830716458511 0.59842821155649883 0.24005600590060167 -0.0064885954446608426 -0.021788529003600406 0.015823530780941848 1.2170052147547523 0.29688031021677735 0.10685511209737771 0.39530380197267068 0.15704885157968693 0.98637564862500282 0.034121114597982644 0.041852960613294445 0.068232563407871108 0.38525222752202176
leaf_weight=52.984053460881114 179.18011935194954 565.00596661027521 2174.9974708515219 210.88496053218842 61.920602542348206 749.08823301456869 812.69080584868789 167.71793490927666 47.393263504840434 148.01855254732072 33.756136348471045 7.0280001275241366 5.5741589013487092 3.0987601317465296 50.998691568151116 3.5222319401800632 5.2221830151975146 107.19768869876862 26.352424399927258 48.279184842482209 0.78804703801870235 0.71562246605753899 45.170042412355542 1.6584112197160714 5.0952481813728809 1.2030146159231661 34.28238432481885 4.2273981943726557 14.12928002886474 7.2094700783491135
leaf_count=4748 24687 32958 302181 17641 4939 15265 7678 5223 3481 3512 948 48 77 49 1442 50 51 1907 444 801 22 18 711 19 63 27 499 62 277 88
internal_value=-0.00278493 -0.0173537 -0.0375314 -0.00819019 0.00688948 0.0262862 0.0398802 0.0290088 0.0459173 0.0229775 0.0342806 0.0426498 -0.0103534 0.0496525 0.0661977 0.361094 0.0154769 0.00520952 0.058066 0.0736001 0.0934068 0.779102 0.0860066 0.140589 0.332099 0.643805 0.0523665 0.0850184 0.153268 0.258322
internal_weight=5575.39 4156.19 2842.09 667.097 487.917 1314.09 1419.2 277.032 215.111 606.511 452.918 399.934 153.593 366.178 246.73 6.62099 119.448 114.226 240.109 189.111 140.831 1.50367 139.328 53.1267 7.95667 2.86143 86.201 59.8485 25.5661 11.4369
internal_count=429916 406375 358152 55971 31284 48223 23541 13643 8704 15863 12274 7526 3589 6578 4572 99 2006 1955 4473 3031 2230 40 2190 820 109 46 1370 926 427 150
is_linear=0
shrinkage=0.05


Tree=15
num_leaves=31
num_cat=0
split_feature=162 77 161 77 161 161 116 74 44 92 184 198 76 66 184 60 184 138 136 82 176 159 74 191 138 24 22 190 159 59
split_gain=1236.33 1369.27 220.568 201.265 132.658 118.542 106.356 104.432 100.644 81.7615 81.5152 87.2432 71.4468 71.2928 71.8797 67.7193 67.5875 67.5435 118.088 128.555 104.022 66.2475 64.4707 81.052 91.4821 84.28 64.1657 63.2982 65.6168 113.759
threshold=-269.49999999999994 0.0017753308549888684 599.50000000000011 0.0033309842838561529 577.50000000000011 629.50000000000011 31615.700000000004 0.00035720209858864006 172.59099661238116 90.79257443769076 0.07466706656386847 0.0066290274639318322 0.10499999999999841 0.0051918185548212809 0.95922444493651426 0.55685523612871723 0.98370787971940621 282028.72866671643 463019.06000000006 0.68725833333333008 3.8032123296223638e-05 193343400.00000003 0.0046905379117512533 39.235600809624529 209672.85615243073 155.45929559908922 486.31583000000006 0.54834501211885134 -28930295.999999996 0.16444470826640914
decision_type=2 2 2 2 2 2 2 2 2 2 2 2 2 2 2 2 2 2 2 2 2 2 2 2 2 2 2 2 2 2
left_child=7 2 -2 4 22 6 -4 26 9 -8 -9 -12 -5 14 17 27 21 -14 19 -19 -21 -15 -3 24 -24 -26 -1 28 29 -13
right_child=1 3 5 12 -6 -7 8 10 -10 -11 11 15 13 16 -16 -17 -18 18 -20 20 -22 -23 23 -25 25 -27 -28 -29 -30 -31
leaf_value=-0.03368806652023381 -0.048722507345629551 -0.016974175386069938 -0.029088875617317642 0.32588588958229581 0.043955589186573094 -0.050349198001341681 -0.023565715100459506 0.073178489233629504 -0.034925469917128422 0.055827458479847783 0.027569374311377882 0.034834737290332755 0.024564191707032619 0.10102336442664256 -0.0051360469757011111 -0.055992059136704297 0.026260504736997488 0.13089510715488412 0.049937492137502322 0.82630077255403023 0.1910527263858291 0.020500379529654972 -0.026055776736072258 -0.05140369719284528 0.40220839473280529 0.11019109493863354 0.78889099300331322 0.0083353356741155162 0.069538063803498792 0.46342524655378725
leaf_weight=56.206075564958155 1881.5710809174925 505.55402617063373 186.18479194305837 2.092369786463677 126.50640991283581 163.04118346842006 41.398024011403322 156.3750861659646 61.476204400882125 149.66372570674866 957.36499372962862 3.3309378474950782 427.13697061408311 99.894427441991866 151.35584662854671 12.333656311035154 100.83040057029575 10.101891762576996 105.22688171081245 1.3632942279800766 1.2221403103321788 34.31793315988034 5.9457876435481074 9.6785722551867348 3.9409933779388648 6.6236105319112539 0.23808023892342944 43.639486361294985 232.30955072306097 2.892885610461235
leaf_count=5161 277748 45871 16843 32 5592 23696 3019 1742 4876 5410 14578 40 11630 1032 4813 88 1911 163 1841 31 20 381 304 466 81 100 17 403 1630 35
internal_value=-0.00293017 -0.0170911 -0.0402954 0.0191097 -0.00206331 -0.013946 -0.000417622 0.036469 0.0207204 0.0386251 0.0391419 0.0348903 0.034039 0.0333834 0.0253472 0.0586886 0.0571941 0.0338121 0.067312 0.211414 0.526018 0.0804337 -0.0130116 0.063482 0.130829 0.219124 -0.0302184 0.0637013 0.0738304 0.234047
internal_weight=5539.82 4075.13 2483.34 1591.79 658.249 601.764 438.723 1464.69 252.538 191.062 1408.25 1251.87 933.542 931.45 696.407 294.507 235.043 545.051 117.914 12.6873 2.58543 134.212 531.743 26.189 16.5104 10.5646 56.4442 282.173 238.533 6.22382
internal_count=429554 405860 331592 74268 52414 53844 30148 23694 13305 8429 18516 16774 21854 21822 18498 2196 3324 13685 2055 214 51 1413 46822 951 485 181 5178 2108 1705 75
is_linear=0
shrinkage=0.05


Tree=16
num_leaves=31
num_cat=0
split_feature=162 79 161 79 161 161 170 75 136 184 190 82 191 95 196 138 34 128 62 60 95 184 76 190 92 42 191 188 102 82
split_gain=1110.92 1292.11 232.625 167.201 120.707 109.016 96.84 91.6555 129.299 93.9347 249.883 297.612 106.648 335.706 90.745 85.237 177.018 81.7446 80.4141 78.7458 131.107 78.2679 74.3719 71.9086 71.1194 89.6868 60.3808 129.508 179.25 59.4489
threshold=-269.49999999999994 0.0018715036162067283 599.50000000000011 0.0038098511439547799 629.50000000000011 572.50000000000011 313.91732930974348 0.77711439051655218 203689.49000000002 0.20305529359893157 -0.57983220930301782 0.55097833333333235 -0.69255819857790046 0.006366593863327095 0.0017268726424880061 6957.6269161792707 126.17647750000002 177339.80000000002 0.78307027670072593 0.12967410451181219 0.0079613670610915403 0.078559564711643784 0.06517142857142845 5.3517473381625864 90.79257443769076 172.58815000000001 0.57709788202056311 0.73588187990698051 -0.025132731388939591 0.035536666666667584
decision_type=2 2 2 2 2 2 2 2 2 2 2 2 2 2 2 2 2 2 2 2 2 2 2 2 2 2 2 2 2 2
left_child=14 2 -2 5 6 7 -4 8 9 10 -3 -12 13 -11 -1 16 -7 -15 -17 20 -20 -16 29 -9 -8 -26 27 -21 -29 -23
right_child=1 3 4 -5 -6 15 24 23 -10 12 11 -13 -14 17 21 18 -18 -19 19 26 -22 22 -24 -25 25 -27 -28 28 -30 -31
leaf_value=0.017853637277415312 -0.048277842790743625 1.8633160950907659 -0.024289700382373401 0.034418026786648799 -0.050333384015892171 1.1250476636900075 -0.024945568141576654 -0.020671922155414614 -0.029819103106908273 1.9159617642620166 -0.018596293392053594 2.0939976869827208 0.053755465508235428 0.054809899661632279 0.086926798052234147 0.0088467021617028765 0.1441821904914091 0.59952756699709686 0.94924877752594927 0.10999403236606103 0.13103303296615368 0.080011656697945244 0.044918326724318017 0.062350162001425458 0.056573158865533095 -0.02793398195953083 0.0082781882691336291 1.6832802541297598 0.15440817270802679 -0.011076077535907863
leaf_weight=552.66295430064201 1827.6496933647431 0.26125991391018066 210.10882427729666 821.56114581320435 157.19319144031033 0.51001448463648458 60.243959056213498 476.93273155298084 42.363125522620976 0.30510909995064084 1.5687883575446893 0.18653088249266137 51.129602594301105 2.7712223655544226 92.98447076138109 93.501841905992478 4.6887746583670378 0.91652919631451357 0.69856370519846622 18.671155723743144 1.6365929194726048 21.432873971760273 717.66699611116201 27.59036312578246 141.00133631564677 40.390145715326071 17.261737647932023 0.31707903742790222 0.48489858722314139 109.06702727451921
leaf_count=12768 281785 29 18595 15357 23936 22 4619 39494 3406 32 181 23 3963 173 894 4279 177 18 30 553 60 274 7861 1187 4141 3143 616 16 25 1897
internal_value=-0.00285682 -0.0165972 -0.0393603 0.0188805 -0.0125953 0.00167213 0.000536439 -0.00748214 0.0363756 0.0854526 0.420629 0.205901 0.0731906 0.322063 0.0339354 0.0418071 0.240408 0.19019 0.034019 0.0942609 0.375803 0.0433789 0.0386047 -0.0161318 0.0221235 0.0377561 0.0763639 0.136718 0.758881 0.00388387
internal_weight=5493.76 3999.94 2436.59 1563.36 608.937 741.796 451.744 604.025 99.5022 57.139 2.01658 1.75532 55.1225 3.99286 1493.81 137.771 5.19879 3.68775 132.572 39.07 2.33516 941.151 848.167 504.523 241.635 181.391 36.7349 19.4731 0.801978 130.5
internal_count=429554 405860 336219 69641 54434 54284 30498 48506 7825 4419 233 204 4186 223 23694 5778 199 191 5579 1300 90 10926 10032 40681 11903 7284 1210 594 41 2171
is_linear=0
shrinkage=0.05


Tree=17
num_leaves=31
num_cat=0
split_feature=162 79 162 79 162 74 162 116 44 114 75 136 132 198 170 138 174 138 92 138 188 61 37 68 70 191 34 50 61 75
split_gain=1001.51 1206.16 230.837 147.608 115.88 97.8536 92.8187 92.4611 86.2541 78.2808 76.3585 99.0564 85.8925 340.006 87.8586 176.968 145.89 70.7993 66.7414 63.4146 114.527 62.5279 59.2393 67.2982 90.1954 55.8402 55.6778 105.78 72.8666 67.7811
threshold=-269.49999999999994 0.0018715036162067283 -209.49999999999997 0.0038098511439547799 -239.49999999999997 0.00080320541760622258 -187.49999999999997 31615.700000000004 172.59099661238116 15.019526683073638 0.77711439051655218 203689.49000000002 183334.73333333337 0.0038060013280992035 2725.8252132673829 63821.339643860883 0.0023382773039919338 156725.88243505044 90.79257443769076 8101.7195806812188 0.80207954486017663 -0.21800633887979479 0.012691610650966691 0.0053315764074544428 0.0053750688829580281 0.64059968984455862 111.35532250000003 103.04641875 0.94491264394080965 1.0967708083142587
decision_type=2 2 2 2 2 2 2 2 2 2 2 2 2 2 2 2 2 2 2 2 2 2 2 2 2 2 2 2 2 2
left_child=5 2 4 6 -2 9 19 -6 18 -1 11 12 14 -14 -8 16 25 22 -9 20 21 -3 -12 -24 -25 -16 27 -21 -28 -29
right_child=1 3 -4 -5 7 -7 10 8 -10 -11 17 -13 13 -15 15 -17 -18 -19 -20 26 -22 -23 23 24 -26 -27 28 29 -30 -31
leaf_value=0.046256737833521813 -0.050317021358192188 0.25189089719785235 -0.048162152359882839 0.031782093547162722 -0.027335203017765677 0.048185548789682398 0.040535841753675611 -0.021615679755140716 -0.034298090697553851 0.013525845921708158 -0.029312889551594081 -0.029182520019198563 1.8949324467543556 0.15855934516442619 0.10700482327668437 -0.0056323620710353886 1.6240053365404561 0.015194640216213105 0.048166166517212762 0.026328589986735759 0.87743007503629544 -0.03147778905738384 0.028214157233725147 0.75185233371554272 -0.051298026768108712 0.76073786553940925 -0.024705606884988376 0.43026901832830061 0.22821950447287889 0.12973132553391142
leaf_weight=245.68322839681059 149.57419456308708 4.2828546324744821 1742.5863214256242 844.59324399661273 179.49847448337823 563.00727490708232 57.221702830865979 43.045880657620728 59.348259723745286 712.29492433555424 358.2879243097268 41.184005767572671 0.30840947246178929 3.2836548779159784 0.63188687525689535 2.1937805446796119 0.32818117178976525 137.84180950419977 167.97385193035007 61.241471186280251 0.53761560842394818 3.5690395375713688 3.7097772676497689 0.87084753252565839 0.58398475497961044 0.67622660892084241 49.503172979690135 2.1615858133882311 3.0214421674609175 14.203807935118673
leaf_count=3912 23936 80 281785 15357 16893 4077 4031 3137 4947 15705 31782 3408 32 148 48 137 15 9046 5521 2275 21 210 159 28 24 24 2640 46 28 102
internal_value=-0.00281069 -0.016137 -0.0389555 0.0174689 -0.0121915 0.0316425 0.00125629 0.000484658 0.0189544 0.02192 -0.00717011 0.0314228 0.0700338 0.307642 0.0560539 0.287895 0.681426 -0.0153174 0.0339314 0.0381883 0.171427 0.123087 -0.0268893 0.141242 0.429459 0.444951 0.0295984 0.0565046 -0.0101563 0.169427
internal_weight=5453.25 3932.26 2342.03 1590.24 599.441 1520.99 745.643 449.866 270.368 957.978 607.122 105.828 64.6438 3.59206 61.0518 3.83008 1.63629 501.294 211.02 138.521 8.38951 7.85189 363.453 5.16461 1.45483 1.30811 130.131 77.6069 52.5246 16.3654
internal_count=429554 405860 336219 69641 54434 23694 54284 30498 13605 19617 48882 7843 4435 180 4255 224 87 41039 8658 5402 311 290 31993 211 52 72 5091 2423 2668 148
is_linear=0
shrinkage=0.05


Tree=18
num_leaves=31
num_cat=0
split_feature=162 81 162 2 162 116 74 97 49 162 46 160 160 102 98 74 43 136 191 159 191 160 160 160 136 160 58 62 62 80
split_gain=903.988 1112.64 239.295 126.607 117.458 91.5566 86.9384 82.5778 74.4719 75.3929 77.2853 104.057 207.502 94.4885 89.1774 84.0146 68.5614 96.9156 109.097 65.4886 60.2723 57.3219 74.4911 122.71 73.4094 59.09 128.69 84.525 68.4857 58.5107
threshold=-269.49999999999994 0.0019110683527382914 -209.49999999999997 0.0047076380309878114 -239.49999999999997 31615.700000000004 0.00080320541760622258 172.16771219421705 0.015871265610635791 -88.499999999999986 34.35749950000001 12617172.780487563 18489134.981928322 0.0082518792394207872 0.87499251310091808 0.0027343604609612322 0.0026439639158072352 644325.80000000016 -0.49029618960417815 1008987070.0000001 0.39682166202210839 -519969.7648225805 -10878638.284224851 -12800304.909500604 17755.810000000001 8220008.0935322968 -0.16556672642772938 -0.078825139225174853 -0.12667928714638063 0.069833333333334177
decision_type=2 2 2 2 2 2 2 2 2 2 2 2 2 2 2 2 2 2 2 2 2 2 2 2 2 2 2 2 2 2
left_child=6 2 4 8 -2 -6 16 -7 9 -3 11 -11 13 -13 -15 -12 17 21 -19 -20 -18 22 23 -1 25 29 -27 28 -28 -23
right_child=1 3 -4 -5 5 7 -8 -9 -10 10 15 12 -14 14 -16 -17 20 18 19 -21 -22 24 -24 -25 -26 26 27 -29 -30 -31
leaf_value=-0.019441562790836989 -0.050302710750845039 0.024130762028762076 -0.047691482597053456 0.03547480054556959 -0.026724124067484051 0.0333460666599237 0.045045020688188664 -0.033810471341715456 0.034323508890127606 0.015582373617494916 -0.027926699945384589 0.12786768970394422 -0.051616916449902732 1.1868117986155438 0.49422656069886362 0.010931221315675961 0.078693637768537383 0.3296651358492062 0.020675475458563762 0.16649930207589195 0.013666932744286884 0.019124329333856573 -0.048434070583189388 0.16381063171456328 0.0071714459360379401 0.70272414365332214 -0.021965547522702102 -0.052023927221840308 0.37670526540204408 0.088200917240605747
leaf_weight=32.946862332522869 143.30580943636596 226.54497891105711 1682.7901441953145 565.54047636082396 174.94432306941599 220.85727287922055 571.90860625356436 57.742538180202246 188.77973250020295 12.973043212667109 358.48235411057249 0.82305438863113467 2.4949469421990216 0.76652760850265611 1.1806844118982551 227.30388632789254 86.574638436548412 4.2264049313962451 27.253300823271275 10.7307713329792 60.562949225306511 112.57876347564161 81.555746317841113 12.639961976557968 491.77452632319182 0.99164610262960096 1.5939744571223853 4.5233382089063516 3.3229421088472 42.12741370126605
leaf_count=467 24038 12535 283252 9350 16890 8714 4077 4959 5515 568 32071 36 133 24 21 7754 828 42 280 55 773 2574 2633 149 10882 18 37 184 36 659
internal_value=-0.00274923 -0.0156739 -0.0380438 0.0165021 -0.0108427 0.00162539 0.0295729 0.0194272 0.005976 -0.000467096 -0.00969275 0.0916678 0.279136 0.577017 0.766865 -0.0128486 0.0204824 0.0148827 0.0886851 0.0618717 0.0519282 0.0109095 -0.0198207 0.0313692 0.0168572 0.0457009 0.16088 0.103963 0.247463 0.0379343
internal_weight=5409.84 3864.53 2279.64 1584.89 596.85 453.544 1545.31 278.6 1019.35 830.569 604.024 18.2383 5.26521 2.77027 1.94721 585.786 973.403 826.266 42.2105 37.9841 147.138 784.055 127.143 45.5868 656.913 165.138 10.4319 9.44025 4.91692 154.706
internal_count=429554 405860 337853 68007 54601 30563 23694 13673 58657 53142 40607 782 214 81 45 39825 19617 18016 377 335 1601 17639 3249 616 14390 3508 275 257 73 3233
is_linear=0
shrinkage=0.05


Tree=19
num_leaves=31
num_cat=0
split_feature=162 77 161 79 161 74 197 161 46 52 160 116 20 28 134 113 159 60 22 159 81 128 116 188 160 160 134 160 144 190
split_gain=815.32 1069.45 214.971 121.425 100.911 80.8261 77.9227 77.3905 68.3875 121.484 131.587 393.068 313.119 112.965 274.968 99.3152 64.2514 63.908 75.7303 73.5795 598.312 63.6406 82.3652 250.333 61.0979 100.606 89.3313 73.8201 101.252 79.2139
threshold=-269.49999999999994 0.0017753308549888684 599.50000000000011 0.0038098511439547799 629.50000000000011 0.00035720209858864006 0.0016711427971618988 577.50000000000011 91.050235500000014 118.45349471469818 22818018.027253218 38471.30000000001 -0.0019359669048304993 111.34130800231968 4155.903979576794 31.294582240780596 30525900.000000004 0.029491692008620788 163.73214000000004 129036289.50000001 0.0010655902540662005 33569.475000000013 37985.100000000006 0.080460615404183547 38252213.363163479 39470073.920669995 74685.513582199084 -9856973.5987564251 208.81157965777956 -0.092791682566395847
decision_type=2 2 2 2 2 2 2 2 2 2 2 2 2 2 2 2 2 2 2 2 2 2 2 2 2 2 2 2 2 2
left_child=5 2 -2 7 6 -1 -4 -3 -8 10 13 12 -12 -10 -15 -16 -14 19 21 -11 -21 -19 23 -23 26 -26 27 28 29 -7
right_child=1 3 4 -5 -6 24 8 -9 9 17 11 -13 16 14 15 -17 -18 18 -20 20 -22 22 -24 -25 25 -27 -28 -29 -30 -31
leaf_value=-0.030572485493003156 -0.048328274397280518 -0.007533491390546038 -0.026929234511447898 0.027400546098198076 -0.05028616153923178 0.16630023826721169 -0.029601821192589139 0.031179070752177875 -0.048497268284333303 -0.028978980532662874 1.4671579830049186 0.11308985194261525 -0.051002741256568729 1.2670650640000398 0.049918637959889753 0.72941967965800669 0.64922179375619649 -0.050783920691991426 -0.026280487720867107 2.3975747614141913 -0.052207145337520258 0.078538721040233531 0.10809044675081536 1.7792222715111365 0.23493533486225854 0.04362407358649182 -0.029735690331914345 0.023947466665611206 -0.050667920874199794 0.054158260784422901
leaf_weight=57.365315655246377 1558.7343051605858 627.37219622544944 170.21422266215086 885.09281053487211 133.81671656807885 26.686302782967687 61.471712915226817 162.54801151249558 20.329799130558971 83.560348128899932 0.98745343554765019 26.477823559194803 0.67594644427299744 0.53101899288594623 8.1042560311034286 0.57596096675843078 0.6357011841610074 6.2916315263137212 21.596894441172481 0.28592728357762043 1.9423193698748944 0.77295988146215922 27.225013575516641 0.30049620196223259 6.9994815103709689 377.19614853151143 72.330192945897579 973.5833331560716 13.428128518164156 38.416192833334208
leaf_count=5178 277748 52673 13227 15356 23696 319 5670 6239 1618 5990 37 271 49 37 291 22 10 487 1767 25 120 54 457 16 85 2834 999 13678 189 412
internal_value=-0.00267921 -0.0151921 -0.0387459 0.0146828 -0.0123471 0.0276804 -0.000594524 0.000432693 0.0165298 0.0306879 0.0914457 0.167543 0.794652 0.0173172 0.162574 0.0950058 0.288367 0.00573102 0.0471823 -0.0214174 0.262147 0.0930499 0.125029 0.554617 0.0298954 0.0471095 0.0240138 0.0277089 0.0743419 0.100127
internal_weight=5365.55 3799.54 2124.53 1675.01 565.796 1566.01 431.979 789.92 261.765 200.294 58.318 28.7769 2.2991 29.541 9.21124 8.68022 1.31165 141.976 56.187 85.7886 2.22825 34.5901 28.2985 1.07346 1508.64 384.196 1124.44 1052.11 78.5306 65.1025
internal_count=429554 405860 331592 74268 53844 23694 30148 58912 16921 11251 2335 367 96 1968 350 313 59 8916 2781 6135 145 1014 527 70 18516 2919 15597 14598 920 731
is_linear=0
shrinkage=0.05


Tree=20
num_leaves=31
num_cat=0
split_feature=162 79 161 83 137 79 161 135 184 159 184 159 138 74 48 50 71 153 70 24 96 138 162 75 190 138 159 60 160 74
split_gain=817.717 967.297 203.407 120.913 102.114 92.355 91.7481 82.7188 75.4093 58.6767 68.7314 67.1231 90.215 63.2709 55.3616 113.003 85.8122 50.0748 69.6267 49.9242 547.336 49.6416 64.6593 49.0509 101.878 48.5223 56.6508 67.8492 73.0414 114.024
threshold=-269.49999999999994 0.0017725669338561087 599.50000000000011 0.0034784787308992766 1.3537191453815633 0.0010491684536549565 629.50000000000011 0.56633403165117668 0.74972149271169175 -1142246.9999999998 0.46246505150230682 -10882606.499999998 24569.08431380157 0.00035720209858864006 170.32216731732504 167.86452500000004 0.84653995961396644 1.4769500000000024 0.00049811721436620606 188.50281012852 188.29253653223665 282028.72866671643 122.50000000000001 1.1710634840041416 -0.379846185979067 11565.988887804442 4867457.0000000009 0.0096760293691211547 6249759.5942185083 0.00057976850989073937
decision_type=2 2 2 2 2 2 2 2 2 2 2 2 2 2 2 2 2 2 2 2 2 2 2 2 2 2 2 2 2 2
left_child=5 2 -2 4 8 9 7 -4 -3 11 13 12 -1 -11 15 25 -17 -12 -19 20 -9 -5 -23 -16 -25 -15 -27 28 29 -28
right_child=1 3 6 21 -6 -7 -8 19 -10 10 17 -13 -14 14 23 16 -18 18 -20 -21 -22 22 -24 24 -26 26 27 -29 -30 -31
leaf_value=0.16405686110389722 -0.048142032936084204 0.0081815763258418668 -0.021177595719459822 0.016827007941145625 0.028679100500369162 0.040507357063989072 -0.050272547413237313 0.02682485776674234 -0.029836466415953333 -0.026393650227207129 -0.0089511866310039122 -0.050062425136809696 -0.017793526801369398 0.058213616033911952 -0.01188554476352828 0.0029611046347549582 0.21925902873370809 0.30091027414524302 -0.0064386203269314159 -0.050587422852017817 1.8157288915194947 0.047994443197186779 -0.043686833389441293 0.53238165360133816 -0.053088581619105395 -0.019760175779468234 0.049935869778139574 0.0039681672212897121 0.051909112335896929 0.44808644494946537
leaf_weight=9.9024183191359061 1479.373968126718 224.53068118635565 250.40043921861798 675.42400124948472 190.96917788684368 738.17236805520952 128.1305177109316 171.21129449643195 311.22864819038659 45.413831386715174 193.45704113319516 63.959112354554236 21.910513551905751 155.94162886217237 74.04743817448616 6.5890116989612606 15.08023210801184 3.1675191158428779 4.4056712761521339 20.881250644102693 0.4286527568474402 271.38430203031749 20.698085321113467 1.2806736119091513 1.7699538972228754 59.829852124676108 4.3405624795705071 88.707768736407161 95.1227050088346 3.070105342194438
leaf_count=66 276113 17112 20275 14374 10212 5722 23812 8268 30107 4179 3765 2117 336 2212 1168 104 148 30 45 1890 39 3710 372 26 39 1107 61 1339 1149 33
internal_value=-0.00251284 -0.0152579 -0.0383577 0.0126983 -0.0027137 0.027576 -0.0130104 -0.00223103 -0.0139035 0.0163194 0.0210124 -0.020541 0.0388111 0.0301399 0.0352161 0.0422314 0.153489 -0.00401381 0.122111 0.0224116 0.0312925 0.0242748 0.0414976 -0.00379064 0.192696 0.0363081 0.0227024 0.0359868 0.0636881 0.214882
internal_weight=5330.83 3744.66 2050.43 1694.23 726.729 1586.17 571.052 442.922 535.759 847.996 752.224 95.772 31.8129 551.194 505.78 428.682 21.6692 201.03 7.57319 192.521 171.64 967.506 292.082 77.0981 3.05063 407.013 251.071 191.241 102.533 7.41067
internal_count=429930 406284 330397 75887 57431 23646 54284 30472 47219 17924 15405 2519 402 11565 7386 6153 252 3840 75 10197 8307 18456 4082 1233 65 5901 3689 2582 1243 94
is_linear=0
shrinkage=0.05


Tree=21
num_leaves=31
num_cat=0
split_feature=162 79 161 83 99 137 161 79 135 59 161 159 159 138 184 74 50 46 138 42 42 191 18 62 62 62 58 83 56 62
split_gain=737.755 911.003 201.87 106.766 116 93.0674 88.0044 81.6823 73.8452 66.6686 63.8672 52.4534 62.4972 72.9484 59.7596 55.4093 48.9629 61.6164 74.488 71.6264 73.956 64.4582 83.5335 51.2483 70.184 97.1477 75.856 70.9856 61.0632 50.8384
threshold=-269.49999999999994 0.0017725669338561087 599.50000000000011 0.0033701110051366557 0.0087456762942763454 1.3537191453815633 629.50000000000011 0.0010491684536549565 0.48075400489584524 0.031763214019386872 493.50000000000006 -1142246.9999999998 -10882606.499999998 24569.08431380157 0.46246505150230682 0.00035720209858864006 41.281929250000012 65.734904000000014 5363.2596393719768 170.66794600000006 170.26604000000006 -0.73188718676061482 0.00051797751980398054 0.27292978356996406 -0.16683289527809061 -0.42483013801318797 -0.089041748433993359 0.00066510462886969733 -0.069662078255766632 0.089015332893893642
decision_type=2 2 2 2 2 2 2 2 2 2 2 2 2 2 2 2 2 2 2 2 2 2 2 2 2 2 2 2 2 2
left_child=7 2 -2 5 9 10 8 11 -4 -5 -3 12 13 -1 15 -13 -17 18 -18 20 23 22 -21 24 25 26 -19 28 -26 -29
right_child=1 3 6 4 -6 -7 -8 -9 -10 -11 -12 14 -14 -15 -16 16 17 19 -20 21 -22 -23 -24 -25 27 -27 -28 29 -30 -31
leaf_value=0.14169034371303185 -0.048025400754269365 -0.026394489202206772 -0.021492795139211335 0.49962911410273164 0.021226643637866843 0.026899651202753973 -0.050259185063236539 0.037877832684379109 0.019431902709776825 -0.051178171364001025 0.012810004576810079 -0.025745686291574907 -0.049837941094036727 -0.017166370573187768 -0.0038539238678283435 0.11905193952736015 0.30586301748936179 -0.031655319376386319 -0.0070596975953632754 0.52045540192329642 0.24192088737935019 -0.014202796455345976 0.029859145110997933 -0.0066489845546966221 0.14183033264173248 -0.033297564972419917 0.18074308202599243 0.11634824480289385 0.020124696839373225 0.041643168092781666
leaf_weight=10.864438511431215 1410.5565761830658 348.2231749757193 234.82187756150961 1.9813175974413746 1026.7504360424355 184.42301089921966 121.91310796281323 749.6398194283247 207.74581938516349 0.76013021543622006 148.05057064117864 44.258690448477864 61.106957755982876 21.583922671154141 200.17702051997185 15.85439423471689 1.9335946291685093 6.5593763981014517 115.45321829989552 1.3067066408693784 4.9517255853861561 73.139007145538926 2.5824086833745241 38.668485786765814 11.859991099685429 42.75524321384728 11.70489317178726 81.51378383487463 78.66591358743608 31.602933246642351
leaf_count=66 276113 36361 19471 40 20032 9945 23812 5722 11001 37 9472 4179 2117 336 3840 106 26 96 1751 23 46 1181 25 682 133 731 106 713 1407 360
internal_value=-0.0024546 -0.0147801 -0.0379131 0.0119354 0.0220939 -0.00342844 -0.0126441 0.0258251 -0.00228232 0.346905 -0.0146988 0.0152767 -0.0200585 0.0360224 0.0196094 0.0279547 0.032538 0.0298095 -0.00190524 0.0394715 0.0502474 -0.00365564 0.194695 0.0471184 0.0549741 0.0079367 0.104463 0.0690684 0.0360696 0.0954769
internal_weight=5291.41 3685.23 1975.04 1710.19 1029.49 680.697 564.481 1606.18 442.568 2.74145 496.274 856.543 93.5553 32.4484 762.987 562.81 518.552 502.697 117.387 385.31 308.282 77.0281 3.88912 303.331 264.662 61.0195 18.2643 203.643 90.5259 113.117
internal_count=429930 406284 330397 75887 20109 55778 54284 23646 30472 77 45833 17924 2519 402 15405 11565 7386 7280 1777 5503 4274 1229 48 4228 3546 933 202 2613 1540 1073
is_linear=0
shrinkage=0.05


Tree=22
num_leaves=31
num_cat=0
split_feature=162 77 162 83 162 74 181 162 114 160 61 61 138 66 20 138 51 197 160 89 190 74 158 160 74 95 62 60 170 82
split_gain=666.135 861.127 198.177 100.6 83.369 73.4259 67.7179 67.6895 59.5928 59.9843 58.8768 72.3361 94.0319 87.1825 191.9 58.8311 57.691 50.5533 48.2359 54.7408 61.2158 58.4355 47.8043 51.4156 61.3999 56.6031 47.2668 72.1046 47.0142 62.1302
threshold=-269.49999999999994 0.0017067125303427851 -209.49999999999997 0.0030024577307804965 -239.49999999999997 0.00080320541760622258 -0.036815164816344385 -195.49999999999997 13.398154578078099 -519969.7648225805 0.40650062958220717 -0.16112521210208117 11565.988887804442 0.0015385272899024521 -0.0073630367034917535 8101.7195806812188 9.8198909598723474e-05 0.00142193131940211 677259.15416386409 99.706173674954229 -0.34516766280524441 0.00060285899134086439 20.454033504585592 4437748.1337160496 0.00041357305356081662 0.0026919712141805813 0.12934890211161457 0.25931023643815948 2725.8252132673829 0.090699999999997769
decision_type=2 2 2 2 2 2 2 2 2 2 2 2 2 2 2 2 2 2 2 2 2 2 2 2 2 2 2 2 2 2
left_child=5 2 4 7 -2 8 17 10 16 -10 11 12 13 -3 -15 -5 -1 -6 19 20 -11 -21 -20 -24 -25 -26 -18 -28 -9 -30
right_child=1 3 -4 15 6 -7 -8 28 9 18 -12 -13 -14 14 -16 -17 26 -19 22 21 -22 -23 23 24 25 -27 27 -29 29 -31
leaf_value=-0.014145502358448987 -0.050246205552895606 0.12887507028274933 -0.048254939629328891 0.4055691038147895 -0.016220772182924208 0.038217425762926881 -0.025230673730867521 -0.023039694657336983 -0.023318698806220128 -0.013097933908817475 0.10652088479460245 -0.02121818294097973 0.015614998918055435 0.10278516092228168 1.2568367649317269 0.018863891172290662 0.071433288365298039 0.031522148316084957 0.07263026667726738 -0.05178564043831313 0.093501127267935857 0.13746444637755792 -0.022714424197094216 -0.029161986458684237 0.053095386059699906 0.010334676757903193 -0.0078895513218805759 0.14171252935847828 0.1524656977866542 0.0047245592307877966
leaf_weight=40.223732877522707 114.80335990572348 10.546433774288742 1330.6659102961421 0.98434578813612361 84.914122528396547 595.23372536897659 183.43637420143932 366.7906644847244 115.84332051873207 17.519633175805211 19.118760356679559 66.501764587126672 30.708528793882579 0.97022555069997907 0.57292990433052071 1183.281820485834 112.4541696337983 159.77234000526369 29.082967697642744 21.046860801987354 58.233301317319274 5.0594425275921813 116.48116865660995 68.243740704841912 107.48841644637287 276.39069342426956 49.809978331439197 9.6079008020460588 7.9630224583670488 66.90427232068032
leaf_count=620 23597 209 273429 38 5810 4030 16168 41179 3013 255 378 3399 955 59 27 26636 1440 8185 499 1067 667 45 2645 3330 1581 3616 777 61 527 5688
internal_value=-0.00238531 -0.014296 -0.0378678 0.0108781 -0.0124099 0.0242435 -0.0022639 -0.0063791 0.0161483 0.010007 0.0255725 0.011413 0.062117 0.180236 0.531252 0.0191853 0.0397583 0.0149538 0.0155256 0.0473298 0.0688476 -0.0151087 0.0101055 0.00690748 0.014539 0.0223079 0.0523736 0.0163012 -0.0156695 0.0204386
internal_weight=5250.65 3627.93 1873.59 1754.34 542.926 1622.72 428.123 570.077 1027.49 815.39 128.419 109.3 42.7981 12.0896 1.54316 1184.27 212.096 244.686 699.546 101.859 75.7529 26.1063 597.687 568.604 452.123 383.879 171.872 59.4179 441.658 74.8673
internal_count=429930 406284 327189 79095 53760 23646 30163 52421 19616 16718 5027 4649 1250 295 86 26674 2898 13995 13705 2034 922 1112 11671 11172 8527 5197 2278 838 47394 6215
is_linear=0
shrinkage=0.05


end of trees

feature_importances:
time_since_open=51
time_to_close=40
obv_ema_10=39
volatility_50=28
atr_pct_30=28
obv=26
volatility_20_rank=25
atr_pct_7=23
atr_pct_14=20
volume_std_50=20
sma_cross_50_200=18
skew_50=17
sma_cross_50_100=16
ema_cross_50_100=14
volatility_ratio_50=14
sma_200=13
sma_5=12
kurt_50=12
volume_ma_50=11
ema_5=8
atr_30=8
volume_ma_5=8
ema_50=7
sma_100=7
atr_pct_21=7
skew_20=7
sma_50=6
bb_lower_30=6
minus_di_21=6
volume_ratio_50=6
price_to_sma_200=5
ema_200=5
sma_cross_20_50=5
ema_cross_20_50=5
ema_cross_50_200=5
atr_21=5
macd_hist_12_26_9=5
volume_std_30=5
volume_price_ratio=5
volume_ratio_diff_5_20=5
dist_to_resistance_50=5
returns_50=4
returns_100=4
ema_30=4
volatility_10=4
volatility_20=4
volatility_30=4
macd_signal_12_26_9=4
minus_di_14=4
volume_ma_20=4
volume_ma_30=4
volatility_ratio_15=3
volatility_ratio_20=3
atr_7=3
bb_upper_20=3
bb_width_20=3
bb_upper_30=3
bb_width_30=3
dist_to_support_20=3
dist_to_support_50=3
range_pct=2
returns_30=2
ema_15=2
sma_20=2
sma_30=2
price_to_sma_50=2
ema_100=2
price_to_ema_100=2
price_to_ema_200=2
sma_cross_10_20=2
volatility_5=2
volatility_15=2
bb_lower_10=2
volume_ma_10=2
volume_std_10=2
volume_ma_15=2
volume_std_20=2
volume_momentum_30=2
vwap_50=2
momentum_50=2
kurt_20=2
sma_10=1
ema_10=1
sma_15=1
price_to_sma_15=1
price_to_ema_20=1
price_to_sma_100=1
volatility_ratio_30=1
atr_14=1
rsi_30=1
bb_position_30=1
macd_12_26=1
macd_signal_5_15_5=1
plus_di_21=1
adx_21=1
volume_std_15=1
volume_momentum_20=1
vwap_10=1
vwap_20=1
distance_from_vwap_50=1
mfi_14=1
atr_volume_ratio=1
volatility_returns=1
pv_divergence=1

parameters:
[boosting: gbdt]
[objective: binary]
[metric: auc]
[tree_learner: serial]
[device_type: cpu]
[data_sample_strategy: bagging]
[data: ]
[valid: ]
[num_iterations: 500]
[learning_rate: 0.05]
[num_leaves: 31]
[num_threads: 0]
[seed: 42]
[deterministic: 0]
[force_col_wise: 0]
[force_row_wise: 0]
[histogram_pool_size: -1]
[max_depth: -1]
[min_data_in_leaf: 20]
[min_sum_hessian_in_leaf: 0.001]
[bagging_fraction: 0.8]
[pos_bagging_fraction: 1]
[neg_bagging_fraction: 1]
[bagging_freq: 5]
[bagging_seed: 400]
[bagging_by_query: 0]
[feature_fraction: 0.8]
[feature_fraction_bynode: 1]
[feature_fraction_seed: 30056]
[extra_trees: 0]
[extra_seed: 12879]
[early_stopping_round: 0]
[early_stopping_min_delta: 0]
[first_metric_only: 0]
[max_delta_step: 0]
[lambda_l1: 0]
[lambda_l2: 0]
[linear_lambda: 0]
[min_gain_to_split: 0]
[drop_rate: 0.1]
[max_drop: 50]
[skip_drop: 0.5]
[xgboost_dart_mode: 0]
[uniform_drop: 0]
[drop_seed: 17869]
[top_rate: 0.2]
[other_rate: 0.1]
[min_data_per_group: 100]
[max_cat_threshold: 32]
[cat_l2: 10]
[cat_smooth: 10]
[max_cat_to_onehot: 4]
[top_k: 20]
[monotone_constraints: ]
[monotone_constraints_method: basic]
[monotone_penalty: 0]
[feature_contri: ]
[forcedsplits_filename: ]
[refit_decay_rate: 0.9]
[cegb_tradeoff: 1]
[cegb_penalty_split: 0]
[cegb_penalty_feature_lazy: ]
[cegb_penalty_feature_coupled: ]
[path_smooth: 0]
[interaction_constraints: ]
[verbosity: -1]
[saved_feature_importance_type: 0]
[use_quantized_grad: 0]
[num_grad_quant_bins: 4]
[quant_train_renew_leaf: 0]
[stochastic_rounding: 1]
[linear_tree: 0]
[max_bin: 255]
[max_bin_by_feature: ]
[min_data_in_bin: 3]
[bin_construct_sample_cnt: 200000]
[data_random_seed: 175]
[is_enable_sparse: 1]
[enable_bundle: 1]
[use_missing: 1]
[zero_as_missing: 0]
[feature_pre_filter: 1]
[pre_partition: 0]
[two_round: 0]
[header: 0]
[label_column: ]
[weight_column: ]
[group_column: ]
[ignore_column: ]
[categorical_feature: ]
[forcedbins_filename: ]
[precise_float_parser: 0]
[parser_config_file: ]
[objective_seed: 16083]
[num_class: 1]
[is_unbalance: 0]
[scale_pos_weight: 1]
[sigmoid: 1]
[boost_from_average: 1]
[reg_sqrt: 0]
[alpha: 0.9]
[fair_c: 1]
[poisson_max_delta_step: 0.7]
[tweedie_variance_power: 1.5]
[lambdarank_truncation_level: 30]
[lambdarank_norm: 1]
[label_gain: ]
[lambdarank_position_bias_regularization: 0]
[eval_at: ]
[multi_error_top_k: 1]
[auc_mu_weights: ]
[num_machines: 1]
[local_listen_port: 12400]
[time_out: 120]
[machine_list_filename: ]
[machines: ]
[gpu_platform_id: -1]
[gpu_device_id: -1]
[gpu_use_dp: 0]
[num_gpu: 1]

end of parameters

pandas_categorical:[]
