tree
version=v4
num_class=1
num_tree_per_iteration=1
label_index=0
max_feature_idx=15
objective=binary sigmoid:1
feature_names=gap_pct abs_gap gap_up gap_down daily_return returns_5d returns_10d volatility_5d volatility_10d volume_ratio atr_pct range_pct range_atr_ratio close_position atr14 adv20
feature_infos=[-0.1536695897828261:0.18921607640270605] [0.020051258857228981:0.18921607640270605] [0:1] [0:1] [-0.23144278821299333:0.33068245372328098] [-0.30920910075839653:0.62709093195824417] [-0.38319432502149614:1.8591925377385359] [0.0050266507155078306:0.21606218045337672] [0.016736046218854609:0.15755949012660855] [0.35616718906439315:5.0434299414290429] [0.019677737747334001:0.13263109089318517] [0.014624524943474248:0.3445691018441272] [0.31857928375931666:3.4964428052608443] [0.003115264792654737:0.99983316316371906] [0.72927142857142913:20.879642857142851] [1268959.3:557756519]
tree_sizes=861 878 875 984 982 880 982 984 981 979 981 985 985 984 980 980 985 980 977 979 981 872 875 875 972 870 876 972 974 878 971 981 982 981 984 1087 975 986 981 978 986 990 982 1088 979 879 887 882 879 984 774

Tree=0
num_leaves=7
num_cat=0
split_feature=11 7 4 4 12 6
split_gain=10.746 6.83706 6.01461 4.73985 3.20254 7.22803
threshold=0.037695244983121601 0.036817621685224629 -0.038411487150796689 0.013837221218676386 1.3221270318335545 0.13834569926079363
decision_type=2 2 2 2 2 2
left_child=1 3 -2 -1 5 -4
right_child=2 -3 4 -5 -6 -7
leaf_value=-0.3443954384648108 -0.24813543154801904 -0.37284106698632141 -0.28114574681109911 -0.27856412674360065 -0.27271245459060417 -0.3457792798523438
leaf_weight=5.8591310977935809 6.1032615602016476 8.7886966466903669 8.3004357218742424 5.1267397105693817 6.103261560201644 9.0328271090984327
leaf_count=24 25 36 34 21 25 37
internal_value=-0.311444 -0.339971 -0.292347 -0.313674 -0.30386 -0.314828
internal_weight=49.3144 19.7746 29.5398 10.9859 23.4365 17.3333
internal_count=202 81 121 45 96 71
is_linear=0
shrinkage=1


Tree=1
num_leaves=7
num_cat=0
split_feature=11 8 8 6 1 13
split_gain=9.73035 6.31423 4.59412 4.9584 4.56963 2.23135
threshold=0.037695244983121601 0.031071142555723002 0.057635123423522096 0.13834569926079363 0.030131741906520439 0.51559270761131926
decision_type=2 2 2 2 2 2
left_child=1 -1 4 -4 -2 -3
right_child=2 5 3 -5 -6 -7
leaf_value=0.0061656852819496023 0.026129661821402434 -0.070382053073665088 0.068426897403734602 0.010504666591990544 -0.030316063507524933 -0.026917451382512572
leaf_weight=7.5569554716348675 6.6069611608982104 7.0110992640256864 6.3836832940578452 8.7718148082494718 7.8406832665205002 5.1012801826000214
leaf_count=31 27 29 26 36 32 21
internal_value=-0.00244103 -0.0296998 0.0156706 0.0349022 -0.00450322 -0.0520764
internal_weight=49.2725 19.6693 29.6031 15.1555 14.4476 12.1124
internal_count=202 81 121 62 59 50
is_linear=0
shrinkage=0.05


Tree=2
num_leaves=7
num_cat=0
split_feature=11 0 4 12 6 8
split_gain=8.81506 6.92365 5.25038 2.92448 6.36286 1.58296
threshold=0.037695244983121601 0.021561383420518738 -0.038411487150796689 1.3221270318335545 0.13834569926079363 0.037904329379210143
decision_type=2 2 2 2 2 2
left_child=1 5 -2 4 -4 -1
right_child=2 -3 3 -5 -6 -7
leaf_value=-0.03164748653319864 0.055903177261893526 0.010217220158289936 0.024984692455392615 0.033727354139943044 -0.035618937092418083 -0.067715186635799923
leaf_weight=5.5786125361919421 6.1695871353149441 7.2864985615015021 8.3569401204586082 6.1405060291290274 8.99046742916107 6.6905024796724319
leaf_count=23 25 30 34 25 37 28
internal_value=-0.0023283 -0.0283883 0.0148552 0.00407306 -0.00642374 -0.0513157
internal_weight=49.2131 19.5556 29.6575 23.4879 17.3474 12.2691
internal_count=202 81 121 96 71 51
is_linear=0
shrinkage=0.05


Tree=3
num_leaves=8
num_cat=0
split_feature=1 14 1 4 0 10 5
split_gain=8.08396 8.35657 8.03629 4.34613 4.76665 5.02298 3.69129
threshold=0.024470856275186258 2.3610500000000014 0.027335637279624975 -0.038411487150796689 0.028101264018196948 0.044803533310598144 0.0068173925513003069
decision_type=2 2 2 2 2 2 2
left_child=6 -2 -3 -4 -5 -6 -1
right_child=1 2 3 4 5 -7 -8
leaf_value=-0.0026321278966907561 -0.048220188985120253 0.07379011016702916 0.049756564047814825 -0.03860853411468379 0.051713908533385811 -0.0093165128728530996 -0.058405161643439243
leaf_weight=4.8285019397735578 5.3310018479824057 5.5975908339023617 4.9511131048202541 6.3145565092563656 5.3832239508628836 9.0210943818092328 7.6938260346651077
leaf_count=20 22 23 20 26 22 37 32
internal_value=-0.00222281 0.00964196 0.0195072 0.00767032 -0.00238687 0.013492 -0.0368996
internal_weight=49.1209 36.5986 31.2676 25.67 20.7189 14.4043 12.5223
internal_count=202 150 128 105 85 59 52
is_linear=0
shrinkage=0.05


Tree=4
num_leaves=8
num_cat=0
split_feature=11 0 4 1 4 10 12
split_gain=7.85304 5.94438 4.28827 5.71778 6.02586 3.07794 1.50387
threshold=0.037695244983121601 0.021561383420518738 -0.038411487150796689 0.036640141536813255 0.039491117464411578 0.049190958297399522 0.65530806364389582
decision_type=2 2 2 2 2 2 2
left_child=1 6 -2 5 -5 -4 -1
right_child=2 -3 3 4 -6 -7 -8
leaf_value=-0.070456349991938463 0.050966275787245677 0.0086982390234880882 -0.0043928265164859702 -0.064587021940491957 0.014077040344394769 0.044140380891230201 -0.034286935088463893
leaf_weight=4.71794641017914 6.2182501554489162 7.3141679465770713 5.3789827823638943 4.8413901031017286 4.8968520909547806 8.3193905204534513 7.3526714146137238
leaf_count=20 25 30 22 20 20 34 31
internal_value=-0.00212347 -0.026871 0.0140535 0.00425976 -0.025031 0.0250827 -0.0484242
internal_weight=49.0397 19.3848 29.6549 23.4366 9.73824 13.6984 12.0706
internal_count=202 81 121 96 40 56 51
is_linear=0
shrinkage=0.05


Tree=5
num_leaves=7
num_cat=0
split_feature=10 10 11 12 3 15
split_gain=5.45799 5.76435 6.15882 7.46907 3.29325 2.98158
threshold=0.031049405125274744 0.038816064449884023 0.037695244983121601 0.94452703385693171 1.0000000180025095e-35 13062054.750000002
decision_type=2 2 2 2 2 2
left_child=-1 5 -3 -4 -5 -2
right_child=1 2 3 4 -6 -7
leaf_value=-0.049695719458566691 0.063351679640443151 -0.045233893475674539 0.038929120108677689 -0.036995087934672904 0.012653673226520749 0.007994964132622762
leaf_weight=5.7607053071260443 4.9095983654260618 8.252413943409918 9.6098011285066622 8.8048795461654645 5.3813545405864707 4.8210609406232834
leaf_count=24 20 35 39 36 22 20
internal_value=-0.00407107 0.00221988 -0.00801384 0.004894 -0.0181615 0.0359252
internal_weight=47.5398 41.7791 32.0484 23.796 14.1862 9.73066
internal_count=196 172 132 97 58 40
is_linear=0
shrinkage=0.05


Tree=6
num_leaves=8
num_cat=0
split_feature=1 13 13 11 1 6 11
split_gain=5.71592 4.61952 6.11141 4.80922 7.07773 3.13849 2.61213
threshold=0.023550037527429461 0.16349182008130095 0.31203278062191081 0.06372820176479603 0.035557661691132024 0.075168212775661672 0.037695244983121601
decision_type=2 2 2 2 2 2 2
left_child=5 -2 -3 4 6 -1 -4
right_child=1 2 3 -5 -6 -7 -8
leaf_value=-0.0081887085796468161 -0.031134042009646506 0.058582122847210941 -0.006838461234673277 0.042807362341548159 -0.050371337641128999 -0.062946947207892553 0.041508645348169636
leaf_weight=5.0651369839906675 7.0230810046195975 6.0997042357921627 6.452111899852758 5.6449740082025519 6.8026335686445227 5.413435310125351 4.9273440837860107
leaf_count=21 29 25 27 23 28 23 20
internal_value=-0.00388303 0.00536052 0.0139249 0.00249269 -0.0100238 -0.0364779 0.014096
internal_weight=47.4284 36.9498 29.9268 23.8271 18.1821 10.4786 11.3795
internal_count=196 152 123 98 75 44 47
is_linear=0
shrinkage=0.05


Tree=7
num_leaves=8
num_cat=0
split_feature=1 13 13 11 1 5 11
split_gain=5.20346 4.17855 5.46514 4.32527 6.43862 2.82382 2.34552
threshold=0.023550037527429461 0.16349182008130095 0.31203278062191081 0.06372820176479603 0.035557661691132024 0.0068173925513003069 0.037695244983121601
decision_type=2 2 2 2 2 2 2
left_child=5 -2 -3 4 6 -1 -4
right_child=1 2 3 -5 -6 -7 -8
leaf_value=-0.0092044412345886981 -0.02972049539761594 0.055267631313873855 -0.0065053439965814131 0.040480732990308591 -0.048260065946160211 -0.061343775096003944 0.039268356765950765
leaf_weight=5.255822613835333 6.9901027828454962 6.1410973370075252 6.4436005502939278 5.6702575087547293 6.7466489523649207 5.1329982578754425 4.9474797397851944
leaf_count=22 29 25 27 23 28 22 20
internal_value=-0.00370385 0.00508833 0.0132127 0.00236492 -0.00955093 -0.0349659 0.0133755
internal_weight=47.328 36.9392 29.9491 23.808 18.1377 10.3888 11.3911
internal_count=196 152 123 98 75 44 47
is_linear=0
shrinkage=0.05


Tree=8
num_leaves=8
num_cat=0
split_feature=1 13 13 6 5 1 6
split_gain=4.73723 3.78179 4.89879 3.95401 5.41572 3.83222 2.8081
threshold=0.023550037527429461 0.16349182008130095 0.31203278062191081 0.01834746585076211 0.21359161400102517 0.031939660100621416 0.075168212775661672
decision_type=2 2 2 2 2 2 2
left_child=6 -2 -3 -4 5 -5 -1
right_child=1 2 3 4 -6 -7 -8
leaf_value=-0.0068569239184733156 -0.028377368177817365 0.052242912650409826 -0.027805819803427695 0.067278758287009521 -0.021318321308295213 0.0059118677171992838 -0.059082945654777598
leaf_weight=5.0421064645051938 6.9557902812957755 6.1709872186183956 7.4950656145811108 5.3911748379468936 6.0700921714305869 4.8172050565481186 5.2577160447835922
leaf_count=21 29 25 31 22 25 20 23
internal_value=-0.00353456 0.00483418 0.0125489 0.00224534 0.0160817 0.0383205 -0.0335166
internal_weight=47.2001 36.9003 29.9445 23.7735 16.2785 10.2084 10.2998
internal_count=196 152 123 98 67 42 44
is_linear=0
shrinkage=0.05


Tree=9
num_leaves=8
num_cat=0
split_feature=1 13 13 6 5 1 6
split_gain=4.31699 3.42265 4.40193 3.5754 4.87135 3.42131 2.61442
threshold=0.023550037527429461 0.16349182008130095 0.31203278062191081 0.01834746585076211 0.21359161400102517 0.031939660100621416 0.075168212775661672
decision_type=2 2 2 2 2 2 2
left_child=6 -2 -3 -4 5 -5 -1
right_child=1 2 3 4 -6 -7 -8
leaf_value=-0.006521883223689808 -0.027099548849077518 0.049466624232867788 -0.026531631137757174 0.063492965288044961 -0.020321849414751122 0.0056110894024838697 -0.05714728178526967
leaf_weight=5.0362284481525403 6.9204992949962607 6.1909021884202984 7.4630937874317196 5.4260198473930377 6.0498741120100012 4.8215424418449402 5.1663458049297333
leaf_count=21 29 25 31 22 25 20 23
internal_value=-0.00337278 0.00459201 0.0119146 0.00213024 0.0152554 0.0362592 -0.0321574
internal_weight=47.0745 36.8719 29.9514 23.7605 16.2974 10.2476 10.2026
internal_count=196 152 123 98 67 42 44
is_linear=0
shrinkage=0.05


Tree=10
num_leaves=8
num_cat=0
split_feature=6 6 14 14 12 12 6
split_gain=4.37719 6.48394 5.34841 7.08585 5.4571 8.05338 6.10872
threshold=-0.093665067877791081 -0.0038790258587212143 2.6174285714285705 4.9347142857142847 0.71451769634292361 0.93555688333374121 0.34558748412596074
decision_type=2 2 2 2 2 2 2
left_child=-1 -2 -3 -4 -5 -6 -7
right_child=1 2 3 4 5 6 -8
leaf_value=0.034690232601173022 -0.047512996968077911 -0.044151785768075408 0.059087804997439798 -0.042447191904111288 0.061493040860442584 0.024306942527756142 -0.054264893470395571
leaf_weight=7.2603747993707648 8.0950180888175947 5.1818771511316291 6.0371364355087307 6.0558798313140896 5.5930330157279959 5.1339859515428525 4.7741005122661591
leaf_count=30 34 22 25 26 23 21 20
internal_value=-0.00108494 -0.00744008 0.00245713 0.0112098 -0.00219868 0.0135253 -0.013552
internal_weight=48.1314 40.871 32.776 27.5941 21.557 15.5011 9.90809
internal_count=201 171 137 115 90 64 41
is_linear=0
shrinkage=0.05


Tree=11
num_leaves=8
num_cat=0
split_feature=6 6 14 14 12 12 6
split_gain=3.94098 5.91303 4.86471 6.34432 4.96259 7.22234 5.56287
threshold=-0.093665067877791081 -0.0038790258587212143 2.6174285714285705 4.9347142857142847 0.71451769634292361 0.93555688333374121 0.34558748412596074
decision_type=2 2 2 2 2 2 2
left_child=-1 -2 -3 -4 -5 -6 -7
right_child=1 2 3 4 5 6 -8
leaf_value=0.032810422789843516 -0.045583904590697874 -0.042376810217030644 0.055757759992994996 -0.040715054826955893 0.058044005581563952 0.023042102797379244 -0.052101155643598566
leaf_weight=7.2916816323995581 8.0176973789930326 5.1303022950887671 6.0767187029123333 5.9992951601743725 5.6281346678733817 5.1447240114212018 4.7250010967254639
leaf_count=30 34 22 25 26 23 21 20
internal_value=-0.00104203 -0.00710366 0.00233008 0.0106481 -0.0021033 0.0128435 -0.0129317
internal_weight=48.0136 40.7219 32.7042 27.5739 21.4972 15.4979 9.86973
internal_count=201 171 137 115 90 64 41
is_linear=0
shrinkage=0.05


Tree=12
num_leaves=8
num_cat=0
split_feature=6 6 14 14 12 12 13
split_gain=3.55111 5.47715 5.71089 7.43209 3.15244 7.90956 1.78445
threshold=-0.093665067877791081 0.050283297491154781 2.6174285714285705 4.9347142857142847 0.71451769634292361 0.94452703385693171 0.4212249918692022
decision_type=2 2 2 2 2 2 2
left_child=-1 6 -3 -4 -5 -6 -2
right_child=1 2 3 4 5 -7 -8
leaf_value=0.031056610862313962 -0.015326100482118991 -0.046892733213790269 0.064301729854622167 -0.034028161877991542 0.060732232518731916 -0.016794395431074385 -0.056079604776066355
leaf_weight=7.3175808340311042 4.9885490834712964 4.6051489561796215 5.6260668188333538 5.2556425333023098 5.157766565680503 9.0849080979824048 5.8195464313030243
leaf_count=30 21 20 23 23 21 38 25
internal_value=-0.00100111 -0.00678796 0.00429355 0.0136757 -0.000932015 0.0112807 -0.0372696
internal_weight=47.8552 40.5376 29.7295 25.1244 19.4983 14.2427 10.8081
internal_count=201 171 125 105 82 59 46
is_linear=0
shrinkage=0.05


Tree=13
num_leaves=8
num_cat=0
split_feature=15 10 10 12 12 0 13
split_gain=4.28651 5.33453 6.99898 4.98229 5.01707 2.78255 0.932498
threshold=34265552.100000001 0.030876242588059519 0.040903995911788095 0.71879286731495695 0.93555688333374121 0.027871749891807723 0.54963048406814397
decision_type=2 2 2 2 2 2 2
left_child=1 -1 6 -4 -5 -2 -3
right_child=5 2 3 4 -6 -7 -8
leaf_value=-0.033367170508706065 -0.0065254690892942767 0.035426544876498503 -0.041570942674097756 0.055499621370161727 -0.011131639774857132 -0.051358245819808572 0.065895176319620705
leaf_weight=6.044002726674079 9.2237624526023847 4.7428246140480059 5.2425099164247539 4.9142801463603956 6.6453487873077393 5.5394196361303321 5.337017610669136
leaf_count=26 39 20 23 20 28 23 22
internal_value=-0.000960783 0.00907688 0.0186198 -0.00114087 0.0171949 -0.0233476 0.0515589
internal_weight=47.6892 32.926 26.882 16.8021 11.5596 14.7632 10.0798
internal_count=201 139 113 71 48 62 42
is_linear=0
shrinkage=0.05


Tree=14
num_leaves=8
num_cat=0
split_feature=15 10 10 12 12 4 0
split_gain=3.8813 4.83349 6.2699 4.53637 4.51851 3.37998 2.54656
threshold=34265552.100000001 0.030876242588059519 0.040903995911788095 0.71879286731495695 0.93555688333374121 0.0085542452099740419 0.027871749891807723
decision_type=2 2 2 2 2 2 2
left_child=1 -1 5 -4 -5 -3 -2
right_child=6 2 3 4 -6 -7 -8
leaf_value=-0.03194629580896418 -0.0062059062513123769 0.01770985516577964 -0.039959401624216767 0.052633568840686928 -0.010596383890129919 0.0756344982267185 -0.049218286358795132
leaf_weight=5.9983608573675147 9.2140419483184797 4.699372202157976 5.1827798187732723 4.9225340038537961 6.6323152184486389 5.4265061020851135 5.492451772093772
leaf_count=26 39 20 23 20 28 22 23
internal_value=-0.000920118 0.00863439 0.0176957 -0.00109268 0.0163405 0.0487519 -0.0222698
internal_weight=47.5684 32.8619 26.8635 16.7376 11.5548 10.1259 14.7065
internal_count=201 139 113 71 48 42 62
is_linear=0
shrinkage=0.05


Tree=15
num_leaves=8
num_cat=0
split_feature=4 0 12 12 7 12 13
split_gain=8.26461 4.59507 3.92313 4.36052 4.72259 2.97781 6.21806
threshold=-0.039748778314693319 0.024462063336601055 1.3746429519716565 1.1081849525514931 0.0427016665436478 0.89354161450152281 0.52209821296337122
decision_type=2 2 2 2 2 2 2
left_child=-1 5 3 4 -3 6 -2
right_child=1 2 -4 -5 -6 -7 -8
leaf_value=0.045536794785942615 -0.053991097830220706 0.047535572914803932 0.04320116533198088 -0.046069597853391875 -0.016653997154108268 -0.054182311270504151 0.026535622840313428
leaf_weight=8.0371760576963407 4.5588113367557543 4.8649247288703972 5.1231888383626929 4.9723235815763465 6.9718829244375229 7.1924251317977896 5.0559180974960327
leaf_count=33 21 20 21 21 29 31 22
internal_value=-0.000604708 -0.0101776 0.00489698 -0.00677761 0.0097279 -0.0298489 -0.011646
internal_weight=46.7767 38.7395 21.9323 16.8091 11.8368 16.8072 9.61473
internal_count=198 165 91 70 49 74 43
is_linear=0
shrinkage=0.05


Tree=16
num_leaves=8
num_cat=0
split_feature=4 4 5 9 1 15 9
split_gain=7.45836 3.70812 5.2136 3.51291 2.80865 2.3168 2.41205
threshold=-0.039748778314693319 -0.00037767105848749929 1.0000000180025095e-35 0.96249890532708282 0.033141560215336263 34265552.100000001 0.91410258209706297
decision_type=2 2 2 2 2 2 2
left_child=-1 5 -3 -4 -5 6 -2
right_child=1 2 3 4 -6 -7 -8
leaf_value=0.043192014321830563 0.0077632816316598689 0.04914594038768226 -0.045123357940203328 -0.024101205465635489 0.024283511669231584 -0.056485346178127206 -0.038314400420574539
leaf_weight=8.0494607090949994 5.6415055841207522 4.8901394903659847 4.9090301096439388 5.0197775512933713 7.4516362696886063 4.92771191895008 5.7197279036045074
leaf_count=33 25 20 21 21 31 22 25
internal_value=-0.000584322 -0.00972281 0.00353775 -0.00929451 0.00480853 -0.0278529 -0.0154342
internal_weight=46.609 38.5595 22.2706 17.3804 12.4714 16.2889 11.3612
internal_count=198 165 93 73 52 72 50
is_linear=0
shrinkage=0.05


Tree=17
num_leaves=8
num_cat=0
split_feature=4 0 12 12 7 12 13
split_gain=6.73489 4.05013 3.50984 3.91774 4.35028 2.66345 5.5829
threshold=-0.039748778314693319 0.024462063336601055 1.3746429519716565 1.1081849525514931 0.0427016665436478 0.89354161450152281 0.52209821296337122
decision_type=2 2 2 2 2 2 2
left_child=-1 5 3 4 -3 6 -2
right_child=1 2 -4 -5 -6 -7 -8
leaf_value=0.041008922211438363 -0.051596936020604035 0.04562230025318454 0.041012631326086402 -0.043737998931356561 -0.016032069892096514 -0.051259414337004261 0.025190440206054522
leaf_weight=8.0539235025644285 4.4427935779094714 4.8651955425739342 5.1331352442502967 4.9201115369796744 6.9455535709857941 7.0379646569490424 5.0666162371635437
leaf_count=33 21 20 21 21 29 31 22
internal_value=-0.000562702 -0.00927925 0.00484529 -0.00625108 0.00936518 -0.027942 -0.0106846
internal_weight=46.4653 38.4114 21.864 16.7309 11.8107 16.5474 9.50941
internal_count=198 165 91 70 49 74 43
is_linear=0
shrinkage=0.05


Tree=18
num_leaves=8
num_cat=0
split_feature=5 13 15 7 1 1 15
split_gain=4.23731 4.87458 3.71706 2.56192 2.24703 4.35624 2.724
threshold=0.26815231618023289 0.87298619033945501 58698255.900000006 0.06723300003818343 0.024470856275186258 0.027813590273562189 8701411.5750000011
decision_type=2 2 2 2 2 2 2
left_child=1 2 3 4 -1 -6 -7
right_child=-2 -3 -4 -5 5 6 -8
leaf_value=-0.015824377898133481 -0.045801792331962354 -0.038925293481377958 -0.020157827850466381 0.053290446071645063 0.059062135255956209 -0.016765138358058568 0.028670042009260651
leaf_weight=5.3155277818441453 4.6517780572175971 5.5901457965373984 7.4644920080900183 4.6814036518335334 5.3596542477607754 6.6986128985881788 6.4998051077127457
leaf_count=24 21 24 32 20 22 28 27
internal_value=-0.000544027 0.0045156 0.0112575 0.0194697 0.0128378 0.0210474 0.00561026
internal_weight=46.2614 41.6096 36.0195 28.555 23.8736 18.5581 13.1984
internal_count=198 177 153 121 101 77 55
is_linear=0
shrinkage=0.05


Tree=19
num_leaves=8
num_cat=0
split_feature=4 0 12 12 7 12 13
split_gain=5.95647 3.61358 3.09718 3.56903 3.7894 2.43231 5.14758
threshold=-0.039748778314693319 0.024462063336601055 1.3746429519716565 1.1081849525514931 0.0427016665436478 0.89354161450152281 0.52209821296337122
decision_type=2 2 2 2 2 2 2
left_child=-1 5 3 4 -3 6 -2
right_child=1 2 -4 -5 -6 -7 -8
leaf_value=0.038596970290906467 -0.049948661759516726 0.042824640874542484 0.038476046075895033 -0.04198594344440159 -0.014829144767664469 -0.049111822365747321 0.024154020423682004
leaf_weight=8.0354107022285444 4.3522228151559847 4.8528647869825416 5.1423741132020941 4.856666386127471 6.9058064520359039 6.8999172002077094 5.0778350532054901
leaf_count=33 21 20 21 21 29 31 22
internal_value=-0.000522538 -0.00877563 0.00456673 -0.00592806 0.00896487 -0.0265527 -0.0100463
internal_weight=46.1231 38.0877 21.7577 16.6153 11.7587 16.33 9.43006
internal_count=198 165 91 70 49 74 43
is_linear=0
shrinkage=0.05


Tree=20
num_leaves=8
num_cat=0
split_feature=11 6 5 6 0 6 6
split_gain=4.6992 5.28359 4.27936 3.961 3.84981 3.04311 0.568396
threshold=0.06372820176479603 0.063072343989743332 0.19859389628962221 0.27190687370323058 0.024462063336601055 -0.10164046274574814 -0.019610649209595443
decision_type=2 2 2 2 2 2 2
left_child=1 5 4 -2 -3 -1 -7
right_child=3 2 -4 -5 -6 6 -8
leaf_value=0.0011175223029214179 0.054217358625317985 -0.00093636593845318906 -0.026147627337201697 -0.0043660992822601181 0.051965198943843396 -0.060272179757849646 -0.035926618335716053
leaf_weight=4.8298626542091361 6.5599846988916379 7.3217157274484652 6.1800603717565528 5.1508668512105942 6.4852766692638397 4.581243395805358 5.0295131653547278
leaf_count=20 27 33 28 22 27 20 22
internal_value=0.00109057 -0.00821602 0.00843341 0.0284502 0.023912 -0.0312603 -0.0475316
internal_weight=46.1385 34.4277 19.9871 11.7109 13.807 14.4406 9.61076
internal_count=199 150 88 49 60 62 42
is_linear=0
shrinkage=0.05


Tree=21
num_leaves=7
num_cat=0
split_feature=12 14 7 14 12 12
split_gain=4.19324 4.9818 3.95087 3.45662 3.95051 3.80364
threshold=0.64729608319793985 1.6270714285714285 0.076800361379885648 4.9347142857142847 1.2205249775533584 0.89851236022916037
decision_type=2 2 2 2 2 2
left_child=-1 -2 3 -3 5 -5
right_child=1 2 -4 4 -6 -7
leaf_value=-0.033554806379217227 -0.038798550939131052 0.033872757588624978 0.056470696155156042 0.0094823236882982699 0.03440843959315712 -0.040851989734794897
leaf_weight=7.359816685318946 5.0273151397705069 8.7043905109167117 4.8186958879232398 7.215545520186426 5.0510535091161719 7.8220460563898087
leaf_count=33 23 37 20 31 21 34
internal_value=0.00103524 0.00762382 0.0145672 0.00755442 -0.0038493 -0.0166999
internal_weight=45.9989 38.639 33.6117 28.793 20.0886 15.0376
internal_count=199 166 143 123 86 65
is_linear=0
shrinkage=0.05


Tree=22
num_leaves=7
num_cat=0
split_feature=13 12 7 7 12 8
split_gain=4.0851 5.32945 4.45675 2.69885 4.19772 2.28324
threshold=0.13071957394935357 0.65530806364389582 0.05306615311691245 0.041278091329962914 0.99809757894381879 0.063427951476487707
decision_type=2 2 2 2 2 2
left_child=-1 -2 3 4 -3 -4
right_child=1 2 5 -5 -6 -7
leaf_value=-0.036419933945769756 -0.034531715015061908 0.041520806685393083 0.017771609507656546 -0.023376232189861242 -0.012578515253304209 0.062251828413602731
leaf_weight=6.2978674024343482 6.4788310527801505 7.0887572169303912 5.7392914444208127 7.1907174736261359 7.2558542490005493 5.8013568818569183
leaf_count=28 29 30 25 31 32 24
internal_value=0.000981832 0.00693689 0.0150597 0.0016239 0.0141561 0.0401313
internal_weight=45.8527 39.5548 33.076 21.5353 14.3446 11.5406
internal_count=199 171 142 93 62 49
is_linear=0
shrinkage=0.05


Tree=23
num_leaves=7
num_cat=0
split_feature=11 7 8 4 5 6
split_gain=4.15637 6.06542 4.22817 3.22349 2.27072 1.6774
threshold=0.036523292780711571 0.034109981011456313 0.057635123423522096 -0.013645811193210374 0.072275130131152748 0.11220369645555946
decision_type=2 2 2 2 2 2
left_child=1 -1 3 -2 -5 -4
right_child=2 -3 5 4 -6 -7
leaf_value=0.008262723047045565 0.02640297026459152 -0.054368680610211356 0.054735637678943544 -0.043255665101254823 0.0028101375885448321 0.018830797100011593
leaf_weight=8.565152093768118 5.2099952846765509 7.0452277660369864 5.0651745200157157 5.6719269901514071 5.0631332546472549 9.0916540771722776
leaf_count=38 22 33 21 24 22 39
internal_value=0.00093246 -0.0200039 0.0117897 -0.00586737 -0.021529 0.0316772
internal_weight=45.7123 15.6104 30.1019 15.9451 10.7351 14.1568
internal_count=199 71 128 68 46 60
is_linear=0
shrinkage=0.05


Tree=24
num_leaves=8
num_cat=0
split_feature=13 12 14 15 14 7 9
split_gain=3.7463 4.68628 4.66814 4.50882 3.40307 4.18815 3.25781
threshold=0.13071957394935357 0.65530806364389582 2.3610500000000014 3348267.3500000001 5.3280678571428588 0.07393529811432635 1.1450292631547334
decision_type=2 2 2 2 2 2 2
left_child=-1 -2 -3 -4 -5 6 -6
right_child=1 2 3 4 5 -7 -8
leaf_value=-0.035169503533732105 -0.032665381982652723 -0.030168321892150934 -0.020397402309773119 0.06514843765539452 0.031447526036854932 0.060147177500150972 -0.019895404626551802
leaf_weight=6.2218730002641669 6.3736826479434958 5.0312790870666495 5.0924062430858639 5.687619328498843 6.028359383344652 4.8033379614353171 6.3378681242465973
leaf_count=28 29 23 22 24 26 20 27
internal_value=0.000883202 0.00658306 0.014168 0.0221491 0.0316281 0.0205241 0.00513354
internal_weight=45.5764 39.3546 32.9809 27.9496 22.8572 17.1696 12.3662
internal_count=199 171 142 119 97 73 53
is_linear=0
shrinkage=0.05


Tree=25
num_leaves=7
num_cat=0
split_feature=7 8 15 14 6 9
split_gain=3.90954 6.48912 3.46172 5.68513 2.50127 1.56637
threshold=0.059510835995165566 0.028979048046918931 10511886.375000002 5.8503285714285704 0.11220369645555946 1.2466655286675463
decision_type=2 2 2 2 2 2
left_child=1 -1 4 -4 -3 -2
right_child=5 2 3 -5 -6 -7
leaf_value=0.03725772172788773 0.01222351372206903 0.020265446563705238 -0.006648685352085449 -0.072082990734171223 -0.027632995386724951 0.048087836918817357
leaf_weight=6.7437261044979122 7.627008378505705 7.1761828213930148 7.6081744432449323 5.8887675851583481 4.3947115838527679 5.0670400708913803
leaf_count=29 34 31 34 26 20 21
internal_value=0.0030799 -0.00628133 -0.0179942 -0.0351979 0.00207326 0.0265394
internal_weight=44.5056 31.8116 25.0678 13.4969 11.5709 12.694
internal_count=195 140 111 60 51 55
is_linear=0
shrinkage=0.05


Tree=26
num_leaves=7
num_cat=0
split_feature=7 8 15 7 15 13
split_gain=3.53272 5.86157 3.16799 2.82584 2.29768 1.60135
threshold=0.059510835995165566 0.028979048046918931 10511886.375000002 0.035536962273148197 3280083.4250000003 0.52209821296337122
decision_type=2 2 2 2 2 2
left_child=1 -1 4 -4 -3 -2
right_child=5 2 3 -5 -6 -7
leaf_value=0.035279916726147879 0.0092545810184772991 -0.026236108198411229 -0.002568643593221228 -0.050706225883749192 0.01958321431624413 0.044979377004945531
leaf_weight=6.7651112824678448 7.0183657556772214 4.4448882937431353 4.7032942473888388 8.6663576513528806 7.1171520203351974 5.6717273890972137
leaf_count=29 31 20 21 39 31 24
internal_value=0.00292825 -0.00599703 -0.0171974 -0.033772 0.00196852 0.0252215
internal_weight=44.3869 31.6968 24.9317 13.3697 11.562 12.6901
internal_count=195 140 111 60 51 55
is_linear=0
shrinkage=0.05


Tree=27
num_leaves=8
num_cat=0
split_feature=15 4 14 14 7 0 13
split_gain=3.22993 3.3737 2.62316 5.83618 5.49942 2.48761 2.67086
threshold=11605468.525 0.033505820910943833 5.8503285714285704 3.6692678571428567 0.064779515523007966 0.024462063336601055 0.49684107341233047
decision_type=2 2 2 2 2 2 2
left_child=1 5 3 -2 -4 6 -1
right_child=2 -3 4 -5 -6 -7 -8
leaf_value=-0.0064068289026180496 -0.023170428814400908 -0.019333854333344041 -0.061692710847932535 0.047727965762770039 0.0087885106160402061 0.057998070801384465 0.042201393030915454
leaf_weight=6.3654339164495521 7.0415869802236575 4.9362979382276526 5.7375898957252485 4.9383101016283035 5.3467594981193542 4.8182875961065283 5.0823684185743332
leaf_count=30 32 21 26 21 23 20 22
internal_value=0.00278485 0.0168714 -0.0101646 0.00605505 -0.0276947 0.0278587 0.0151733
internal_weight=44.2666 21.2024 23.0642 11.9799 11.0843 16.2661 11.4478
internal_count=195 93 102 53 49 72 52
is_linear=0
shrinkage=0.05


Tree=28
num_leaves=8
num_cat=0
split_feature=15 4 5 4 8 0 13
split_gain=2.92366 3.0459 2.6587 2.44593 2.33516 2.26106 2.39757
threshold=11605468.525 0.033505820910943833 0.19859389628962221 -0.0010468383934963354 0.051568780451094247 0.024462063336601055 0.49684107341233047
decision_type=2 2 2 2 2 2 2
left_child=1 5 3 4 -2 6 -1
right_child=2 -3 -4 -5 -6 -7 -8
leaf_value=-0.0060964743535853183 -0.034179166898371992 -0.018419918815499391 -0.043500327533102269 0.022137740551092633 0.012186525115419407 0.055263243476447205 0.039921252205458904
leaf_weight=6.3552729934454018 6.7475448995828664 4.9225178807973853 4.6459627151489249 6.9762128293514261 4.5445611178874969 4.8042321950197211 5.1034471988677979
leaf_count=30 31 21 21 30 20 20 22
internal_value=0.00265103 0.0160401 -0.00972784 -0.00113888 -0.0155191 0.0264705 0.0143987
internal_weight=44.0998 21.1855 22.9143 18.2683 11.2921 16.263 11.4587
internal_count=195 93 102 81 51 72 52
is_linear=0
shrinkage=0.05


Tree=29
num_leaves=7
num_cat=0
split_feature=7 8 8 15 6 9
split_gain=3.19472 5.06129 2.4004 2.29735 3.20236 1.49595
threshold=0.059510835995165566 0.028979048046918931 0.060252336791198381 10511886.375000002 0.13072552955420366 1.2466655286675463
decision_type=2 2 2 2 2 2
left_child=1 -1 3 -3 -5 -2
right_child=5 2 -4 4 -6 -7
leaf_value=0.032304157741917014 0.0097779816874248651 0.010276044374859589 -0.049141007944440256 -0.054569145819756908 -0.00079017117132088456 0.044907587271388216
leaf_weight=6.7486344277858761 7.6377119123935682 8.6708047688007408 4.6010787785053244 4.8610915392637235 6.4291785657405853 5.0238166153430939
leaf_count=29 34 38 21 23 29 21
internal_value=0.00252322 -0.00604702 -0.0165843 -0.00907988 -0.023945 0.0237166
internal_weight=43.9723 31.3108 24.5622 19.9611 11.2903 12.6615
internal_count=195 140 111 90 52 55
is_linear=0
shrinkage=0.05


Tree=30
num_leaves=8
num_cat=0
split_feature=1 13 4 15 0 12 0
split_gain=3.41245 2.69584 5.10781 4.24938 2.7472 2.13885 1.83413
threshold=0.0517292739032022 0.52209821296337122 0.047738108954880239 11605468.525 0.024462063336601055 0.9609165939141836 -0.021003281641096383
decision_type=2 2 2 2 2 2 2
left_child=1 3 6 4 -1 -5 -3
right_child=-2 2 -4 5 -6 -7 -8
leaf_value=-0.015555690104148695 0.039320638999308682 0.012152300952441615 -0.032844641671210005 -0.064587223335931115 0.036295646603263516 -0.016812390602110063 0.04897760728366838
leaf_weight=5.4327449053525942 6.1811678558588019 7.7002234607934961 4.5421991199254981 4.1381898373365384 4.8217796385288239 5.3995191305875778 6.0283955931663522
leaf_count=26 26 34 20 20 20 24 26
internal_value=0.00486253 -0.00073322 0.0131163 -0.0135181 0.00882533 -0.0375408 0.0283227
internal_weight=44.2442 38.0631 18.2708 19.7922 10.2545 9.53771 13.7286
internal_count=196 170 80 90 46 44 60
is_linear=0
shrinkage=0.05


Tree=31
num_leaves=8
num_cat=0
split_feature=11 4 12 4 14 6 11
split_gain=4.00084 3.73527 2.52844 4.33148 1.77247 1.38651 1.35342
threshold=0.037695244983121601 0.013837221218676386 1.5331565707285628 -0.021993485410490277 6.3271785714285729 0.071725967901885193 0.064770343020720086
decision_type=2 2 2 2 2 2 2
left_child=1 5 3 -2 -5 -1 -6
right_child=2 -3 -4 4 6 -7 -8
leaf_value=-0.053294236480623695 0.054567097272424751 0.014055249137915442 -0.01592125173090251 0.034588284396346182 -0.016976432625576521 -0.01418110997928663 0.017541508675558863
leaf_weight=5.1645128428935987 7.3190196007490185 6.2083219438791266 5.1857627332210532 4.5670780539512696 6.6275691539049131 4.0367958694696426 4.9688109159469604
leaf_count=25 31 28 22 20 29 20 21
internal_value=0.00463279 -0.0159138 0.0156769 0.0226549 0.00820464 -0.0361345 -0.0021862
internal_weight=44.0779 15.4096 28.6682 23.4825 16.1635 9.20131 11.5964
internal_count=196 73 123 101 70 45 50
is_linear=0
shrinkage=0.05


Tree=32
num_leaves=8
num_cat=0
split_feature=11 8 4 12 0 4 7
split_gain=3.62446 3.56578 4.41163 2.28308 4.04119 2.15864 1.75324
threshold=0.037695244983121601 0.031071142555723002 -0.0034539835838351715 1.5331565707285628 0.030725668756046407 -0.021993485410490277 0.049696886810929534
decision_type=2 2 2 2 2 2 2
left_child=1 -1 -3 4 5 -2 -7
right_child=3 2 -4 -5 -6 6 -8
leaf_value=0.018997309344882002 0.055797472015270737 -0.060815623666122802 0.0055662197567752378 -0.015131262033977265 -0.010653212388439644 0.041380819427786521 -0.0015981394484713574
leaf_weight=5.077278643846511 7.0831506103277269 5.8210924863815299 4.3907805383205405 5.1837323606014243 6.8896646201610556 4.624312177300455 4.873625174164772
leaf_count=23 30 30 20 22 30 20 21
internal_value=0.00441108 -0.0152473 -0.0322735 0.0149002 0.0215329 0.0349067 0.0193273
internal_weight=43.9436 15.2892 10.2119 28.6545 23.4708 16.5811 9.49794
internal_count=196 73 50 123 101 71 41
is_linear=0
shrinkage=0.05


Tree=33
num_leaves=8
num_cat=0
split_feature=10 10 1 6 13 6 15
split_gain=3.14134 3.69161 3.21703 4.41623 3.99257 2.55422 3.70229
threshold=0.03020478026368038 0.038816064449884023 0.0517292739032022 -0.10164046274574814 0.77932306104428062 0.27190687370323058 7701819.9000000013
decision_type=2 2 2 2 2 2 2
left_child=-1 -2 3 -3 5 6 -5
right_child=1 2 -4 4 -6 -7 -8
leaf_value=-0.034711227268745995 0.038481833817325735 0.034639916903140049 0.03588064746826064 -0.015161967321592957 0.021644910868114847 -0.0025780393652848994 -0.076770416444747885
leaf_weight=4.63665547966957 8.2694276422262174 5.1762887686491039 5.4091763198375693 5.0062280297279411 5.0058232843875876 5.5048242360353461 4.7544213384389877
leaf_count=22 36 22 23 23 22 25 23
internal_value=0.00420278 0.00881429 0.000863562 -0.00657972 -0.0171052 -0.029812 -0.0451715
internal_weight=43.7628 39.1262 30.8568 25.4476 20.2713 15.2655 9.76065
internal_count=196 174 138 115 93 71 46
is_linear=0
shrinkage=0.05


Tree=34
num_leaves=8
num_cat=0
split_feature=11 8 4 12 0 4 7
split_gain=3.21106 3.17578 4.03311 1.99348 3.69551 1.99662 3.55513
threshold=0.037695244983121601 0.031071142555723002 -0.0034539835838351715 1.5331565707285628 0.030725668756046407 -0.033283623311541548 0.046320643877136185
decision_type=2 2 2 2 2 2 2
left_child=1 -1 -3 4 5 -2 -7
right_child=3 2 -4 -5 -6 6 -8
leaf_value=0.017548497654733191 0.058633832706306302 -0.059165020290895792 0.0048672453978738902 -0.014286896688648815 -0.010757082204958371 0.05202238953171761 -0.0042368973741392117
leaf_weight=5.0690778791904441 5.1709678620100084 5.5999271422624579 4.3845570534467688 5.1546677201986304 6.8684280365705481 5.1162499934434909 6.2242521941661835
leaf_count=23 22 30 20 22 30 22 27
internal_value=0.00400175 -0.0146825 -0.0310461 0.0138587 0.0200641 0.0328851 0.0211444
internal_weight=43.5881 15.0536 9.98448 28.5346 23.3799 16.5115 11.3405
internal_count=196 73 50 123 101 71 49
is_linear=0
shrinkage=0.05


Tree=35
num_leaves=9
num_cat=0
split_feature=6 1 6 6 14 7 7 15
split_gain=2.46581 3.38524 2.44993 5.20232 2.74783 3.87151 2.08748 1.45294
threshold=-0.10164046274574814 0.0517292739032022 0.063072343989743332 0.15179242518270245 3.9354035714285716 0.041278091329962914 0.058809383163232212 7701819.9000000013
decision_type=2 2 2 2 2 2 2 2
left_child=-1 2 7 -4 -5 -6 -7 -2
right_child=1 -3 3 4 5 6 -8 -9
leaf_value=0.02914042596313636 -0.0084185530148384157 0.036509458532952205 0.048224202452451237 -0.046888946373092197 0.032553152896375649 -0.046066618271651531 0.0026173708217832989 -0.046346528198711046
leaf_weight=7.3272796720266333 4.720978692173956 4.8433339297771445 4.6190829351544407 4.1576303541660335 5.4233752787113181 4.3004131168127042 4.5121357440948486 5.4285120815038681
leaf_count=31 21 21 21 20 24 20 20 27
internal_value=0.00258242 -0.00253784 -0.00824071 0.00078466 -0.0111286 -0.000684718 -0.0211398 -0.0287045
internal_weight=45.3327 38.0055 33.1621 23.0126 18.3936 14.2359 8.81255 10.1495
internal_count=205 174 153 105 84 64 40 48
is_linear=0
shrinkage=0.05


Tree=36
num_leaves=8
num_cat=0
split_feature=11 0 1 0 15 1 10
split_gain=1.89905 3.67082 3.04877 3.82442 3.21323 2.93858 1.76809
threshold=0.036523292780711571 0.021561383420518738 0.035252869316396152 -0.021267950406456144 11605468.525 0.0517292739032022 0.039388005347210223
decision_type=2 2 2 2 2 2 2
left_child=1 6 3 -2 -5 -4 -1
right_child=2 -3 5 4 -6 -7 -8
leaf_value=-0.011410844565463986 0.061247101735947135 0.019336851639884634 -0.027694213811131563 0.032844231060736508 -0.020755595115188194 0.01774870502423195 -0.055903196189428211
leaf_weight=4.7714105397462827 4.9118708968162563 5.6089781224727622 7.8949402123689634 6.1262834072113055 5.1438362002372742 6.4752913117408752 4.1970796436071396
leaf_count=24 21 25 35 26 23 28 23
internal_value=0.00245859 -0.0123901 0.00954338 0.0244276 0.00838054 -0.00721743 -0.0322324
internal_weight=45.1297 14.5775 30.5522 16.182 11.2701 14.3702 8.96849
internal_count=205 72 133 70 49 63 47
is_linear=0
shrinkage=0.05


Tree=37
num_leaves=8
num_cat=0
split_feature=6 1 6 6 4 10 11
split_gain=2.19681 2.93433 2.18031 4.7219 2.63237 4.48804 1.23961
threshold=-0.10164046274574814 0.0517292739032022 0.063072343989743332 0.15179242518270245 -0.020290198136817501 0.041957243967640862 0.037695244983121601
decision_type=2 2 2 2 2 2 2
left_child=-1 2 6 -4 -5 -6 -2
right_child=1 -3 3 4 5 -7 -8
leaf_value=0.027465440949736415 -0.047666907485134621 0.033812625907781564 0.045920971094831009 0.021436340763828044 0.001005044527299462 -0.058065723720495732 -0.012053924454162833
leaf_weight=7.2895047366619101 4.2945734933018667 4.8410839140415183 4.5959126874804523 4.7018295675516155 8.2584981620311719 5.2658126205205908 5.6688785701990128
leaf_count=31 23 21 21 22 37 25 25
internal_value=0.00234289 -0.00252417 -0.00788963 0.000629905 -0.0107907 -0.0219947 -0.0274043
internal_weight=44.9161 37.6266 32.7855 22.8221 18.2261 13.5243 9.96345
internal_count=205 174 153 105 84 62 48
is_linear=0
shrinkage=0.05


Tree=38
num_leaves=8
num_cat=0
split_feature=6 1 9 1 10 14 1
split_gain=1.98605 2.65486 2.09046 2.72688 3.15335 2.35137 1.47265
threshold=-0.10164046274574814 0.0517292739032022 0.73253151774774306 0.024276121414519049 0.041957243967640862 3.9354035714285716 0.034018813445248652
decision_type=2 2 2 2 2 2 2
left_child=-1 2 -2 -4 5 -5 -6
right_child=1 -3 3 4 6 -7 -8
leaf_value=0.026122554189318404 0.017193057406328548 0.032150837064254041 -0.04500656554297898 -0.010923694633274011 -0.0079974656098004381 0.034036504281250317 -0.049297335800417036
leaf_weight=7.2812329977750769 6.7673560976982108 4.8368429243564597 5.570769056677821 5.8349401652812976 4.3694249391555768 5.7974544838070869 4.2656020820140839
leaf_count=31 32 21 29 27 20 25 20
internal_value=0.00222929 -0.00241711 -0.00754506 -0.0140243 -0.0055084 0.011484 -0.0283991
internal_weight=44.7236 37.4424 32.6055 25.8382 20.2674 11.6324 8.63503
internal_count=205 174 153 121 92 52 40
is_linear=0
shrinkage=0.05


Tree=39
num_leaves=8
num_cat=0
split_feature=7 1 13 14 1 7 8
split_gain=1.852 2.0913 2.92527 3.00267 3.93609 2.06166 1.14557
threshold=0.076800361379885648 0.021267950406456151 0.87298619033945501 1.806692857142858 0.030131741906520439 0.050426171601309751 0.033699559630568136
decision_type=2 2 2 2 2 2 2
left_child=1 -1 3 -3 6 -6 -5
right_child=-2 2 -4 4 5 -7 -8
leaf_value=-0.037849156092322624 0.024339899049683093 -0.032289454711123378 -0.036620478617723148 0.051632172341713037 -0.025226817869415236 0.018070587111070326 0.021136231585416401
leaf_weight=3.7675748616456977 7.7481366693973532 4.1068768650293377 4.3732491582632056 4.9161183014512089 6.7586864382028562 4.6347514092922211 8.2428974211215955
leaf_count=19 35 20 20 22 30 21 38
internal_value=0.00212211 -0.00255577 0.00146967 0.007282 0.0139011 -0.00761381 0.0325293
internal_weight=44.5483 36.8002 33.0326 28.6593 24.5525 11.3934 13.159
internal_count=205 170 151 131 111 51 60
is_linear=0
shrinkage=0.05


Tree=40
num_leaves=8
num_cat=0
split_feature=6 6 6 14 10 13 11
split_gain=4.45938 2.34752 4.4759 2.80211 1.61433 3.11876 0.909341
threshold=-0.093665067877791081 0.01834746585076211 0.11220369645555946 3.6692678571428567 0.043399872938610654 0.62383970314455184 0.038706496115978088
decision_type=2 2 2 2 2 2 2
left_child=-1 -2 -3 -4 6 -6 -5
right_child=1 2 3 4 5 -7 -8
leaf_value=0.032654733596890848 -0.033053060645141137 0.043669307857013853 -0.049279010429420469 -0.0039430608255305562 -0.037138680905985856 0.016285184958680081 0.027538224974597944
leaf_weight=7.57657366991043 8.1986587792634946 4.4043589830398586 4.0135814547538784 4.5273409336805361 6.9498515576124174 4.5010702162981033 4.649622455239296
leaf_count=33 39 20 20 21 32 20 20
internal_value=-0.00231245 -0.00942576 -0.00275657 -0.0110546 -0.00361728 -0.0161391 0.0120073
internal_weight=44.8211 37.2445 29.0458 24.6415 20.6279 11.4509 9.17696
internal_count=205 172 133 113 93 52 41
is_linear=0
shrinkage=0.05


Tree=41
num_leaves=8
num_cat=0
split_feature=6 7 7 7 2 4 11
split_gain=4.03599 2.31202 2.66237 2.90144 2.31558 3.03067 1.39194
threshold=-0.093665067877791081 0.049696886810929534 0.041278091329962914 0.02746959142838537 1.0000000180025095e-35 0.055896260719272915 0.034236190442207805
decision_type=2 2 2 2 2 2 2
left_child=-1 2 3 6 -3 -6 -2
right_child=1 4 -4 -5 5 -7 -8
leaf_value=0.031068748959849225 -0.0086935574872536881 0.026913357029165638 -0.051209042191190407 0.013410184400060317 -0.041265952407793016 0.016664924367602137 -0.048955033550252824
leaf_weight=7.5654513388872138 4.1594175994396227 6.9879201501607904 5.1355164647102347 7.2889761701226226 4.3809655457735062 4.6581655293703079 4.4365197122097015
leaf_count=33 20 33 24 35 20 20 20
internal_value=-0.00221074 -0.00900673 -0.0199134 -0.00979568 0.00529802 -0.0114122 -0.0294732
internal_weight=44.6129 37.0475 21.0204 15.8849 16.0271 9.03913 8.59594
internal_count=205 172 99 75 73 40 40
is_linear=0
shrinkage=0.05


Tree=42
num_leaves=8
num_cat=0
split_feature=6 6 6 11 13 0 11
split_gain=3.65219 2.15197 4.04992 2.10558 2.31426 1.8312 1.71847
threshold=-0.093665067877791081 0.01834746585076211 0.11220369645555946 0.039824934707509821 0.24962523375842971 0.024023564756699766 0.056144889623432691
decision_type=2 2 2 2 2 2 2
left_child=-1 -2 -3 5 -5 -4 -6
right_child=1 2 3 4 6 -7 -8
leaf_value=0.02956932142717543 -0.031356219430727542 0.042019753634491952 -0.056710804847131605 -0.02845822108839742 -0.01177004680491181 -0.0094301966754355062 0.028311115217153571
leaf_weight=7.5519742071628562 8.103441081941126 4.3906781375408199 3.7138686031103152 4.861963793635371 4.3606760054826719 4.5653313994407654 6.9149318188428879
leaf_count=33 39 20 20 22 20 21 30
internal_value=-0.00211139 -0.00859327 -0.00219013 -0.01014 0.000376837 -0.0306392 0.0128103
internal_weight=44.4629 36.9109 28.8074 24.4168 16.1376 8.2792 11.2756
internal_count=205 172 133 113 72 41 50
is_linear=0
shrinkage=0.05


Tree=43
num_leaves=9
num_cat=0
split_feature=6 4 13 7 10 6 9 8
split_gain=3.30755 2.02244 5.37993 1.97678 3.70829 2.70266 1.55326 0.448542
threshold=-0.093665067877791081 -0.039748778314693319 0.16349182008130095 0.05306615311691245 0.062084978363296101 0.090690326696227674 1.0425005250406489 0.035781207383558757
decision_type=2 2 2 2 2 2 2 2
left_child=-1 -2 -3 5 -5 -4 -7 -8
right_child=1 2 3 4 -6 6 7 -9
leaf_value=0.028149826439096044 0.020989214961889383 -0.073353699055554708 -0.043824266325391832 0.045148193234789663 -0.01853733186896344 -0.02553185388715358 0.021535735534561652 -0.0012692922435914916
leaf_weight=7.5365475565195075 5.1034673303365699 3.2995261698961285 5.7137943357229295 4.5620831251144391 4.5810174942016602 4.8123520612716666 4.234012693166731 4.3935924917459488
leaf_count=33 23 17 28 21 20 23 20 20
internal_value=-0.00202045 -0.00821611 -0.0129334 -0.00588812 0.0132395 -0.0150187 -0.00277251 0.00992232
internal_weight=44.2364 36.6998 31.5964 28.2969 9.1431 19.1538 13.44 8.62761
internal_count=205 172 149 132 41 91 63 40
is_linear=0
shrinkage=0.05


Tree=44
num_leaves=8
num_cat=0
split_feature=6 1 12 12 15 12 13
split_gain=2.9965 1.87906 2.1079 2.41137 1.88799 3.39736 1.68844
threshold=-0.093665067877791081 0.0532759271066299 0.94452703385693171 0.65530806364389582 18955164.950000007 1.2616675306183291 0.54963048406814397
decision_type=2 2 2 2 2 2 2
left_child=-1 2 3 -2 5 -4 -5
right_child=1 -3 4 6 -6 -7 -8
leaf_value=0.026804423995445144 -0.034749311078944994 0.020625601867652315 -0.041774645215795735 -0.0085038908102158372 -0.054571575588238143 0.012818766425553869 0.028696710131011806
leaf_weight=7.519527092576026 3.7435995489358929 4.99694800376892 5.8189462125301343 5.7854454740881902 4.1080511808395377 5.5847135931253433 6.4515017718076706
leaf_count=33 20 22 28 28 20 25 29
internal_value=-0.00193611 -0.00785883 -0.0123785 0.000366106 -0.0255083 -0.0150386 0.0111088
internal_weight=44.0087 36.4892 31.4923 15.9805 15.5117 11.4037 12.2369
internal_count=205 172 150 77 73 53 57
is_linear=0
shrinkage=0.05


Tree=45
num_leaves=7
num_cat=0
split_feature=14 5 5 6 10 1
split_gain=2.56738 1.92006 3.11837 2.0393 3.13721 3.98208
threshold=1.806692857142858 0.18346383502683258 0.12191712353328939 -0.15367306545477721 0.038816064449884023 0.028435491125036575
decision_type=2 2 2 2 2 2
left_child=-1 2 3 -2 -5 -6
right_child=1 -3 -4 4 5 -7
leaf_value=-0.034634446355466475 0.031508413634543903 -0.02016792823866392 0.040124231058414062 0.021155595149499485 -0.057698387782975619 -0.00070238017976563148
leaf_weight=5.8478997573256484 3.9980592131614712 8.3539520651102048 5.719992831349372 6.3642541170120301 4.8360795751214019 8.3655843883752805
leaf_count=30 18 39 26 29 25 38
internal_value=-0.00381292 0.000975896 0.00700768 -0.00103114 -0.0076802 -0.0215814
internal_weight=43.4858 37.6379 29.284 23.564 19.5659 13.2017
internal_count=205 175 136 110 92 63
is_linear=0
shrinkage=0.05


Tree=46
num_leaves=7
num_cat=0
split_feature=11 11 1 1 4 1
split_gain=1.7232 4.00945 3.41721 3.65585 3.01906 1.56139
threshold=0.06372820176479603 0.088083609911161778 0.035557661691132024 0.028742105685873091 -0.00037767105848749929 0.023825740818679188
decision_type=2 2 2 2 2 2
left_child=2 -2 3 4 5 -1
right_child=1 -3 -4 -5 -6 -7
leaf_value=-0.010220573438141513 0.035789054263975828 -0.021485626776646637 -0.039696905013904181 0.033554708894022671 0.0095767553221986178 -0.051720267401639569
leaf_weight=4.3074182868003899 7.3387941271066648 5.2355089634656906 7.3758103847503653 5.8511778414249411 8.3568442165851611 4.7836234644055367
leaf_count=23 33 23 35 27 39 25
internal_value=-0.00364643 0.0119418 -0.0100364 -0.000646745 -0.0121163 -0.0320573
internal_weight=43.2492 12.5743 30.6749 23.2991 17.4479 9.09104
internal_count=205 56 149 114 87 48
is_linear=0
shrinkage=0.05


Tree=47
num_leaves=7
num_cat=0
split_feature=14 5 5 10 11 12
split_gain=2.3184 1.81831 2.86891 1.84895 2.55255 2.79789
threshold=1.806692857142858 0.18346383502683258 0.12191712353328939 0.038816064449884023 0.038706496115978088 0.89354161450152281
decision_type=2 2 2 2 2 2
left_child=-1 2 3 -2 -5 -6
right_child=1 -3 -4 4 5 -7
leaf_value=-0.033050326593427014 0.021774919103782566 -0.019563942685898235 0.038707955438685313 -0.04708101779081366 0.031820595370190476 -0.016335843500521918
leaf_weight=5.7447391003370276 6.5286854058504167 8.3064011484384519 5.7171446979045859 3.5728452205657986 4.6432911455631247 8.607516795396803
leaf_count=30 30 39 26 20 21 39
internal_value=-0.00347822 0.00106707 0.00696224 -0.000809784 -0.00957414 0.000538929
internal_weight=43.1206 37.3759 29.0695 23.3523 16.8237 13.2508
internal_count=205 175 136 110 80 60
is_linear=0
shrinkage=0.05


Tree=48
num_leaves=7
num_cat=0
split_feature=14 11 11 1 0 11
split_gain=2.12038 1.67996 3.78703 3.73417 2.61839 2.54529
threshold=1.806692857142858 0.06372820176479603 0.088083609911161778 0.035557661691132024 0.024462063336601055 0.037695244983121601
decision_type=2 2 2 2 2 2
left_child=-1 3 -3 4 5 -2
right_child=1 2 -4 -5 -6 -7
leaf_value=-0.031792989442991665 -0.032086595744200412 0.040435225667762496 -0.016704561937211496 -0.039563604597890691 0.025697241970600207 0.017613439701992098
leaf_weight=5.6751367077231398 6.2696017324924522 6.9228300601243955 4.9898446649312973 6.3197709470987311 8.3827236592769605 4.3728648871183395
leaf_count=30 35 31 22 30 37 20
internal_value=-0.00332207 0.00101466 0.0165012 -0.00626432 0.004797 -0.0116654
internal_weight=42.9328 37.2576 11.9127 25.345 19.0252 10.6425
internal_count=205 175 53 122 92 55
is_linear=0
shrinkage=0.05


Tree=49
num_leaves=8
num_cat=0
split_feature=14 5 5 6 6 8 0
split_gain=1.93883 1.75384 2.64055 1.80879 2.9408 2.60507 1.3928
threshold=1.806692857142858 0.18346383502683258 0.12191712353328939 -0.15367306545477721 -0.068650624470619301 0.06690468930955952 0.024462063336601055
decision_type=2 2 2 2 2 2 2
left_child=-1 2 3 -2 -5 6 -6
right_child=1 -3 -4 4 5 -7 -8
leaf_value=-0.03057971822857778 0.030150231759347508 -0.019349469670933785 0.037296952578802542 -0.047055994546301126 -0.0041879349591928535 -0.032056679832505618 0.030763013923484447
leaf_weight=5.6070517301559439 3.9383546859025982 8.2589971125125867 5.6909453570842734 3.7066212967038217 5.2836488336324674 4.0313344150781623 6.1896454393863678
leaf_count=30 18 39 26 17 28 20 27
internal_value=-0.00317603 0.000965635 0.00678322 -0.000718071 -0.00704615 0.00251882 0.0146675
internal_weight=42.7066 37.0995 28.8406 23.1496 19.2112 15.5046 11.4733
internal_count=205 175 136 110 92 75 55
is_linear=0
shrinkage=0.05


Tree=50
num_leaves=6
num_cat=0
split_feature=7 4 4 1 14
split_gain=2.67176 2.34588 3.31713 2.66334 2.72333
threshold=0.07393529811432635 -0.032636479078064093 0.034568201662438867 0.022165033942519969 6.482042857142857
decision_type=2 2 2 2 2
left_child=1 -1 3 -3 -5
right_child=-2 2 -4 4 -6
leaf_value=-0.031057475435425003 0.031608777236899019 -0.019569185500982883 -0.022406560850937507 0.0061668859685815522 0.049685490848316576
leaf_weight=5.6098739430308333 7.4181224256753913 4.0762359499931398 7.9889454394578925 7.8148875385522825 6.6574176698923111
leaf_count=29 34 22 35 38 30
internal_value=0.0045607 -0.00168074 0.00452934 0.0161308 0.0261859
internal_weight=39.5655 32.1474 26.5375 18.5485 14.4723
internal_count=188 154 125 90 68
is_linear=0
shrinkage=0.05


end of trees

feature_importances:
returns_10d=46
range_atr_ratio=37
abs_gap=33
daily_return=29
range_pct=27
close_position=27
volatility_5d=26
atr14=24
gap_pct=20
adv20=18
atr_pct=17
returns_5d=15
volatility_10d=15
volume_ratio=7
gap_up=1
gap_down=1

parameters:
[boosting: gbdt]
[objective: binary]
[metric: auc]
[tree_learner: serial]
[device_type: cpu]
[data_sample_strategy: bagging]
[data: ]
[valid: ]
[num_iterations: 500]
[learning_rate: 0.05]
[num_leaves: 31]
[num_threads: 0]
[seed: 0]
[deterministic: 0]
[force_col_wise: 0]
[force_row_wise: 0]
[histogram_pool_size: -1]
[max_depth: -1]
[min_data_in_leaf: 20]
[min_sum_hessian_in_leaf: 0.001]
[bagging_fraction: 0.8]
[pos_bagging_fraction: 1]
[neg_bagging_fraction: 1]
[bagging_freq: 5]
[bagging_seed: 3]
[bagging_by_query: 0]
[feature_fraction: 0.8]
[feature_fraction_bynode: 1]
[feature_fraction_seed: 2]
[extra_trees: 0]
[extra_seed: 6]
[early_stopping_round: 0]
[early_stopping_min_delta: 0]
[first_metric_only: 0]
[max_delta_step: 0]
[lambda_l1: 0]
[lambda_l2: 0]
[linear_lambda: 0]
[min_gain_to_split: 0]
[drop_rate: 0.1]
[max_drop: 50]
[skip_drop: 0.5]
[xgboost_dart_mode: 0]
[uniform_drop: 0]
[drop_seed: 4]
[top_rate: 0.2]
[other_rate: 0.1]
[min_data_per_group: 100]
[max_cat_threshold: 32]
[cat_l2: 10]
[cat_smooth: 10]
[max_cat_to_onehot: 4]
[top_k: 20]
[monotone_constraints: ]
[monotone_constraints_method: basic]
[monotone_penalty: 0]
[feature_contri: ]
[forcedsplits_filename: ]
[refit_decay_rate: 0.9]
[cegb_tradeoff: 1]
[cegb_penalty_split: 0]
[cegb_penalty_feature_lazy: ]
[cegb_penalty_feature_coupled: ]
[path_smooth: 0]
[interaction_constraints: ]
[verbosity: -1]
[saved_feature_importance_type: 0]
[use_quantized_grad: 0]
[num_grad_quant_bins: 4]
[quant_train_renew_leaf: 0]
[stochastic_rounding: 1]
[linear_tree: 0]
[max_bin: 255]
[max_bin_by_feature: ]
[min_data_in_bin: 3]
[bin_construct_sample_cnt: 200000]
[data_random_seed: 1]
[is_enable_sparse: 1]
[enable_bundle: 1]
[use_missing: 1]
[zero_as_missing: 0]
[feature_pre_filter: 1]
[pre_partition: 0]
[two_round: 0]
[header: 0]
[label_column: ]
[weight_column: ]
[group_column: ]
[ignore_column: ]
[categorical_feature: ]
[forcedbins_filename: ]
[precise_float_parser: 0]
[parser_config_file: ]
[objective_seed: 5]
[num_class: 1]
[is_unbalance: 0]
[scale_pos_weight: 1]
[sigmoid: 1]
[boost_from_average: 1]
[reg_sqrt: 0]
[alpha: 0.9]
[fair_c: 1]
[poisson_max_delta_step: 0.7]
[tweedie_variance_power: 1.5]
[lambdarank_truncation_level: 30]
[lambdarank_norm: 1]
[label_gain: ]
[lambdarank_position_bias_regularization: 0]
[eval_at: ]
[multi_error_top_k: 1]
[auc_mu_weights: ]
[num_machines: 1]
[local_listen_port: 12400]
[time_out: 120]
[machine_list_filename: ]
[machines: ]
[gpu_platform_id: -1]
[gpu_device_id: -1]
[gpu_use_dp: 0]
[num_gpu: 1]

end of parameters

pandas_categorical:[]
