tree
version=v4
num_class=1
num_tree_per_iteration=1
label_index=0
max_feature_idx=15
objective=binary sigmoid:1
feature_names=gap_pct abs_gap gap_up gap_down daily_return returns_5d returns_10d volatility_5d volatility_10d volume_ratio atr_pct range_pct range_atr_ratio close_position atr14 adv20
feature_infos=[-0.1536695897828261:0.18921607640270605] [0.020051258857228981:0.18921607640270605] [0:1] [0:1] [-0.23144278821299333:0.33068245372328098] [-0.30920910075839653:0.62709093195824417] [-0.38319432502149614:1.8591925377385359] [0.0050266507155078306:0.21606218045337672] [0.016736046218854609:0.15755949012660855] [0.35616718906439315:5.0434299414290429] [0.019677737747334001:0.13263109089318517] [0.014624524943474248:0.3445691018441272] [0.31857928375931666:3.4964428052608443] [0.003115264792654737:0.99983316316371906] [0.72927142857142913:20.879642857142851] [1268959.3:557756519]
tree_sizes=861 979 884 972 976 875 983 982 983 982 977 978 981 879 985 978 983 981 981 979

Tree=0
num_leaves=7
num_cat=0
split_feature=7 7 7 7 7 14
split_gain=3.50845 4.53195 3.75854 6.46998 8.00047 3.6935
threshold=0.076800361379885648 0.062608462657885292 0.049696886810929534 0.041278091329962914 0.026090260957434854 4.7734428571428582
decision_type=2 2 2 2 2 2
left_child=1 2 3 4 5 -1
right_child=-2 -3 -4 -5 -6 -7
leaf_value=-0.65655020720481172 -0.68278136865781158 -0.60034057551981213 -0.68278136865781158 -0.60139750876517117 -0.69302549088206 -0.59399897604765839
leaf_weight=4.9559377729892784 7.8844464570283881 4.7306678742170325 7.8844464570283881 6.7580969631671897 8.7855260521173459 4.5053979754447937
leaf_count=22 35 21 35 30 39 20
internal_value=-0.652455 -0.646099 -0.65268 -0.643189 -0.658668 -0.626764
internal_weight=45.5045 37.6201 32.8894 25.005 18.2469 9.46134
internal_count=202 167 146 111 81 42
is_linear=0
shrinkage=1


Tree=1
num_leaves=8
num_cat=0
split_feature=1 6 5 13 7 5 5
split_gain=9.2461 5.61912 4.57496 5.59051 3.73102 2.37687 3.33317
threshold=0.024276121414519049 0.11960316233404829 0.21359161400102517 0.57995841924307612 0.032671172478380694 0.09609893006312116 -0.032676287570867234
decision_type=2 2 2 2 2 2 2
left_child=1 -1 3 5 -5 6 -2
right_child=2 -3 -4 4 -6 -7 -8
leaf_value=0.0013255158324376349 -0.020809481721577559 0.07340406060796649 0.021609428651136374 -0.031454286737983804 0.027318423215100127 -0.012122262836640706 -0.075971584338450526
leaf_weight=5.1728108376264554 4.5109279900789261 5.6653042435646057 7.1834782361984244 4.4952894449233991 6.7626596540212631 4.7116203010082236 6.9697424769401604
leaf_count=23 20 25 32 20 30 21 31
internal_value=-0.0013018 0.0390024 -0.0139144 -0.0232107 0.00385053 -0.0420254 -0.0542976
internal_weight=45.4718 10.8381 34.6337 27.4502 11.2579 16.1923 11.4807
internal_count=202 48 154 122 50 72 51
is_linear=0
shrinkage=0.05


Tree=2
num_leaves=7
num_cat=0
split_feature=5 7 7 7 4 0
split_gain=5.11058 3.06046 3.87678 4.28989 3.58476 1.64319
threshold=0.21359161400102517 0.026090260957434854 0.037266149958767612 0.046857299466198675 0.0033667522035486478 -0.024848705648997067
decision_type=2 2 2 2 2 2
left_child=1 -1 -3 -4 5 -5
right_child=-2 2 3 4 -6 -7
leaf_value=0.018170630372921784 0.033396526443940255 -0.055589465683120912 0.029768862922662894 -0.05734360554593998 0.0070870666186363526 -0.018214713660166949
leaf_weight=7.9182690232992163 8.6223698258399946 5.2930342555046108 5.6466986238956478 5.5695167332887685 7.2060381472110739 5.1771295219659788
leaf_count=35 38 24 25 25 32 23
internal_value=-0.00125262 -0.00936868 -0.0169161 -0.00824219 -0.0201979 -0.0384935
internal_weight=45.4331 36.8107 28.8924 23.5994 17.9527 10.7466
internal_count=202 164 129 105 80 48
is_linear=0
shrinkage=0.05


Tree=3
num_leaves=8
num_cat=0
split_feature=1 6 0 7 0 5 15
split_gain=8.23615 4.72 4.45687 2.73616 3.39091 2.62776 2.13731
threshold=0.024276121414519049 0.11960316233404829 0.028435491125036575 0.068837914746004467 -0.02460090274884396 0.078146962489418229 8701411.5750000011
decision_type=2 2 2 2 2 2 2
left_child=1 -1 3 4 6 -4 -2
right_child=2 -3 5 -5 -6 -7 -8
leaf_value=0.0017424323093056802 0.024651261265172218 0.06748423960553078 -0.01939005762785909 -0.063151073108422731 -0.049145621920155251 0.024991433401604476 -0.021723831010669204
leaf_weight=5.1564929485321027 4.4811845570802653 5.8024884313344955 5.3542277514934531 4.4032203853130332 5.769680038094525 8.8445329517126066 5.575966939330101
leaf_count=23 20 25 24 20 26 39 25
internal_value=-0.00120092 0.036551 -0.0132177 -0.028289 -0.0185899 0.00825556 -0.00106039
internal_weight=45.3878 10.959 34.4288 20.2301 15.8268 14.1988 10.0572
internal_count=202 48 154 91 71 63 45
is_linear=0
shrinkage=0.05


Tree=4
num_leaves=8
num_cat=0
split_feature=1 6 0 7 0 9 10
split_gain=7.39367 4.14466 4.0718 2.57138 3.13524 2.53111 2.15305
threshold=0.024276121414519049 0.11960316233404829 0.028435491125036575 0.068837914746004467 -0.02460090274884396 1.1942368337703135 0.048281161500347329
decision_type=2 2 2 2 2 2 2
left_child=1 -1 3 4 6 -4 -2
right_child=2 -3 5 -5 -6 -7 -8
leaf_value=0.0016543672883221547 0.02482423922520112 0.063006801250939826 0.030692766556367587 -0.061396244261771239 -0.047502070076907203 -0.01162050489679344 -0.021737420390659921
leaf_weight=5.1593597680330259 4.4743981361389125 5.9013914167881012 6.5385117679834348 4.305119350552558 5.6733163595199629 7.6920211762189865 5.5778460502624512
leaf_count=23 20 25 29 20 26 34 25
internal_value=-0.00115449 0.0343886 -0.0126291 -0.0271577 -0.0177843 0.0078212 -0.00101216
internal_weight=45.322 11.0608 34.2612 20.0307 15.7256 14.2305 10.0522
internal_count=202 48 154 91 71 63 45
is_linear=0
shrinkage=0.05


Tree=5
num_leaves=7
num_cat=0
split_feature=13 13 6 9 11 14
split_gain=5.05829 4.08068 4.58986 8.67089 3.2123 2.86738
threshold=0.13071957394935357 0.22046254045011079 0.050283297491154781 1.0425005250406489 0.052383522266227021 5.3280678571428588
decision_type=2 2 2 2 2 2
left_child=-1 -2 4 -4 -3 -5
right_child=1 2 3 5 -6 -7
leaf_value=0.040582138283480083 -0.046784504015965345 -0.049810562471878699 0.054481115999835517 -0.042929203320092084 0.0024576403425754234 0.0076697204738984965
leaf_weight=6.8830912411212912 5.2827001810073844 5.9754601269960421 8.2646381258964556 4.6444608122110349 5.7858095765113831 7.049928680062294
leaf_count=31 24 27 36 21 26 31
internal_value=0.00122397 -0.00609722 0.000678843 0.015279 -0.0240979 -0.0124258
internal_weight=43.8861 37.003 31.7203 19.959 11.7613 11.6944
internal_count=196 165 141 88 53 52
is_linear=0
shrinkage=0.05


Tree=6
num_leaves=8
num_cat=0
split_feature=0 13 1 7 6 10 14
split_gain=9.09744 8.15161 5.86741 5.68727 7.46376 1.61555 1.24354
threshold=-0.029543150778989037 0.13071957394935357 0.021692890180858362 0.039921682222428756 0.071725967901885193 0.05398258642010971 4.9347142857142847
decision_type=2 2 2 2 2 2 2
left_child=5 -2 -3 6 -5 -1 -4
right_child=1 2 3 4 -6 -7 -8
leaf_value=-0.021474126186356787 0.072022267883212934 0.047930732866950355 -0.054360527053214251 -0.036008059260274478 0.039806073096859698 -0.062903524891093021 -0.018215369440374562
leaf_weight=4.6566066741943342 5.0086526423692694 5.8322456777095821 5.1822510063648242 5.103964537382125 8.9197502434253675 4.7569290399551392 4.3999392986297607
leaf_count=21 22 25 24 23 39 22 20
internal_value=0.00115079 0.0130549 0.00302206 -0.00807341 0.0122133 -0.0424096 -0.0377634
internal_weight=43.8603 34.4468 29.4382 23.6059 14.0237 9.41354 9.58219
internal_count=196 153 131 106 62 43 44
is_linear=0
shrinkage=0.05


Tree=7
num_leaves=8
num_cat=0
split_feature=0 13 1 13 15 7 7
split_gain=8.30299 7.17334 5.24368 5.51255 6.38664 6.10725 1.54906
threshold=-0.029543150778989037 0.13071957394935357 0.021692890180858362 0.57094833991970206 14158038.600000001 0.039921682222428756 0.049104774732194524
decision_type=2 2 2 2 2 2 2
left_child=6 -2 -3 4 -4 -5 -1
right_child=1 2 3 5 -6 -7 -8
leaf_value=-0.020422767156206185 0.067051258282394194 0.045015140156812093 -0.060262284120182801 -0.028160739811011717 0.012526614343783521 0.047954780772086023 -0.061304739312992212
leaf_weight=4.6169547885656339 5.1082624793052664 5.8977279663085964 7.3699446916580218 4.3444291055202466 5.098251610994339 6.6990213543176651 4.6515784114599228
leaf_count=21 22 25 34 20 23 29 22
internal_value=0.00107773 0.0123602 0.00286062 -0.00771354 -0.0304989 0.0180114 -0.0409401
internal_weight=43.7862 34.5176 29.4094 23.5116 12.4682 11.0435 9.26853
internal_count=196 153 131 106 57 49 43
is_linear=0
shrinkage=0.05


Tree=8
num_leaves=8
num_cat=0
split_feature=0 13 1 13 15 7 10
split_gain=7.58205 6.34045 4.69468 5.01822 5.93787 5.45945 1.50827
threshold=-0.029543150778989037 0.13071957394935357 0.021692890180858362 0.57094833991970206 14158038.600000001 0.039921682222428756 0.05398258642010971
decision_type=2 2 2 2 2 2 2
left_child=6 -2 -3 4 -4 -5 -1
right_child=1 2 3 5 -6 -7 -8
leaf_value=-0.019262102252858918 0.062648571368558906 0.042348827588125137 -0.058573486235101238 -0.027030487568162054 0.011851152216495818 0.044981869926688317 -0.059923131784855178
leaf_weight=4.5741995275020582 5.1916157305240622 5.9540803283453014 7.2074605226516741 4.3009115010499936 5.1188422292470932 6.7824296504259109 4.5485324114561081
leaf_count=21 22 25 34 20 23 29 22
internal_value=0.00100859 0.0117124 0.00270664 -0.00737607 -0.0293277 0.0170373 -0.0395354
internal_weight=43.6781 34.5553 29.3637 23.4096 12.3263 11.0833 9.12273
internal_count=196 153 131 106 57 49 43
is_linear=0
shrinkage=0.05


Tree=9
num_leaves=8
num_cat=0
split_feature=0 13 15 4 0 4 7
split_gain=6.92769 5.62448 4.25989 5.73755 7.6482 7.80022 1.45048
threshold=-0.029543150778989037 0.13071957394935357 60156341.725000009 -0.010291365745648954 0.023291689455127947 0.033505820910943833 0.049104774732194524
decision_type=2 2 2 2 2 2 2
left_child=6 -2 3 -3 -5 -6 -1
right_child=1 2 -4 4 5 -7 -8
leaf_value=-0.018303174627893742 0.058713416241334415 -0.055148875825818594 0.043158479075158185 0.053365828221779467 -0.06171876770965698 0.016337813457666189 -0.05850170179341483
leaf_weight=4.5364512354135496 5.2607130110263816 4.8216271847486523 5.2944460958242408 5.8774961084127488 5.3613876700401288 7.9412226378917694 4.4407435953617096
leaf_count=21 22 22 23 25 26 35 22
internal_value=0.00094515 0.0111112 0.00256328 -0.00639145 0.00586553 -0.0151215 -0.0381882
internal_weight=43.5341 34.5569 29.2962 24.0017 19.1801 13.3026 8.97719
internal_count=196 153 131 108 86 61 43
is_linear=0
shrinkage=0.05


Tree=10
num_leaves=8
num_cat=0
split_feature=10 11 12 5 11 5 9
split_gain=4.37788 5.55679 8.07 8.31569 5.2867 4.19255 2.17223
threshold=0.038691409629015294 0.037695244983121601 1.0976885788408552 0.099522678487202518 0.03040948294593283 0.12191712353328939 1.1740338566331623
decision_type=2 2 2 2 2 2 2
left_child=6 4 5 -4 -2 -3 -1
right_child=1 2 3 -5 -6 -7 -8
leaf_value=-0.047518069701384315 0.0048184856977134287 -0.0070899124255989279 -0.017303985262216062 0.079176099391477947 0.08005889763533193 -0.066824783641047741 -0.0068629747178234239
leaf_weight=5.5630697906017295 4.6295006871223467 7.9357857108116168 4.2924223840236646 4.6558601260185242 4.7097959518432617 4.6636035889387131 8.0255949050188047
leaf_count=26 20 36 20 20 21 21 37
internal_value=0.000143696 0.0105487 -0.00341343 0.0328953 0.0427621 -0.0292005 -0.0235068
internal_weight=44.4756 30.887 21.5477 8.94828 9.3393 12.5994 13.5887
internal_count=201 138 97 40 41 57 63
is_linear=0
shrinkage=0.05


Tree=11
num_leaves=8
num_cat=0
split_feature=11 11 12 6 5 9 0
split_gain=3.74014 7.26142 4.40028 3.93422 3.913 3.56684 1.28667
threshold=0.029222872862933711 0.037695244983121601 1.0976885788408552 0.3393645506248309 0.12191712353328939 1.0425005250406489 0.027570424313288756
decision_type=2 2 2 2 2 2 2
left_child=-1 5 4 6 -3 -2 -4
right_child=1 2 3 -5 -6 -7 -8
leaf_value=-0.031347072522328261 0.075029078513412728 -0.0067510827718224673 -0.021694540052720885 0.048954455937068313 -0.064869612724150802 0.012811735087170806 0.014404205293620537
leaf_weight=7.7862866669893256 4.7999386042356473 7.9178413003683108 5.5844731330871564 4.8968261480331412 4.5664299130439758 4.4292235523462296 4.4238554239273071
leaf_count=36 21 36 26 21 21 20 20
internal_value=0.000122018 0.00681336 -0.00611132 0.0122301 -0.0280094 0.04517 -0.00573827
internal_weight=44.4049 36.6186 27.3894 14.9052 12.4843 9.22916 10.0083
internal_count=201 165 124 67 57 41 46
is_linear=0
shrinkage=0.05


Tree=12
num_leaves=8
num_cat=0
split_feature=11 11 12 5 6 12 7
split_gain=3.40369 6.47925 4.0038 3.65885 3.51061 2.97682 1.22424
threshold=0.029222872862933711 0.037695244983121601 1.0976885788408552 0.12191712353328939 0.3393645506248309 0.7610881219716944 0.038273475996834221
decision_type=2 2 2 2 2 2 2
left_child=-1 5 3 -3 6 -2 -4
right_child=1 2 4 -5 -6 -7 -8
leaf_value=-0.030100235591648102 0.069307341015849927 -0.0064278634659276426 0.013749718428042752 -0.063049180709120495 0.046050655789106776 0.012751804167924452 -0.021414274144158842
leaf_weight=7.7054700702428809 4.8960762023925763 7.9006330817937869 4.5295362472534162 4.4659239053726196 4.9440467804670325 4.4336863458156586 5.4575111418962479
leaf_count=36 21 36 21 21 21 20 25
internal_value=0.000105245 0.00645971 -0.00583454 -0.0268755 0.0115924 0.042431 -0.00546596
internal_weight=44.3329 36.6274 27.2977 12.3666 14.9311 9.32976 9.98705
internal_count=201 165 124 57 67 41 46
is_linear=0
shrinkage=0.05


Tree=13
num_leaves=7
num_cat=0
split_feature=10 7 12 7 15 10
split_gain=3.83115 3.41296 3.09837 2.71146 2.16421 2.01994
threshold=0.038691409629015294 0.049696886810929534 1.0976885788408552 0.037266149958767612 11460601.150000002 0.03020478026368038
decision_type=2 2 2 2 2 2
left_child=5 3 4 -2 -3 -1
right_child=1 2 -4 -5 -6 -7
leaf_value=0.0023912808826997787 0.0071519855294297739 0.007134824186859433 0.029752834527228152 0.050754337364113923 -0.036194829374897521 -0.037510112357308063
leaf_weight=5.1440543234348288 7.5773589313030261 4.7913149446249026 4.4893016517162314 6.7343729436397552 7.2312045246362686 8.2725083380937559
leaf_count=24 34 22 20 29 33 39
internal_value=9.06956e-05 0.00979816 -0.00569153 0.027669 -0.0189267 -0.0222115
internal_weight=44.2401 30.8236 16.5118 14.3117 12.0225 13.4166
internal_count=201 138 75 63 55 63
is_linear=0
shrinkage=0.05


Tree=14
num_leaves=8
num_cat=0
split_feature=10 11 12 5 11 5 6
split_gain=3.47616 4.11341 5.89975 6.47574 3.75079 3.34666 2.02691
threshold=0.038691409629015294 0.037695244983121601 1.0976885788408552 0.099522678487202518 0.03040948294593283 0.12191712353328939 0.20663634393938513
decision_type=2 2 2 2 2 2 2
left_child=6 4 5 -4 -2 -3 -1
right_child=1 2 3 -5 -6 -7 -8
leaf_value=-0.0055421596319743267 0.0041669485498588314 -0.0062128655405884244 -0.017103983169392482 0.067405675771142912 0.066854168025633584 -0.060891131852804183 -0.045475880806512228
leaf_weight=8.0606257170438749 4.6195561140775698 7.8825370967388171 4.2894529700279218 4.8073000311851501 4.9356500208377838 4.3388757556676865 5.2453272938728324
leaf_count=38 20 36 20 20 21 21 25
internal_value=7.94365e-05 0.00928692 -0.00293175 0.0275563 0.0365474 -0.0256249 -0.0212844
internal_weight=44.1793 30.8734 21.3182 9.09675 9.55521 12.2214 13.306
internal_count=201 138 97 40 41 57 63
is_linear=0
shrinkage=0.05


Tree=15
num_leaves=8
num_cat=0
split_feature=1 1 7 6 12 5 12
split_gain=4.15746 3.66267 3.78247 3.52196 2.51748 2.46488 3.17502
threshold=0.024276121414519049 0.025695596749007458 0.049696886810929534 0.11960316233404829 0.89851236022916037 0.1118760301686962 0.99809757894381879
decision_type=2 2 2 2 2 2 2
left_child=3 -2 5 -1 -4 6 -3
right_child=1 2 4 -5 -6 -7 -8
leaf_value=0.0014215467921702774 -0.048002792497237802 0.032447591753755577 -0.044932604657903739 0.059908641182700943 -0.00056932597814647492 0.04691757091919397 -0.023590775021176614
leaf_weight=4.9843183755874616 4.2626274526119223 5.0494342595338839 5.1890236288309088 5.3226769119501114 8.333698093891142 5.141115576028823 5.0611528158187866
leaf_count=22 21 23 25 22 38 23 24
internal_value=0.00390123 -0.00474815 0.00165957 0.0316251 -0.0175927 0.0187293 0.00439593
internal_weight=43.344 33.0371 28.7744 10.307 13.5227 15.2517 10.1106
internal_count=198 154 133 44 63 70 47
is_linear=0
shrinkage=0.05


Tree=16
num_leaves=8
num_cat=0
split_feature=4 13 13 1 4 4 7
split_gain=4.04062 4.26648 5.83581 3.21849 2.64221 4.66609 1.46191
threshold=-0.038411487150796689 0.17394064852359553 0.31203278062191081 0.023960551464875263 0.034568201662438867 -1.0000000180025095e-35 0.049696886810929534
decision_type=2 2 2 2 2 2 2
left_child=-1 -2 -3 -4 5 -5 -6
right_child=1 2 3 4 6 -7 -8
leaf_value=-0.030774147790383805 0.050820597438340401 -0.045830797775876952 0.044570981750521266 0.017095705571259331 0.042700107371331418 -0.050863397068959454 0.0030471042008533952
leaf_weight=7.1034250855445853 5.5472260713577262 5.0711822956800487 6.1016723364591625 5.3983904421329534 4.4931502491235715 4.746657267212866 4.8155536651611328
leaf_count=35 24 24 26 25 20 23 21
internal_value=0.00370269 0.0104729 0.00316492 0.0128876 0.00295006 -0.0147009 0.0221869
internal_weight=43.2773 36.1738 30.6266 25.5554 19.4538 10.145 9.3087
internal_count=198 163 139 115 89 48 41
is_linear=0
shrinkage=0.05


Tree=17
num_leaves=8
num_cat=0
split_feature=4 13 13 1 4 0 7
split_gain=3.6754 3.79957 5.32924 2.87426 2.3812 5.47259 1.29516
threshold=-0.038411487150796689 0.17394064852359553 0.31203278062191081 0.023960551464875263 0.034568201662438867 -0.02460090274884396 0.049696886810929534
decision_type=2 2 2 2 2 2 2
left_child=-1 -2 -3 -4 5 -5 -6
right_child=1 2 3 4 6 -7 -8
leaf_value=-0.029603379273404812 0.047789776317816481 -0.04427008367465339 0.042017569532960736 0.021783636775345613 0.040100575968342295 -0.051931880320370508 0.0028924106824938733
leaf_weight=7.0173666924238196 5.6025813966989508 4.9895651936531094 6.1476073563098934 5.1763153076171911 4.5438362658023816 4.9021949023008329 4.8193455934524536
leaf_count=35 24 24 26 24 20 24 21
internal_value=0.00351297 0.00993586 0.00300037 0.0122175 0.00279445 -0.0140716 0.0209491
internal_weight=43.1988 36.1814 30.5789 25.5893 19.4417 10.0785 9.36318
internal_count=198 163 139 115 89 48 41
is_linear=0
shrinkage=0.05


Tree=18
num_leaves=8
num_cat=0
split_feature=1 6 1 7 12 5 12
split_gain=3.36774 3.15699 3.02898 2.9673 2.33723 2.08606 2.77935
threshold=0.024276121414519049 0.11960316233404829 0.025695596749007458 0.049696886810929534 0.89851236022916037 0.1118760301686962 0.99809757894381879
decision_type=2 2 2 2 2 2 2
left_child=1 -1 -2 5 -5 6 -4
right_child=2 -3 3 4 -6 -7 -8
leaf_value=-0.00034387681433081167 -0.044905185354033983 0.054861220802166412 0.028828186898747599 -0.042917247397359512 0.00029537388538498839 0.041828442881570248 -0.023490281644103911
leaf_weight=5.0148366540670377 4.068329229950904 5.3552820533514023 5.1308599263429659 5.0439081937074652 8.2426017969846708 5.2231804579496375 5.0241730660200119
leaf_count=22 21 22 23 25 38 23 24
internal_value=0.00333431 0.0281648 -0.00453222 0.00119784 -0.0161093 0.0161509 0.00294378
internal_weight=43.1032 10.3701 32.7331 28.6647 13.2865 15.3782 10.155
internal_count=198 44 154 133 63 70 47
is_linear=0
shrinkage=0.05


Tree=19
num_leaves=8
num_cat=0
split_feature=4 13 13 13 0 4 5
split_gain=3.26228 3.39529 4.85776 2.48894 4.11798 5.03673 1.73753
threshold=-0.038411487150796689 0.17394064852359553 0.31203278062191081 0.90073532252340827 0.020337766213088592 0.036662565984188232 0.068268754711334423
decision_type=2 2 2 2 2 2 2
left_child=-1 -2 -3 4 6 -6 -4
right_child=1 2 3 -5 5 -7 -8
leaf_value=-0.028339420651897249 0.044808469774015175 -0.043058089089309054 0.06608487053584125 -0.022796254821343641 -0.037552030508210148 0.027604322489827471 0.022313417658351108
leaf_weight=6.8978052139282218 5.6438666880130759 4.8926101773977306 4.476130619645124 4.4210388213396064 5.2395771443843824 6.835457444190979 4.594213604927063
leaf_count=35 24 24 20 20 25 30 20
internal_value=0.00316767 0.00918741 0.00258705 0.0113221 0.0184555 -0.000668204 0.0439142
internal_weight=43.0007 36.1029 30.459 25.5664 21.1454 12.075 9.07034
internal_count=198 163 139 115 95 55 40
is_linear=0
shrinkage=0.05


end of trees

feature_importances:
volatility_5d=23
close_position=16
returns_5d=14
gap_pct=13
abs_gap=12
daily_return=10
returns_10d=10
range_atr_ratio=10
range_pct=9
atr_pct=7
adv20=5
volume_ratio=4
atr14=3

parameters:
[boosting: gbdt]
[objective: binary]
[metric: auc]
[tree_learner: serial]
[device_type: cpu]
[data_sample_strategy: bagging]
[data: ]
[valid: ]
[num_iterations: 500]
[learning_rate: 0.05]
[num_leaves: 31]
[num_threads: 0]
[seed: 0]
[deterministic: 0]
[force_col_wise: 0]
[force_row_wise: 0]
[histogram_pool_size: -1]
[max_depth: -1]
[min_data_in_leaf: 20]
[min_sum_hessian_in_leaf: 0.001]
[bagging_fraction: 0.8]
[pos_bagging_fraction: 1]
[neg_bagging_fraction: 1]
[bagging_freq: 5]
[bagging_seed: 3]
[bagging_by_query: 0]
[feature_fraction: 0.8]
[feature_fraction_bynode: 1]
[feature_fraction_seed: 2]
[extra_trees: 0]
[extra_seed: 6]
[early_stopping_round: 0]
[early_stopping_min_delta: 0]
[first_metric_only: 0]
[max_delta_step: 0]
[lambda_l1: 0]
[lambda_l2: 0]
[linear_lambda: 0]
[min_gain_to_split: 0]
[drop_rate: 0.1]
[max_drop: 50]
[skip_drop: 0.5]
[xgboost_dart_mode: 0]
[uniform_drop: 0]
[drop_seed: 4]
[top_rate: 0.2]
[other_rate: 0.1]
[min_data_per_group: 100]
[max_cat_threshold: 32]
[cat_l2: 10]
[cat_smooth: 10]
[max_cat_to_onehot: 4]
[top_k: 20]
[monotone_constraints: ]
[monotone_constraints_method: basic]
[monotone_penalty: 0]
[feature_contri: ]
[forcedsplits_filename: ]
[refit_decay_rate: 0.9]
[cegb_tradeoff: 1]
[cegb_penalty_split: 0]
[cegb_penalty_feature_lazy: ]
[cegb_penalty_feature_coupled: ]
[path_smooth: 0]
[interaction_constraints: ]
[verbosity: -1]
[saved_feature_importance_type: 0]
[use_quantized_grad: 0]
[num_grad_quant_bins: 4]
[quant_train_renew_leaf: 0]
[stochastic_rounding: 1]
[linear_tree: 0]
[max_bin: 255]
[max_bin_by_feature: ]
[min_data_in_bin: 3]
[bin_construct_sample_cnt: 200000]
[data_random_seed: 1]
[is_enable_sparse: 1]
[enable_bundle: 1]
[use_missing: 1]
[zero_as_missing: 0]
[feature_pre_filter: 1]
[pre_partition: 0]
[two_round: 0]
[header: 0]
[label_column: ]
[weight_column: ]
[group_column: ]
[ignore_column: ]
[categorical_feature: ]
[forcedbins_filename: ]
[precise_float_parser: 0]
[parser_config_file: ]
[objective_seed: 5]
[num_class: 1]
[is_unbalance: 0]
[scale_pos_weight: 1]
[sigmoid: 1]
[boost_from_average: 1]
[reg_sqrt: 0]
[alpha: 0.9]
[fair_c: 1]
[poisson_max_delta_step: 0.7]
[tweedie_variance_power: 1.5]
[lambdarank_truncation_level: 30]
[lambdarank_norm: 1]
[label_gain: ]
[lambdarank_position_bias_regularization: 0]
[eval_at: ]
[multi_error_top_k: 1]
[auc_mu_weights: ]
[num_machines: 1]
[local_listen_port: 12400]
[time_out: 120]
[machine_list_filename: ]
[machines: ]
[gpu_platform_id: -1]
[gpu_device_id: -1]
[gpu_use_dp: 0]
[num_gpu: 1]

end of parameters

pandas_categorical:[]
