tree
version=v4
num_class=1
num_tree_per_iteration=1
label_index=0
max_feature_idx=12
objective=binary sigmoid:1
feature_names=returns returns_5 returns_10 returns_20 range_pct body_pct volume_ratio volume_ratio_20 volatility_5 volatility_20 time_since_open time_to_close price_position
feature_infos=[-0.039866682341639967:0.043926217249210697] [-0.28637386309238871:0.25319720580333155] [-0.31054995750880182:0.24967180174146] [-0.3240773703571852:0.25898525788214705] [0:0.048073861827443498] [0:0.041294931353024041] [0.006973727368629455:4.9119546137910026] [0.013868912333488576:18.657869981837813] [4.1846829289270059e-05:0.12879790198107297] [0.0002278736128179732:0.063498184168980412] [-128:127] [-128:127] [0:0.99999999983145116]
tree_sizes=3358 3382 3400 3406 3422 3411 3423 3439 3433 3438 3446 3438 3428 3434 3449 3436 3414 3424 3444 3445 3463 3432 3454 3448

Tree=0
num_leaves=31
num_cat=0
split_feature=8 8 5 9 9 7 11 5 2 2 7 8 0 9 2 11 10 12 11 11 6 12 9 5 9 2 0 11 7 6
split_gain=3049.39 867.421 408.729 364.32 278.638 427.809 216.356 225.014 213.033 164.07 267.147 133.94 142.818 112.839 136.058 167.926 143.396 95.9531 95.5438 104.412 101.977 91.5896 91.23 83.307 82.995 108.435 73.3842 107.632 78.4465 221.004
threshold=0.0051244643901643952 0.024927787549959685 0.0093224573916984074 0.0039472680270189386 0.01810829233709815 1.1416596191254738 88.500000000000014 0.0067277884999197455 0.080575726829711911 -0.05145269333613512 1.294333237944375 0.0038220450703510974 -0.0095407134760656532 0.020341638865557014 0.060459607936679982 81.500000000000014 -8.4999999999999982 0.4915529923141117 92.500000000000014 97.500000000000014 0.37365122122803834 0.59279372727851865 0.0048528798956518453 0.00060151380992253878 0.020341638865557014 0.043002078398389855 0.0094782539438902757 86.500000000000014 1.1100045531925862 0.30301909238899832
decision_type=2 2 2 2 2 2 2 2 2 2 2 2 2 2 2 2 2 2 2 2 2 2 2 2 2 2 2 2 2 2
left_child=3 2 13 -1 8 -6 23 -8 26 10 -4 18 -13 21 16 -16 -15 -17 -5 -20 -21 -2 -11 -7 25 -25 28 -28 29 -3
right_child=1 4 9 11 5 6 7 -9 -10 22 -12 12 -14 14 15 17 -18 -19 19 20 -22 -23 -24 24 -26 -27 27 -29 -30 -31
leaf_value=-5.1794088114500934 -4.8173991936993872 -5.1872961243177018 -1.5995740153130242 -5.1150331650166008 -1.054240254744311 -2.8389689256964523 -0.88202959351208055 -3.9572199726589536 -2.9213663712621036 -5.1872961243177027 -4.2305702285831153 -3.3154411109239881 -4.9567597638997292 -3.0346628589148996 -4.7672701213122739 -1.9070930532277064 -4.8526110936543656 -3.8096108344599022 -3.7909934656780306 -3.4651895119954599 -4.9699956054126853 -4.9915149445842308 -4.3434638842797941 -4.354018731258547 -4.3633216686611185 -2.6041362058343243 -4.7567694712371402 -2.6041362058343314 -4.6929114509237522 -2.1736095527537698
leaf_weight=538.84004290122539 17.977981042116884 0.12775051128119264 0.13936419412493739 62.272567408159375 0.14517103554680977 0.12775051128119219 0.11613682843744744 0.12194366985931993 0.22065997403115023 0.36002416815608684 0.31356943678110838 0.13355735270306723 17.350842168554664 0.11613682843744788 0.23808049829676736 0.12194366985931993 1.6433361223898817 0.14517103554680943 0.21485313260927696 0.11613682843744788 3.6815374614670873 13.024745309259741 2.9034207109361887 0.18001208407804359 1.2136298571713267 0.17420524265617132 0.11613682843744744 0.11613682843744755 2.4272597143426538 0.11613682843744755
leaf_count=92794 3096 22 24 10724 25 22 20 21 38 62 54 23 2988 20 41 21 283 25 37 20 634 2243 500 31 209 30 20 20 418 20
internal_value=-5.13645 -4.72507 -4.8101 -5.16433 -4.12059 -3.67203 -3.86857 -2.45713 -4.41907 -4.31279 -3.42103 -5.06732 -4.94422 -4.86566 -4.52495 -3.80169 -4.73261 -2.94107 -5.0998 -4.86331 -4.92398 -4.89055 -4.43656 -4.06675 -4.16679 -3.49342 -4.5329 -3.68045 -4.60702 -3.75221
internal_weight=664.796 42.1867 36.9838 622.61 5.20293 2.07885 1.93368 0.23808 3.12408 3.71638 0.452934 83.7695 17.4844 33.2674 2.26467 0.505195 1.75947 0.267115 66.2851 4.01253 3.79767 31.0027 3.26344 1.6956 1.56785 0.354217 2.90342 0.232274 2.67115 0.243887
internal_count=114485 7265 6369 107220 896 358 333 41 538 640 78 14426 3011 5729 390 87 303 46 11415 691 654 5339 562 292 270 61 500 40 460 42
is_linear=0
shrinkage=1


Tree=1
num_leaves=31
num_cat=0
split_feature=4 9 4 9 3 5 5 12 4 1 9 11 7 12 7 0 7 3 8 3 3 11 8 8 9 5 7 3 12 9
split_gain=1813.53 171.015 134.685 100.438 204.832 173.942 147.52 94.7735 89.1027 81.4835 92.3723 94.861 118.699 58.2884 111.214 95.0379 53.6583 48.7085 62.2153 46.5372 56.9308 71.0871 42.7202 81.2768 42.0085 38.1483 82.9651 79.3923 64.5353 75.9785
threshold=0.0057462671453486986 0.0039472680270189386 0.0075173035731180603 0.01664435449353974 0.11232985676451256 0.00087592403365181011 0.00080084193777543082 0.68181811983469165 0.004358269998389082 -0.016245841830284286 0.0074692052192015844 -108.49999999999999 2.2187334308511728 0.11898043007008118 1.2209946617605649 -0.0057101868926930921 3.8096693830168245 0.11232985676451256 0.0033830120014689191 0.0060349999754047137 0.063398156808469178 88.500000000000014 0.0059117673067712378 0.01258639197513226 0.0065057293282369403 0.0047312732399270602 0.60758466655984555 -0.012110015759179438 0.91477271551631578 0.015221299868974717
decision_type=2 2 2 2 2 2 2 2 2 2 2 2 2 2 2 2 2 2 2 2 2 2 2 2 2 2 2 2 2 2
left_child=1 -1 -2 4 5 6 7 22 17 10 11 12 -7 24 -15 -16 25 -3 -19 -18 21 -21 -4 -24 -13 26 27 -11 29 -28
right_child=2 8 3 -5 -6 9 -8 -9 -10 16 -12 13 -14 14 15 -17 19 18 -20 20 -22 -23 23 -25 -26 -27 28 -29 -30 -31
leaf_value=-0.043991467756364346 0.12811936782522546 -0.0026898549762157343 0.53614472794260892 0.17531379481874784 1.7300575201252952 1.9930798607411977 2.4353374246566153 -0.050345813902343654 0.1124655169348132 0.32430313342947159 0.30293910904661819 0.11649775149438474 0.41605106235417316 1.9505871285981593 1.5079742461166383 0.21911234596603435 -0.051486994840725386 1.1533590546414842 -0.050410345495332735 0.55052324396971375 0.1630006203386421 1.4500470404181978 2.0036896264453152 0.54306296590047232 0.8075465242578167 0.16582965474964098 0.18288282526097452 1.5679340833816646 0.98190634759296869 1.3545695934320854
leaf_weight=508.69925321405753 31.804272973444313 67.376949963159859 0.25576949911191948 22.588866169098765 0.25260661169886489 0.26914064725860987 0.14080533152446151 0.29051962215453386 24.192980109713972 0.26691314531490207 5.7631352012977004 0.89693667972460234 0.21434429520741105 0.1749146319925784 0.19249784201383591 0.55656677391380072 0.39658276643603985 0.20769995870068569 0.22213388001546264 1.2473001247271898 0.69763545924797643 0.26657881774008263 0.21907531749457121 0.16849395260214806 0.2913539269939065 15.471490273717789 4.9285990446805954 0.24717358360067621 0.29062580643221725 0.14235531399026502
leaf_count=91248 4457 10230 41 1070 18 32 20 43 3474 39 443 97 24 23 22 73 38 35 29 141 37 33 28 20 32 1925 715 35 43 20
internal_value=-0.00158576 -0.032646 0.210352 0.256864 0.311621 0.30089 0.926684 0.699212 0.030087 0.280078 0.414489 0.662154 1.29393 0.517544 0.815406 0.55033 0.233177 0.000694924 0.531263 0.447267 0.536707 0.70892 1.0377 1.36869 0.285934 0.20702 0.315482 0.922243 0.257304 0.215775
internal_weight=688.734 600.699 88.0346 56.2303 33.6414 33.3888 1.07466 0.933858 91.9998 32.3141 8.35889 2.59575 0.483485 2.11227 0.923979 0.749065 23.9553 67.8068 0.429834 2.6081 2.21151 1.51388 0.643339 0.387569 1.18829 21.3472 5.87567 0.514087 5.36158 5.07095
internal_count=114485 105016 9469 5012 3942 3924 152 132 13768 3772 746 303 56 247 118 95 3026 10294 64 249 211 174 89 48 129 2777 852 74 778 735
is_linear=0
shrinkage=0.05


Tree=2
num_leaves=31
num_cat=0
split_feature=4 9 8 4 6 11 0 8 6 8 11 3 11 0 0 5 9 0 6 9 5 2 2 8 2 4 0 0 5 11
split_gain=1354.39 139.78 74.5615 53.2762 44.131 43.0322 46.1752 41.6114 35.7545 105.858 98.3346 80.322 34.3459 31.418 39.9746 31.4696 29.1746 28.1059 30.4858 27.4635 34.6225 25.7117 47.6912 89.9619 77.8251 104.022 35.674 64.0158 43.0639 29.4861
threshold=0.0046263111375234737 0.0039472680270189386 0.0025971825958668007 0.010022518240454236 3.1694020853975733 -121.49999999999999 -0.0052277964632774657 0.014447478262459391 0.90231465119141652 0.001812840759581892 84.500000000000014 0.026064600858283878 9.5000000000000018 -0.00014481809826399439 0.0012114307642507498 0.0059390638010099386 0.0011825645004988037 0.0039861683679369717 0.38331349100439893 0.0043468163241604891 0.0081331108165486419 -0.014182006523406785 0.0019075779196797177 0.0044447114520445143 -0.00056927346762320234 0.0058757009462734816 0.00067723044212991939 -0.003325026273436752 0.0025631712115181779 74.500000000000014
decision_type=2 2 2 2 2 2 2 2 2 2 2 2 2 2 2 2 2 2 2 2 2 2 2 2 2 2 2 2 2 2
left_child=2 12 -1 4 8 6 -5 -6 9 10 11 -3 13 -2 -15 -16 -14 18 -11 20 -7 -20 23 29 26 -26 27 -25 -29 -23
right_child=1 3 -4 5 7 19 -8 -9 -10 17 -12 -13 16 14 15 -17 -18 -19 21 -21 -22 22 -24 24 25 -27 -28 28 -30 -31
leaf_value=-0.045263199086991911 0.0343201979158353 -0.050338640165289932 0.010652019152797584 0.25526377752012791 1.1245257646986102 0.99737738731419179 0.93658983611978019 0.23670103961029854 0.091865316249329421 0.023733946977821604 1.9329535207974553 1.4441609888450944 0.79804311333935118 0.90385246233674121 0.12136271660219436 0.73498834319855988 0.0095424100738403881 0.063509110174980302 0.12129328443988846 0.18924808838311266 0.15206395704877265 0.006769817847237819 0.16865367296318023 0.20934925058868031 1.9975739989106811 0.4908329402355982 0.16599495849070059 0.65297138553766232 1.4824558082924195 0.34623568542490252
leaf_weight=479.008170992136 1.7672272301279011 0.27394474111497302 68.095987527165562 0.64507963042706251 0.21276691742241283 0.23840397596359153 0.40468605235218891 0.34757105074822903 35.479506724514067 3.1560483733192077 0.15122582716867328 0.13382400758564472 0.11786344926804559 0.261888836510482 1.1639958256855605 0.25465259281918395 25.053884640801698 7.4406924778595558 9.7751608998514694 40.544142483733594 0.24625590536743402 1.7490120236761932 13.388909600675104 0.76920418953523084 0.19531345833092917 0.27700945176184177 0.92204089974984516 0.78046727832406781 0.19570864364504814 1.0085502634756265
leaf_count=89002 255 41 10674 31 25 18 28 28 3914 207 14 20 17 33 179 34 4208 806 894 2019 23 243 1326 82 24 28 92 59 23 138
internal_value=-0.00210426 0.132664 -0.0383036 0.156645 0.131724 0.201809 0.517916 0.573819 0.128451 0.160727 0.84399 0.440135 0.0335061 0.181507 0.336286 0.231511 0.0132345 0.151096 0.171325 0.193721 0.567873 0.187353 0.220836 0.339306 0.522322 1.1139 0.417571 0.550473 0.819271 0.130926
internal_weight=694.059 146.955 547.104 118.336 76.257 42.0786 1.04977 0.560338 75.6966 40.2171 0.558995 0.407769 28.6195 3.44776 1.68054 1.41865 25.1717 39.6581 32.2174 41.0288 0.48466 29.0614 19.2862 5.89731 3.13974 0.472323 2.66742 1.74538 0.976176 2.75756
internal_count=114485 14809 99676 10083 7964 2119 59 53 7911 3997 75 61 4726 501 246 213 4225 3922 3116 2060 41 2909 2015 689 308 52 256 164 82 381
is_linear=0
shrinkage=0.05


Tree=3
num_leaves=31
num_cat=0
split_feature=4 4 8 3 10 2 2 10 8 3 7 11 2 1 8 3 10 7 8 1 3 5 5 2 8 4 5 2 0 7
split_gain=1097.16 90.0915 72.4682 31.7354 27.8116 122.838 27.2965 40.1021 23.4237 20.3648 44.1189 19.9657 31.5608 67.6523 17.7417 16.5262 16.0942 26.8657 19.7435 19.6814 23.2812 21.4768 51.0784 31.6319 31.4481 19.1643 25.5632 31.3731 18.5157 37.0747
threshold=0.0046263111375234737 0.0075173035731180603 0.0025971825958668007 0.052509683276604234 56.500000000000007 0.024627056904670461 0.0065261248557161823 60.500000000000007 0.0033210306304775773 0.083157992942129208 0.78777184499454089 113.50000000000001 -0.013320017475878142 -0.0062643017506160996 0.0030983913329385997 -0.10395720602939575 -10.499999999999998 2.6661915243143488 0.0059117673067712378 0.029416667262231137 -0.0083195953277065294 0.0053459259601043472 0.0018310387222485963 -0.019569915511940789 0.014447478262459391 0.010741453751322147 0.0044373829193998749 -0.027393680780402305 -0.0016112945750871681 0.58149961665254024
decision_type=2 2 2 2 2 2 2 2 2 2 2 2 2 2 2 2 2 2 2 2 2 2 2 2 2 2 2 2 2 2
left_child=2 3 9 8 -5 6 -6 14 -2 -1 -11 15 13 -13 -8 -4 17 19 -19 20 21 22 -3 -23 -24 26 27 -18 29 -29
right_child=1 16 11 4 5 -7 7 -9 -10 10 -12 12 -14 -15 -16 -17 25 18 -20 -21 -22 23 24 -25 -26 -27 -28 28 -30 -31
leaf_value=-0.045449668007983168 0.025142086898152689 0.028095126959068507 0.18499581171739665 0.11695124860087538 0.0073230077421468989 1.5459603533261221 1.1619830138556735 -0.050418910839275292 0.083456617098301322 -0.050673404570329532 0.76615447486110333 -0.050342576284659171 0.073286910702733118 1.4388215982231474 0.45864786299106869 -0.0012137616693567975 0.031128083162798893 0.47801381588381919 0.10845109089715979 0.39201277644419452 0.058265056183796161 0.10056183789648883 0.80576147673473697 0.53633786265132322 0.30342837127268768 0.15959563203756622 0.070009032919491274 0.4771484094139285 0.23632737551680461 0.038731172370869801
leaf_weight=457.27688088687137 29.751878912560642 0.62130216415971506 1.2147269248962391 7.9461539881303889 0.86158803384751059 0.18788940925151099 0.1649669362232089 0.24352032318711281 40.88390673790127 0.50891751796007056 0.24484438542276621 0.17653366271406412 4.8526304606348267 0.13427910581231106 0.19642132055014372 62.422167466022074 3.8863858114928034 0.37823723535984655 8.1187599240802211 1.9112620991654692 1.8287164992652849 2.2708626594394441 0.6993518699891863 0.50993743725121099 0.56189462076872587 35.125016401987523 20.0091298869811 0.56573694339022162 8.3015322177670861 3.2664043293334544
leaf_count=88926 4499 28 53 589 92 18 22 30 4525 52 24 27 803 17 22 9774 179 34 440 88 131 95 34 29 33 1383 1738 23 499 278
internal_value=-0.0023311 0.108811 -0.0378345 0.0704874 0.155782 0.342289 0.188073 0.44552 0.0588945 -0.0450216 0.214657 0.0100131 0.104572 0.593015 0.779707 0.00234068 0.143733 0.187594 0.124902 0.250985 0.209467 0.26876 0.399172 0.180474 0.581968 0.133315 0.107694 0.154763 0.194363 0.103454
internal_weight=695.122 168.291 526.831 80.2363 9.60054 1.65439 1.4665 0.604909 70.6358 458.031 0.753762 68.8003 5.16344 0.310813 0.361388 63.6369 88.0545 16.9003 8.497 8.40333 6.49207 4.66335 1.88255 2.7808 1.26125 71.1542 36.0292 16.0201 12.1337 3.83214
internal_count=114485 14809 99676 9797 773 184 166 74 9024 89002 76 10674 847 44 44 9827 5012 912 474 438 350 219 95 124 67 4100 2717 979 800 301
is_linear=0
shrinkage=0.05


Tree=4
num_leaves=31
num_cat=0
split_feature=4 9 9 10 3 2 6 4 10 10 0 3 3 3 11 0 11 5 4 0 5 4 3 4 11 3 3 4 9 12
split_gain=923.952 70.5702 69.9047 39.373 56.3533 107.461 64.6899 31.6083 27.1642 25.503 28.5823 25.7085 26.0973 23.4502 24.6838 20.05 36.3595 22.5226 26.2078 26.1686 36.4817 23.9083 22.6094 33.4177 30.8941 19.3761 19.2629 18.5057 18.3149 18.2268
threshold=0.0046263111375234737 0.0025551932356032282 0.0039472680270189386 108.50000000000001 -0.0035829156233713397 -0.01080421129311702 1.033723821772893 0.0077992162822961252 12.500000000000002 23.500000000000004 -0.0030699102350245509 0.00094351644323995704 0.0021784846858600823 0.11232985676451256 76.500000000000014 0.00054717993887944268 117.50000000000001 0.0028867552641000196 0.0047016191767755644 -0.0021282156357700882 0.0017668646596393177 0.0072661907631742396 0.0071686895477976543 0.0061545280625122387 77.500000000000014 -0.019665492332233067 0.071218494019343007 0.0023528995032636502 0.0011339406714037381 0.86842102977837565
decision_type=2 2 2 2 2 2 2 2 2 2 2 2 2 2 2 2 2 2 2 2 2 2 2 2 2 2 2 2 2 2
left_child=1 -1 9 7 5 -5 -7 8 -4 10 -2 25 -13 27 -15 17 26 19 -19 20 -10 29 23 24 -22 -12 -17 -3 -11 -21
right_child=2 13 3 4 -6 6 -8 -9 15 28 11 12 -14 14 -16 16 -18 18 -20 21 22 -23 -24 -25 -26 -27 -28 -29 -30 -31
leaf_value=-0.047675651296073519 -0.032150552631479333 -0.035600381059063151 0.038999058492727175 -0.05070975937986192 0.006891275963773107 0.58334012727983919 1.5540125489687835 0.12334978684113683 0.73818700450235886 0.49794600445257625 0.35134148275791988 0.90802743594618285 0.2416188527410158 0.079064630456487275 0.61317457641387207 0.032265962413134348 0.60730188374476912 0.61866152672307151 0.071783016062658619 0.091773782882488164 0.23098666945308799 0.4115382542060198 0.05553119186214267 0.051999726930147927 0.85771159707050426 0.0094349422019775267 0.17531890214263623 0.0073944206040230448 -0.00528782822920759 0.38597777789879184
leaf_weight=388.90500423312187 2.7126946342177689 36.073532463982701 27.044533113949001 0.49664804991334688 0.86965702334418793 0.55140241188928496 0.24922599922865629 87.258780887816101 0.4435830782167608 0.18221735209226864 0.49714785534888539 0.15651097334921393 2.395106497220695 0.76845736056566127 0.30106628639623523 14.407594685442751 0.30394626595079799 0.22410198394209047 9.762533489149062 6.6244788034819093 0.35528840869665168 0.75147378165274847 0.9416154515929519 0.48709694296121597 0.44034562073647976 2.4887404781766254 2.8126520481891921 81.73043567314744 23.289863816928118 0.57189466804265965
leaf_count=79543 378 6386 2477 45 87 36 21 3967 41 12 58 23 293 53 21 1431 29 23 900 576 40 44 90 47 42 312 139 13673 3650 48
internal_value=-0.002426 -0.0373703 0.0928082 0.106681 0.318313 0.527082 0.885499 0.103673 0.077327 0.0251979 0.100816 0.165954 0.282495 -0.0036553 0.229414 0.104514 0.0651998 0.137955 0.0840551 0.18866 0.324155 0.143177 0.241588 0.378166 0.577849 0.0663621 0.0556314 -0.0057713 -0.00138115 0.115154
internal_weight=694.098 507.778 186.319 154.597 2.16693 1.29728 0.800628 152.43 65.1711 31.7223 8.2502 5.53751 2.55162 118.873 1.06952 38.1266 17.5242 20.6024 9.98664 10.6158 2.66793 7.94785 2.22435 1.28273 0.795634 2.98589 17.2202 117.804 23.4721 7.19637
internal_count=114485 99676 14809 10083 189 102 57 9894 5927 4726 1064 686 316 20133 74 3450 1599 1851 923 928 260 668 219 129 82 370 1570 20059 3662 624
is_linear=0
shrinkage=0.05


Tree=5
num_leaves=31
num_cat=0
split_feature=4 8 3 8 1 0 3 12 3 6 1 2 2 8 12 8 3 12 2 2 12 8 8 0 2 2 1 0 12 12
split_gain=732.276 76.2618 57.6615 43.9811 26.2718 61.0325 22.6085 26.0402 21.5603 21.0338 27.5333 20.6867 20.3806 20.1902 32.2398 50.4151 36.0794 26.5201 23.1693 83.477 20.9859 27.7157 40.8711 27.0689 20.0032 36.9811 50.1064 24.1975 34.2186 34.6312
threshold=0.0041815494458086163 0.0034466579274424346 0.083157992942129208 0.0022338573975382785 -0.016245841830284286 -0.0014782142220614496 0.048697594555392985 0.039417694695932863 0.0058946278735810291 1.3079586572632818 0.011533494408864092 0.011223271423295432 0.0089963721186304847 0.01258639197513226 0.41176465743942509 0.010930170026392501 0.11232985676451256 0.95374778868443977 0.011827184377770817 0.03256963305074511 0.58333332118055781 0.0056204840671597858 0.0051244643901643952 0.0094782539438902757 0.0015539315500680624 -0.0071344451934474843 0.014493440093140268 -0.0024393876647266022 0.67164177099576727 0.65426092187719831
decision_type=2 2 2 2 2 2 2 2 2 2 2 2 2 2 2 2 2 2 2 2 2 2 2 2 2 2 2 2 2 2
left_child=3 2 4 -1 5 8 24 11 -2 10 12 -8 -4 14 -9 16 20 18 -18 -20 21 22 -16 -22 25 -3 27 -27 29 -29
right_child=1 6 9 -5 -6 -7 7 13 -10 -11 -12 -13 -14 -15 15 -17 17 -19 19 -21 23 -23 -24 -25 -26 26 -28 28 -30 -31
leaf_value=-0.045869053914109781 -0.0025332734321984098 0.075915461366278983 0.083084434752368375 -0.0055023786301731112 0.0061151864869919553 1.0999246059909964 0.63557627941868322 0.061592448858476735 0.49667922201766679 0.70750142030036989 -0.052426793616748638 0.10585544075126492 0.54360085594466134 0.083981858142651258 0.22527103662522996 0.62902011280080972 0.055199678447960712 -0.052260733137110139 0.99307455071432771 0.27771827350228012 0.036242569455448348 0.13636073087531328 1.0901825831433987 0.40638129918422977 0.049061498846944877 0.064727814975940476 0.60608253078324492 0.24291595930107013 0.078563258799596386 0.80122683924123028
leaf_weight=388.8688694210723 1.0279906541109083 67.989013880491257 0.3742813691496838 81.645052216015756 52.937657083850354 0.17384998919442196 0.43680873140692611 5.9571025352925089 0.27391405543312419 0.26368231512606133 0.57358008716255415 0.31883166823536158 0.67091419082134962 22.066928131971508 0.36260285042225948 0.66052488610148508 0.47219188790768463 0.41809881757944811 0.52676547970622789 1.8059627059847116 5.1564149516634643 1.3103492180816827 0.21913288906216621 0.54627688322216261 39.945401694159955 6.0465313685126612 0.60646590776741582 5.258978642523287 3.8593243504874408 0.29323787428438652
leaf_count=82630 92 3761 40 13935 7548 20 28 277 25 21 35 20 37 538 37 26 37 18 35 57 411 59 17 26 3318 522 29 412 355 21
internal_value=-0.003626 0.0715497 0.021328 -0.0388645 0.011916 0.219999 0.0887621 0.121318 0.102498 0.293388 0.225933 0.412068 0.378691 0.115756 0.155971 0.204952 0.179059 0.319229 0.374603 0.439257 0.119574 0.263867 0.551073 0.0716992 0.0781925 0.0920366 0.160265 0.142775 0.192916 0.272403
internal_weight=691.067 220.553 56.2959 470.514 54.4134 1.47575 164.257 40.258 1.3019 1.88246 1.61878 0.75564 1.0452 39.5024 17.4354 11.4783 10.8178 3.22302 2.80492 2.33273 7.59478 1.89208 0.581736 5.70269 123.999 84.0536 16.0645 15.4581 9.41154 5.55222
internal_count=114387 17822 7818 96565 7685 137 10004 1586 117 133 112 48 77 1538 1000 723 697 147 129 92 550 113 54 437 8418 5100 1339 1310 788 433
is_linear=0
shrinkage=0.05


Tree=6
num_leaves=31
num_cat=0
split_feature=9 8 10 3 9 0 7 9 11 11 3 2 3 0 8 0 7 9 12 0 1 10 9 2 12 9 2 2 9 0
split_gain=637.727 72.2848 32.9967 35.8686 33.6195 72.2818 36.0027 25.918 23.2422 48.4664 61.9749 31.9151 20.3242 23.3557 32.9856 37.8309 19.8004 19.4023 40.3376 18.9156 16.1643 14.8727 39.3603 38.2022 45.9166 43.9325 34.3348 27.4515 17.9523 56.7434
threshold=0.0034110114239327316 0.0040883798661032695 86.500000000000014 0.083157992942129208 0.0034794529125396754 -0.0013017311205294176 1.9981451471662188 0.0025551932356032282 115.50000000000001 121.50000000000001 0.018843002071122154 -0.010318479097258595 0.0084067324157142149 -0.00067948630913515994 0.0024536371546796162 0.0019612993614279758 0.67496463158414677 0.0043468163241604891 0.59279372727851865 0.007455036302686042 -0.0098067260869986132 73.500000000000014 0.0051315852369660546 -0.0056856945403847984 0.24066389891701603 0.0058425538943892817 0.0018037654906951418 -0.00295995580977326 0.0036888881330628168 -0.0011721730581039692
decision_type=2 2 2 2 2 2 2 2 2 2 2 2 2 2 2 2 2 2 2 2 2 2 2 2 2 2 2 2 2 2
left_child=7 2 3 8 5 -4 12 -1 19 10 11 -10 -6 -14 -15 16 -16 -13 -19 -2 -5 -3 28 -24 -25 26 -26 -27 29 -23
right_child=1 21 4 20 6 -7 -8 -9 9 -11 -12 17 13 14 15 -17 -18 18 -20 -21 -22 22 23 24 25 27 -28 -29 -30 -31
leaf_value=-0.047235734465051825 0.00050106718493447865 0.07121468823156038 1.5925947010102288 0.538280157800893 0.02446557253260916 -0.050274056970593776 0.83023797010724643 -0.008541643758502011 0.49541728259437456 -0.012759412222935973 1.0544981272415466 -0.050439372073994015 -0.050418511875138662 -0.050304111102612598 0.64210712259047364 0.25086850108932918 1.4935139529438883 -0.050635998405525989 0.68221598085471735 0.36208328061625328 0.12862930252536825 0.98815317388519108 0.090120250684152053 0.71807783849077733 0.26856778050267394 0.47190062066728045 0.91811415735753421 0.048672753519181489 -0.0095032469656382151 -0.050392922858021029
leaf_weight=366.31917371042073 85.360681978985667 158.02737979125232 0.12173416651785374 0.25466971704736341 3.3307330752722919 0.14877699362113972 0.17024584254249919 49.073976162355393 0.6353765362873679 3.9484753371216357 0.22601471981033672 1.0904652825556684 0.41739725368097425 0.27520067337900378 0.14441354852169752 0.33191402209922671 0.12954288208857179 0.41768326051533233 0.34110978152602911 0.36323651112615962 4.4239346035756162 0.19258237211033702 4.0556726306676865 0.58452750742435489 0.46600663755089078 0.47528975084424119 0.36109451251104474 1.9761751024052492 4.8377070678398013 0.41483159875497033
leaf_count=81130 13014 8615 20 21 442 28 17 9006 38 475 15 153 57 48 22 43 19 40 33 28 280 28 141 30 16 15 27 99 430 57
internal_value=-0.00362791 0.055656 0.0223586 0.0158632 0.146709 0.689042 0.116141 -0.0426645 0.00902308 0.099005 0.261807 0.1897 0.0898794 0.257674 0.403629 0.609817 1.0447 0.0846601 0.278812 0.00203319 0.150928 0.0754979 0.126147 0.197302 0.309827 0.237041 0.552146 0.130728 0.0226666 0.278881
internal_weight=688.916 273.523 102.132 97.0616 5.06996 0.270511 4.79945 415.393 92.383 6.65912 2.71065 2.48463 4.6292 1.29847 0.881071 0.60587 0.273956 1.84926 0.758793 85.7239 4.6786 171.391 13.3639 7.91877 3.86309 3.27857 0.827101 2.45146 5.44512 0.607414
internal_count=114387 24251 14793 14097 696 48 648 90136 13796 754 279 264 631 189 132 84 41 226 73 13042 301 9458 843 328 187 157 43 114 515 85
is_linear=0
shrinkage=0.05


Tree=7
num_leaves=31
num_cat=0
split_feature=4 9 9 3 1 1 4 4 8 1 6 7 1 5 7 7 1 12 12 1 1 5 6 8 7 6 6 4 6 12
split_gain=574.672 65.557 55.9886 19.7184 20.2041 31.8618 18.9176 13.6919 12.6159 13.1419 12.4628 64.7891 44.2613 12.6381 11.9026 22.4561 22.8949 99.1545 18.8165 35.1146 18.7877 11.8461 14.672 14.4688 26.1511 62.008 41.9617 14.5809 36.9443 38.9298
threshold=0.0041815494458086163 0.0034110114239327316 0.0025551932356032282 0.083157992942129208 -0.016245841830284286 -0.012391141218180914 0.0057462671453486986 0.0020898683104927196 0.0023507379546819228 0.0098284826171203838 0.70284934245120834 1.3418722976621895 -0.0020895464634033381 0.00069908087689828948 0.88833483875807262 0.82110048322043561 -0.0072834194318695178 0.25099738235643365 0.22058823042818607 -0.0024844449755675522 0.0098284826171203838 0.0015576178470051861 0.92562053336389927 0.008296450879435124 1.2718619173689167 0.87932859147981346 0.63357729572948418 0.0038768760591490212 0.86112982128171855 0.18916870349330947
decision_type=2 2 2 2 2 2 2 2 2 2 2 2 2 2 2 2 2 2 2 2 2 2 2 2 2 2 2 2 2 2
left_child=2 10 -1 6 -5 -6 14 -4 9 -7 11 13 -13 -2 15 -3 17 -17 19 -18 -20 22 23 24 27 26 -26 -9 29 -29
right_child=1 3 7 4 5 8 -8 21 -10 -11 -12 12 -14 -15 -16 16 18 -19 20 -21 -22 -23 -24 -25 25 -27 -28 28 -30 -31
leaf_value=-0.047975716731721324 0.34642886572158044 0.042782349021908507 -0.037337087855614383 -0.038902029512355524 0.55612442583315913 0.1050852404192138 0.070444517729142606 0.036396471135367474 0.10418247904707595 0.43106049713520111 -0.021705794265268235 0.17309928446547598 1.1964078734718362 -0.021080954008737874 0.0086723159669569502 -0.05062530964941106 -0.050440319661470216 1.3110878936591284 -0.050515014396635582 0.84049266881321738 0.49411922500904604 -0.016825362588052475 -0.015650788970505057 -0.054752794630715522 0.83585269457041 1.2228363730313498 -0.050424776220688784 0.77375633367457997 0.75125691846890075 -0.0097323025877581737
leaf_weight=334.90671741869301 0.25113439653069081 21.251771768555049 25.998585021588951 2.1804494317621019 0.41154463682324305 0.61835149955004343 142.15382033027709 20.732020825147639 23.170677677728236 0.6184180211275816 27.81802819436416 0.22346797678619623 0.20045989612117399 3.4145897082053125 23.480928445234895 0.34002154832705889 0.21839189575985074 0.22029780596494675 1.1502676396630702 0.22406343929469485 0.18362225545570243 35.277312581427395 15.864852261263875 3.1901339171454302 0.16925786435603996 0.15708627086132765 0.63310382328927517 0.1820020261220624 0.24947317410260428 1.2302435953170059
leaf_count=78560 28 2068 4889 44 20 20 7270 3598 627 20 4534 22 18 539 2363 35 27 18 135 13 21 5936 2886 288 24 25 97 28 38 196
internal_value=-0.00363247 0.0571782 -0.0380358 0.0670509 0.107024 0.119844 0.0613474 -0.00592904 0.112488 0.268082 -0.00972434 0.0717742 0.656984 0.00409671 0.0338731 0.058959 0.206084 0.484752 0.118183 0.400736 0.0244589 0.00458212 0.02239 0.0451268 0.0587707 0.314391 0.136535 0.0478189 0.190327 0.0912392
internal_weight=686.721 248.13 438.591 216.223 26.9994 24.819 189.223 103.684 24.4074 1.23677 31.9077 4.08965 0.423928 3.66572 47.0694 23.5884 2.33666 0.560319 1.77635 0.442455 1.33389 77.6855 42.4082 26.5433 23.3532 0.959448 0.802362 22.3937 1.66172 1.41225
internal_count=114387 17822 96565 12681 731 687 11950 18005 667 40 5141 607 40 567 4680 2317 249 53 196 40 156 13116 7180 4294 4006 146 121 3860 262 224
is_linear=0
shrinkage=0.05


Tree=8
num_leaves=31
num_cat=0
split_feature=4 9 9 10 0 4 8 10 8 10 0 7 5 0 6 6 6 12 0 5 5 9 7 7 10 5 7 4 7 9
split_gain=512.44 60.7392 42.7308 23.9267 19.5249 16.4965 14.3052 12.5882 50.7779 35.604 12.2478 18.4698 20.447 14.8082 24.7668 14.464 26.7026 24.7782 41.1453 96.1303 24.7378 14.3393 17.8654 20.2699 13.7132 27.0102 13.8391 59.308 13.3053 12.4942
threshold=0.0038768760591490212 0.0034110114239327316 0.0025551932356032282 -11.499999999999998 0.0047993965805952785 0.0057462671453486986 0.0017571975124536885 106.50000000000001 0.0019500657172579056 120.50000000000001 0.0028379599585069354 1.0732587062700436 2.8269051122299814e-05 0.0026528690822132548 1.1162076348227856 0.59840386975790871 0.49751947374266342 0.31249998697917186 -0.0011478182611233871 0.001683369524281039 0.0026002718475250314 0.0042442375226916561 0.53499202924792189 0.54314327894618486 79.500000000000014 0.0026875813694073186 1.020867524470465 0.0042348863313228522 0.68245635693177109 0.0051315852369660546
decision_type=2 2 2 2 2 2 2 2 2 2 2 2 2 2 2 2 2 2 2 2 2 2 2 2 2 2 2 2 2 2
left_child=2 3 -1 4 -2 10 -4 -8 9 -9 11 12 -3 -13 -15 16 -14 -18 19 -19 -21 -17 -23 -24 26 29 -25 -28 -20 -26
right_child=1 5 6 -5 -6 -7 7 8 -10 -11 -12 13 15 14 -16 21 17 18 28 20 -22 22 23 24 25 -27 27 -29 -30 -31
leaf_value=-0.047983732392313343 0.066383569732625367 0.50338281384865458 -0.040732379334754709 -0.018838838349725759 0.41163372721350744 0.066210913569376043 -0.0013530293542590676 0.31390384688405437 0.040794677939500278 1.5865034746689819 -0.0081544531052997384 -0.00097445259007941155 0.053801269916253537 -0.050575245353871673 0.70825511282499098 -0.029728602077013968 0.048327563404629417 1.3570158656586198 -0.050468926109913104 -0.051456752925430428 0.56426054012639093 -0.026005791540439943 0.53509149994315119 0.053663144375200561 -0.050947324350845258 0.58224911635797172 1.0729779103252868 0.03321222483948949 0.3378721189226056 0.26502866671746311
leaf_weight=315.13805414689705 1.7004475523717695 0.27072121528908866 26.203683881089091 36.435560368001461 0.53940998297184695 176.63246513856575 64.416596461553127 0.13730374537408296 2.1938189221546054 0.091645845677703619 12.480332704260944 17.03231535945088 4.6978803211823132 0.23616398219019075 0.19741034880280495 4.7957052313722697 1.0048094009980562 0.28401614679023623 0.51493734540417768 0.32776647061109543 0.32477316074073315 3.983854167629036 0.25560672860592504 11.447907505556937 0.62356932135298737 0.39407913619652379 0.17801799625158388 0.5973359732888639 0.38583244010806084 0.62785663409158587
leaf_count=77553 156 26 5377 6487 22 7866 10543 29 377 20 1228 1699 402 23 18 629 90 18 61 25 24 371 22 1086 52 28 26 66 37 26
internal_value=-0.0036123 0.0490151 -0.0391934 -0.00908801 0.149528 0.0584851 -0.0094204 0.00285513 0.114742 0.823311 0.0359892 0.0474238 0.0707684 0.00637103 0.294927 0.0669214 0.126988 0.247961 0.357138 0.589186 0.25499 0.0471475 0.067507 0.0938827 0.0857511 0.221259 0.0675089 0.271938 0.115872 0.107582
internal_weight=684.15 275.969 408.181 38.6754 2.23986 237.293 93.043 66.8394 2.42277 0.22895 60.6609 48.1806 30.7147 17.4659 0.433574 30.4439 7.54002 2.84213 1.83733 0.936556 0.65254 22.9039 18.1082 14.1244 13.8688 1.64551 12.2233 0.775354 0.90077 1.25143
internal_count=114387 20488 93899 6665 178 13823 16346 10969 426 49 5957 4729 2989 1740 41 2963 657 255 165 67 49 2306 1677 1306 1284 106 1178 92 98 78
is_linear=0
shrinkage=0.05


Tree=9
num_leaves=31
num_cat=0
split_feature=9 8 9 11 11 3 1 9 10 3 2 2 11 2 3 2 1 9 9 8 2 2 7 2 5 9 7 0 2 9
split_gain=462.614 41.9107 25.3259 19.286 34.668 15.1658 19.2185 18.0538 14.3315 17.412 14.1674 41.6214 12.641 48.985 23.5706 46.5165 18.7208 23.1733 40.9522 14.3209 12.6024 30.3901 16.5274 15.6135 16.1867 28.8053 12.7969 17.7313 11.8836 13.689
threshold=0.0034110114239327316 0.0025971825958668007 0.0025551932356032282 91.500000000000014 94.500000000000014 0.083157992942129208 0.0071183509453233498 0.020341638865557014 74.500000000000014 0.048697594555392985 -0.0098809373001797571 -0.01189357878723207 113.50000000000001 -0.036036036036036036 0.015338334041715173 0.00045350155566099918 0.0059045810873781983 0.0048528798956518453 0.0042442375226916561 0.0027652341409887342 -0.0071344451934474843 -0.0065845047573614259 2.0474910468523428 0.0065261248557161823 0.0017857495092192209 0.0051315852369660546 0.4941995821325989 -0.00066269052352548757 0.00041261218332658479 0.020341638865557014
decision_type=2 2 2 2 2 2 2 2 2 2 2 2 2 2 2 2 2 2 2 2 2 2 2 2 2 2 2 2 2 2
left_child=2 3 -1 5 -5 -2 -7 -8 9 12 11 -6 -3 -14 16 -16 19 18 -18 -15 22 -22 26 -23 25 -25 27 -10 -11 -30
right_child=1 8 -4 4 10 6 7 -9 20 28 -12 -13 13 14 15 -17 17 -19 -20 -21 21 23 -24 24 -26 -27 -28 -29 29 -31
leaf_value=-0.046766874794338768 -0.017037705705547124 0.033836522021486702 -0.0079282424366296702 0.60746070779071804 0.012997873628331755 -0.05143034989704437 0.37253199008456733 0.068267484648276949 0.36405539474360421 -0.00034167830666235089 0.01771994303963241 0.67472114457271237 0.80430186257474046 0.28603243527457894 0.7232256629237992 0.10987462998126547 -0.050512415349517496 0.036891740965085851 0.68140033433310343 -0.0070550103305737251 0.60878708786203484 0.14049143777734574 0.3718394755759285 -0.050841806066800069 -0.023894168782961807 0.37385051966573685 -0.00040666124645341784 -0.052588559822602521 0.05674016867873382 0.10828307509906261
leaf_weight=319.15547178126872 44.965645517222583 162.30565034179017 48.329763514455408 0.30366377346217532 0.76796702807769179 1.3835074077360325 0.81366525497287545 1.2163514778949318 0.60036434605717659 5.684155218768864 4.3379345601424575 0.34410847723484017 0.2331624636426558 0.44059531809761932 0.38645275123417278 1.5447946339845655 0.31850005313753982 1.1358927446417508 0.47785404697060585 7.7134602102451026 0.30324897915124971 9.8287711162120051 0.35474814195185977 0.77942956332117386 3.6765139140188694 0.81860053865239024 7.2072722399607301 0.44436249835416652 35.277231015264988 20.291146120522171
leaf_count=81130 7790 10993 9006 21 61 84 20 31 33 337 508 29 7 33 19 102 37 70 32 556 27 625 23 79 267 34 427 32 1527 447
internal_value=-0.00358059 0.0409903 -0.041659 0.000967598 0.0875077 -0.00932451 0.0922798 0.190222 0.0493289 0.0455815 0.058537 0.217754 0.0375332 0.0865086 0.0725821 0.232609 0.0419413 0.181875 0.388673 0.00878164 0.0861275 0.113201 0.0376653 0.10325 0.033853 0.166709 0.0232994 0.186841 0.0685177 0.0755614
internal_weight=681.44 313.955 367.485 54.1328 5.75367 48.3792 3.41352 2.03002 259.822 235.809 5.45001 1.11208 174.556 12.2507 12.0175 1.93125 10.0863 1.93225 0.796354 8.15406 24.0133 15.4066 8.60675 15.1033 5.27454 1.59803 8.252 1.04473 61.2525 55.5684
internal_count=114387 24251 90136 8544 619 7925 135 51 15707 14160 598 90 11849 856 849 121 728 139 69 589 1547 1032 515 1005 380 113 492 65 2311 1974
is_linear=0
shrinkage=0.05


Tree=10
num_leaves=31
num_cat=0
split_feature=4 9 8 9 1 8 1 7 7 4 1 0 8 7 3 0 11 1 9 7 4 3 3 0 11 4 9 11 2 5
split_gain=425.332 38.8705 42.7693 28.0948 12.3054 35.0977 12.9217 17.1074 11.335 10.0093 13.3006 11.9056 12.4575 12.3728 17.2177 12.6525 22.6759 28.0535 23.173 13.5518 19.537 12.8279 10.2633 12.8226 9.85544 9.52095 9.28166 9.31072 21.6232 19.2344
threshold=0.0040743055600470689 0.0023729107406779324 0.0040883798661032695 0.0025856993341020445 0.010535352707679744 0.0035127062972394171 -0.012391141218180914 1.9548239270489238 0.45873872576018243 0.0057462671453486986 0.056307542660728023 0.0051949058927426399 0.006859396576974864 0.48575405138164512 -0.011734879800937063 0.0037733814998331511 88.500000000000014 -0.033227377758696892 0.0065057293282369403 0.92726877817068443 0.0068340694223698326 -0.019665492332233067 0.11232985676451256 0.00035089510163288813 121.50000000000001 0.0023528995032636502 0.028803314524421791 75.500000000000014 0.080575726829711911 0.0031203928991877252
decision_type=2 2 2 2 2 2 2 2 2 2 2 2 2 2 2 2 2 2 2 2 2 2 2 2 2 2 2 2 2 2
left_child=1 2 -1 4 6 -6 7 -2 -5 10 22 13 -13 14 -11 24 17 -17 19 -18 -21 -19 -10 -24 26 -3 27 28 -15 -30
right_child=3 25 -4 8 5 -7 -8 -9 9 11 -12 12 -14 15 -16 16 18 21 -20 20 -22 -23 23 -25 -26 -27 -28 -29 29 -31
leaf_value=-0.048400485056735686 0.73211469322995715 -0.033530430740897031 1.0229990566051599 0.0030624366529056896 -0.050324879619557353 0.78747502799378433 -0.037219231686817671 -0.050771547722505798 0.024127590099554706 0.44269446926967904 0.17955946436138426 -0.0027270045512642559 0.050891744542576847 0.044280905819091582 0.07130468304628805 0.4437921238344984 -0.051097474088663331 -0.032977496984020964 0.56493502640390669 0.51690138728499568 0.053792033928807506 0.094317203326275911 0.27845185357691798 0.0069872224573586722 -0.053161227561410222 -0.002543806586838249 0.010548197260192458 0.077875245150905506 0.046465692358491725 0.35006758676132904
leaf_weight=279.98582164593972 0.12781048053875466 37.492618641350418 0.093178178183733418 14.543080694042144 0.41729652741924006 0.17847268097102642 15.072957559721541 0.15368431014940143 59.829302068799734 0.50620762724429369 1.4746726751327504 16.41900441609323 31.838940496556461 67.243808529339731 0.81372570944949874 0.50507518090307613 0.4799623955041159 2.6438825079239887 0.48615938331931818 0.43985992344096303 0.47222859645262361 7.8714984273537993 0.90002604946493991 0.84191330801695585 2.0636455058120182 73.16692841751501 9.9193574748933298 47.887104534544051 0.98402012139558737 1.1103408681228755
leaf_count=75750 23 7543 22 928 75 7 2902 20 6261 30 39 1028 842 3292 44 24 36 161 20 30 20 485 23 29 129 12333 208 2026 24 26
internal_value=-0.0042452 -0.0381314 -0.048044 0.0421767 -0.0223002 0.200652 -0.0309509 0.304692 0.0459959 0.0484471 0.031165 0.0541312 0.0326488 0.0613592 0.213736 0.0599439 0.107164 0.079795 0.26775 0.163961 0.277129 0.0623115 0.0276108 0.147248 0.0552301 -0.0130424 0.0569893 0.0609191 0.0492086 0.207422
internal_weight=675.963 390.739 280.079 285.224 15.9502 0.595769 15.3545 0.281495 269.274 254.731 63.0459 191.685 48.2579 143.427 1.31993 142.107 12.8987 11.0205 1.87821 1.39205 0.912089 10.5154 61.5712 1.74194 129.208 110.66 127.145 117.225 69.3382 2.09436
internal_count=114380 95648 75772 18732 3027 82 2945 43 15705 14777 6352 8425 1870 6555 74 6481 776 670 106 86 50 646 6313 52 5705 19876 5576 5368 3342 50
is_linear=0
shrinkage=0.05


Tree=11
num_leaves=31
num_cat=0
split_feature=8 9 9 12 7 9 12 1 7 3 5 3 5 5 12 3 9 8 12 0 6 10 3 3 3 3 6 1 1 8
split_gain=369.116 37.4431 20.9563 15.967 21.526 37.8852 22.493 27.19 33.4113 22.0168 20.421 19.7003 18.0147 14.4611 14.4215 19.2833 27.6666 41.4865 28.6655 13.1684 12.3876 11.3775 14.3524 62.7471 10.3398 14.1517 13.7108 26.8783 12.4652 29.0432
threshold=0.0025971825958668007 0.0025551932356032282 0.0036888881330628168 0.11169521835451297 1.4687828821156301 0.0039472680270189386 0.094769341260065795 -0.0058745765835312175 0.57387478500275713 -0.018719180439981459 0.0028867552641000196 -0.026091147252121066 0.00038073481819917489 0.0059390638010099386 0.081081076698304624 -0.037986286173992342 0.0049819193821848641 0.0093945386047508458 0.0498907172093166 0.0022235782702713174 0.41122949997364738 121.50000000000001 -0.0018569307042830227 0.0029483085937903738 -0.011371274135652464 -0.011018994504861416 0.43508859378647269 0.00036289702991393157 -0.0022289285062100793 0.01258639197513226
decision_type=2 2 2 2 2 2 2 2 2 2 2 2 2 2 2 2 2 2 2 2 2 2 2 2 2 2 2 2 2 2
left_child=1 13 -2 4 6 11 -4 -8 -9 12 -10 -6 -7 -1 15 -14 -17 -18 -19 -16 -5 -3 -23 -24 28 -26 27 -27 -22 -30
right_child=2 21 3 20 5 9 7 8 10 -11 -12 -13 14 -15 19 16 17 18 -20 -21 24 22 23 -25 25 26 -28 -29 29 -31
leaf_value=-0.047849049775590964 0.0039301828053689078 -0.010612566706347205 0.022132270706159501 -0.0074840823603356576 0.80497044619767866 -0.064269491630404171 0.06925696366960625 -0.050750834521668814 0.95880551930531821 -0.0039245836921596913 0.36822829749182789 0.17764212866302531 0.13697365975485068 0.67853273786341906 -0.0053115461263627834 0.02704546227812045 0.81778641352248749 0.028480039130222054 0.532188984467583 0.29790827917099483 0.039189669007792478 -0.050657124923077473 1.1298486827657008 -0.050443706918681032 0.25537124274157613 0.62513725397574449 0.04398804799596738 0.086227210924660583 -0.011034160990993349 0.27549315761493476
leaf_weight=277.67101945704781 45.928234805818647 77.42312520602718 22.32248627347872 15.806364368181674 0.29175047064200044 1.0818402552977247 2.0457688579335813 0.28001475427299638 0.24763636337593198 3.9755594301968786 0.35795533284544945 0.21915570273995655 6.8059410853311428 0.068535875529049828 2.159010735340416 0.6354033229872561 0.46010431554168452 0.62706571258604504 0.51394546218216419 0.42925179284065951 50.025821225717664 0.41846230858936906 0.16939828312024374 0.33586170338094234 0.80911269783973594 0.29589686915278335 131.02470450988039 1.0609953603707252 28.08624183153734 0.91316293366253276
leaf_count=78236 7649 13603 1225 977 19 32 129 27 24 169 26 23 254 7 105 41 27 33 23 16 2313 61 17 58 40 27 7053 55 2086 25
internal_value=-0.00414033 -0.0390585 0.0351572 0.0404597 0.0686146 0.111758 0.0392322 0.169449 0.400893 0.0987732 0.609725 0.535875 0.13089 -0.0476698 0.149042 0.17883 0.306202 0.416986 0.255366 0.0449761 0.0352179 -0.00853134 0.165909 0.345272 0.0383985 0.0468997 0.0456256 0.203747 0.0240703 -0.0020117
internal_weight=672.49 356.086 316.403 270.475 42.4529 17.199 25.2539 2.93138 0.885606 16.6881 0.605592 0.510906 12.7126 277.74 11.6307 9.04246 2.23652 1.60112 1.14101 2.58826 228.022 78.3468 0.923722 0.50526 212.216 133.191 132.382 1.35689 79.0252 28.9994
internal_count=114380 91982 22398 14749 2173 742 1431 206 77 700 50 42 531 78243 499 378 124 83 56 121 12576 13739 136 75 11599 7175 7135 82 4424 2111
is_linear=0
shrinkage=0.05


Tree=12
num_leaves=31
num_cat=0
split_feature=4 9 8 9 1 8 4 7 12 12 12 7 7 5 1 8 5 1 8 11 6 9 5 9 9 5 6 7 11 6
split_gain=353.99 37.6518 24.3532 20.9446 9.12066 13.3513 8.90923 8.62627 9.02627 9.09572 8.90233 28.2644 41.3524 31.8795 8.56838 9.54203 19.388 8.54766 13.3296 8.17756 8.03203 19.2514 18.3425 16.8441 17.3486 11.8327 10.6088 10.5885 15.6817 19.7681
threshold=0.0040743055600470689 0.0023729107406779324 0.0041950153950280388 0.0025856993341020445 0.010535352707679744 0.0035127062972394171 0.0020261352146838576 0.45873872576018243 0.76785711543364565 1.0000000180025095e-35 0.020833332682301867 1.5019966894555197 2.2890034703697939 0.0063071920351010944 0.0043323928293230183 0.01258639197513226 0.0041672739157886324 -0.012391141218180914 0.0025077395293051992 -115.49999999999999 0.90597718381826853 0.0087854105691684576 0.0015226086198184205 0.01810829233709815 0.013521111219191381 0.0038173345460429903 1.0381845217304615 1.574787984106542 86.500000000000014 0.83186917630300405
decision_type=2 2 2 2 2 2 2 2 2 2 2 2 2 2 2 2 2 2 2 2 2 2 2 2 2 2 2 2 2 2
left_child=1 2 -1 4 17 -6 -3 -5 9 -9 11 19 13 -13 15 -10 -17 18 -2 -11 21 -16 23 24 -23 -24 -22 28 29 -27
right_child=3 6 -4 7 5 -7 -8 8 14 10 -12 12 -14 -15 20 16 -18 -19 -20 -21 26 22 25 -25 -26 27 -28 -29 -30 -31
leaf_value=-0.048207815206876774 -0.050482266724538628 -0.038978713753467009 0.56338892689697484 0.0016626718155519742 -0.050310887811781571 0.37607533214825223 -0.0050661832170174068 -0.017236436103568547 -0.035122585739173671 0.15008027798790813 0.045922168317871909 0.70314555141711188 0.054033985739479845 0.23764800709739087 -0.0091875890764644245 -0.058860421760641615 0.23820139423255113 -0.03636667309427067 0.5303397944086129 -0.012116754762442922 -0.027693343703110909 0.15170322799592575 -0.0083193206922412936 0.090565428841146947 0.49598325487666228 0.040743095970218156 0.033258424487169723 0.033360241365343012 0.36608870365887225 0.32647465713441048
leaf_weight=254.86537337373011 0.23195000970736046 25.097888829186559 0.16287054494023223 14.878014730755238 0.39004941843450147 0.34685506299138069 84.81367518613115 5.440269468817859 9.4097321755252761 0.95889069326221932 181.20475330669433 0.53033471060916815 2.213093017693609 1.2001376915723083 7.0845318539068129 1.171459500677883 1.0341420397162435 14.183818145422261 0.17205206910148263 4.0990298008546215 8.8591578658670169 0.73896630201488667 3.9398486176505667 1.6926938029937444 0.72482875501736999 2.5747959716245536 36.765863093547523 3.3803655784577131 0.71273089665919531 0.79137184284627426
leaf_count=75758 28 5306 14 928 75 7 14570 366 829 39 9882 35 75 31 548 40 39 2902 15 205 478 46 139 32 21 91 1749 82 16 34
internal_value=-0.00405518 -0.0372738 -0.0478172 0.035727 -0.0212377 0.150386 -0.01281 0.0387434 0.040753 0.0465098 0.0483331 0.0968661 0.197206 0.380308 0.0264745 -0.0131819 0.0804232 -0.0299072 0.196872 0.0186329 0.0333224 0.05841 0.0913112 0.197975 0.322181 0.0617753 0.0214232 0.098798 0.153029 0.107917
internal_weight=669.67 364.94 255.028 304.73 15.3247 0.736904 109.912 289.405 274.527 195.647 190.206 9.00149 3.94357 1.73047 78.8805 11.6153 2.2056 14.5878 0.404002 5.05792 67.2652 21.6401 14.5556 3.15649 1.4638 11.3991 45.625 7.45926 4.0789 3.36617
internal_count=114380 95648 75772 18732 3027 82 19876 15705 14777 10633 10267 385 141 66 4144 908 79 2945 43 244 3236 1009 461 99 67 362 2227 223 141 125
is_linear=0
shrinkage=0.05


Tree=13
num_leaves=31
num_cat=0
split_feature=4 9 9 8 10 4 3 4 9 5 5 5 12 9 12 12 6 6 10 2 6 6 9 12 12 5 12 2 0 4
split_gain=321.353 37.5549 18.0907 13.9806 8.75633 8.51296 7.81541 7.64974 9.62164 20.1066 8.64935 16.8788 8.39129 8.4768 21.0784 19.5813 11.2974 15.1175 18.9546 25.1471 7.8569 9.80579 7.56618 7.20943 12.4133 16.036 46.3373 12.5369 10.3374 8.26543
threshold=0.0040743055600470689 0.0023729107406779324 0.0025856993341020445 0.0041950153950280388 -12.499999999999998 0.0020261352146838576 0.011048304687308117 0.0072661907631742396 0.014066959461804085 0.0056099677216195831 0.0027334300232865903 0.0025631712115181779 0.14400385067145352 0.022987589312255509 0.58823527393308916 0.87515291561997854 1.1678731280200305 0.98192348592069001 -2.4999999999999996 -0.0060904771406839857 0.58406509205014967 0.6165717661582174 0.00088672411638625727 0.79999996000001994 0.61894062132409267 0.0049150615464164773 0.64556961208139552 0.019121796609685774 0.0056839998348729558 0.0084819640882735827
decision_type=2 2 2 2 2 2 2 2 2 2 2 2 2 2 2 2 2 2 2 2 2 2 2 2 2 2 2 2 2 2
left_child=1 3 4 -1 6 -3 -2 8 -4 10 11 12 -10 14 16 -16 17 18 -14 -20 -9 -22 -6 24 -23 26 -26 -27 -29 -28
right_child=2 5 7 -5 22 -7 -8 20 9 -11 -12 -13 13 -15 15 -17 -18 -19 19 -21 21 23 -24 -25 25 27 29 28 -30 -31
leaf_value=-0.048103592730989214 0.011604788968214617 -0.038494448315309744 0.020179521718531539 0.30473494724636258 0.36177528333442055 -0.0048371307580751558 0.27160514813284492 0.011169218270518078 -0.051678529259014429 0.26421584514801 0.0050429177732368644 0.31079180292416708 -0.051458828935537305 0.0096612553072920083 -0.03974839824647064 0.18146651959322038 -0.050714450420136351 0.49124374748504523 0.52607686088355876 0.13621459003571665 0.12217314748993113 0.043171529760759782 -0.035763106134641891 0.026281815018272967 0.49560624533852754 -0.019740901329864419 0.16552840991994516 0.05217543028028479 0.20498979323108957 0.05897846792384992
leaf_weight=242.94764421787113 0.79682092461735077 24.166661861585453 108.66421334585175 0.28107160329818626 0.1207489073276492 84.399220427963883 0.45354470564052463 17.812542473431677 1.5758905350230676 1.0989310704171646 8.4102833657525462 0.68713255086913783 0.65781450364738736 3.8107833089306942 3.1562709067948163 1.4645119626075027 0.41550584509968747 0.46012438461184491 0.60541275423020158 1.3056685533374532 4.1403785324655464 86.39736459730193 13.651073838816954 40.698505177162588 0.82213105913251805 4.2422095802612585 2.9855641960166395 3.990128131583333 1.5314384829252956 4.6626515369862318
leaf_count=75758 70 5306 9479 14 4 14570 8 469 84 36 418 33 42 134 129 45 34 25 33 57 118 2713 2945 1227 35 166 130 116 39 143
internal_value=-0.00394654 -0.0367815 0.0327684 -0.0476959 -0.0207752 -0.0123292 0.105915 0.0354531 0.0264695 0.0553721 0.0451943 0.0690772 0.0567304 0.0711156 0.100152 0.0303635 0.193773 0.22731 0.180036 0.259719 0.0425587 0.0462994 -0.0322776 0.0441378 0.0510833 0.0885711 0.138913 0.0448977 0.0945594 0.100571
internal_weight=666.412 351.795 314.618 243.229 15.0222 108.566 1.25037 299.595 132.313 23.6483 22.5494 14.1391 13.452 11.8761 8.06531 4.62078 3.44453 3.02902 2.5689 1.91108 167.283 149.47 13.7718 145.33 104.631 18.2341 8.47035 9.76378 5.52157 7.64822
internal_count=114380 95648 18732 75772 3027 19876 78 15705 10549 1070 1034 616 583 499 365 174 191 157 132 90 5156 4687 2949 4569 3342 629 308 321 155 273
is_linear=0
shrinkage=0.05


Tree=14
num_leaves=31
num_cat=0
split_feature=4 9 8 2 9 11 0 3 1 1 8 9 0 9 10 4 6 6 6 8 1 8 2 0 1 3 8 0 1 3
split_gain=293.253 31.0781 22.7474 18.1571 60.9206 10.1117 24.0292 18.3283 26.1634 32.9349 66.8501 77.4237 127.289 25.0448 9.65555 9.55546 9.20044 7.39807 16.6889 35.7634 12.4429 10.5427 10.3944 12.5276 23.958 15.3189 10.5012 22.6761 10.0409 19.0233
threshold=0.003229622794820705 0.0032303480334596253 0.0023761623550681223 0.03256963305074511 0.0077185016186028252 95.500000000000014 0.00293848611150766 -0.0037638734028679175 0.0043323928293230183 -0.0045662100456620863 0.002802522120323793 0.0031247079833488507 -0.0012196860508669218 0.0038592594199605723 -10.499999999999998 0.0057462671453486986 0.58406509205014967 0.89104296609698896 0.87932859147981346 0.0059117673067712378 -0.0017020061058583703 0.0059117673067712378 -0.042630759925478608 -0.0036232273606235793 -0.014023129258454442 -0.020795846820176555 0.0063338110488641011 0.0032880274874295778 -0.016245841830284286 -0.012921914768648504
decision_type=2 2 2 2 2 2 2 2 2 2 2 2 2 2 2 2 2 2 2 2 2 2 2 2 2 2 2 2 2 2
left_child=2 14 3 -1 -5 -4 7 8 9 10 11 12 -7 -10 -2 -3 -17 18 21 20 -20 -18 -23 24 25 -24 27 -25 -19 -30
right_child=1 15 5 4 -6 6 -8 -9 13 -11 -12 -13 -14 -15 -16 16 17 28 19 -21 -22 22 23 26 -26 -27 -28 -29 29 -31
leaf_value=-0.047765614979009045 0.074012628407810102 0.018214147822710931 -0.017593843684665586 1.2532159700038348 0.016634409650636811 -0.050182825264156877 0.7271596809807731 -0.036647222800465548 1.0854234020163103 -0.050337062066857279 -0.050451340997723519 -0.050522942287072249 2.6144042981147573 0.19869186125665902 -0.016461640434710652 0.009228644011978468 0.020982375989080194 0.056853516841852594 0.2341596352473371 -0.051782898859107931 0.54681983402439993 0.02102666464835435 0.16218348464770332 0.31783156205808727 0.085897614753768475 0.44679393008296442 0.047117919104416095 -0.052469732175591678 -0.015725855058116172 0.037586183456928365
leaf_weight=249.77941904729232 3.1452148207463315 95.949472482549027 35.121912523172796 0.11507998639717598 0.74043168313801289 0.074463353957980871 0.12861061305738974 3.6200320671778163 0.13208189653232683 1.6078481003642082 0.43346001720055938 0.12580368714407086 0.11258708825334962 0.20051628025248647 47.257421489804983 26.216071403585374 22.57522767689079 33.530684469267726 0.87074968777596962 0.94107983727008093 0.50147321168333214 11.47371212299913 1.1548378244042394 1.0673387348651946 9.1551809962838835 0.80051285866647859 23.214396105147898 0.67480762768536795 21.954300903715193 70.358984753023833
leaf_count=78748 231 9304 6073 26 132 21 24 705 29 338 70 17 29 20 10606 868 1144 824 34 36 25 212 33 24 274 21 612 28 1131 2741
internal_value=-0.00383598 0.0256804 -0.0412973 -0.046978 0.182974 -0.00703643 0.0505818 0.0367848 0.135724 0.0770773 0.351577 0.908588 1.55365 0.550832 -0.0108159 0.031421 0.0370658 0.0407465 0.0534773 0.185613 0.34842 0.0491178 0.0624782 0.0756648 0.119829 0.278702 0.056003 0.174398 0.0334193 0.0249073
internal_weight=663.034 370.841 292.192 250.635 0.855512 41.5573 6.4354 6.30679 2.68676 2.35416 0.746314 0.312854 0.18705 0.332598 50.4026 320.439 224.489 198.273 72.4293 2.3133 1.37222 70.116 47.5408 36.0671 11.1105 1.95535 24.9565 1.74215 125.844 92.3133
internal_count=114380 28148 86232 78906 158 7326 1253 1229 524 475 137 67 50 49 10837 17311 8007 7139 2443 95 59 2348 1204 992 328 54 664 52 4696 3872
is_linear=0
shrinkage=0.05


Tree=15
num_leaves=31
num_cat=0
split_feature=8 4 4 6 7 8 5 5 6 12 8 5 12 1 4 5 7 3 4 2 7 12 11 11 4 2 4 8 11 5
split_gain=277.645 32.1874 25.0619 12.6172 9.56315 35.4986 15.0615 9.39475 9.82943 9.38426 9.25289 11.2335 8.6074 13.8849 12.0039 11.4449 12.0436 9.43318 8.57742 12.0905 8.15222 8.05553 7.13844 6.99554 9.14455 52.2967 6.82779 12.436 18.5496 15.875
threshold=0.0025971825958668007 0.0028870609148399576 0.0057462671453486986 0.51549163741985149 2.1003446308651523 0.024927787549959685 0.0038173345460429903 0.00017562860419584201 1.185715787646354 0.96428569802296982 0.033046704991017646 0.0081331108165486419 0.76785711543364565 0.039664328241929531 0.0041815494458086163 0.0029939287899906895 2.2890034703697939 0.11232985676451256 0.0061545280625122387 0.010179246344262418 2.6661915243143488 1.0000000180025095e-35 88.500000000000014 60.500000000000007 0.0029137529137529005 0.0075506961608351776 0.0049345017700091936 0.0016744704133288175 110.50000000000001 0.0047312732399270602
decision_type=2 2 2 2 2 2 2 2 2 2 2 2 2 2 2 2 2 2 2 2 2 2 2 2 2 2 2 2 2 2
left_child=1 -1 12 -4 5 9 -7 -6 20 21 -8 -12 17 -14 -15 16 -16 -2 19 -11 22 -5 -9 -3 25 -25 -26 28 29 -28
right_child=2 23 3 4 7 6 10 8 -10 18 11 -13 13 14 15 -17 -18 -19 -20 -21 -22 -23 -24 24 26 -27 27 -29 -30 -31
leaf_value=-0.046732760739699196 0.014522503410239883 -0.025501961477194773 -0.0031468602740324148 -0.037783873077077743 -0.075207835594808939 0.056752065332241364 0.1157972080718853 0.023819038320606719 0.045081165899980839 -0.05069992420615637 0.17031994171613776 0.35793264422730559 -0.02889889102448728 -0.015690168391908458 0.34541808878838159 -0.051679807774911879 0.074026861690508247 0.15637403139599204 -0.042178602236988001 0.3336049516413731 -0.016807361477241652 0.046695230890241919 0.14910706944340529 -0.050179062433883787 -0.012329399989477467 1.0693030609373091 -0.014129326134783177 -0.00095679386934500706 0.26890504424253253 0.33049613119127524
leaf_weight=232.94040132779628 89.49860741221346 36.068809879012406 18.204022170044482 2.8890701616182914 2.2199496738612643 2.8466805685311538 2.033679261803627 15.850139410234988 42.453721062745899 0.43151999078690906 1.8370727989822628 1.4104516226798294 25.188258191803474 2.1410640166141084 0.85984266735613368 0.52590164076536883 0.77929569128900766 1.1875587091781188 5.2782208924181759 0.38929142663255334 16.074725458864123 121.3000473943539 1.224754287395627 0.47135205357335408 27.405259924475104 0.1339753670617938 2.3876557028852403 8.9523332170210761 1.2067737141624091 0.38854067679494608
leaf_count=76743 10534 7750 618 145 34 41 40 439 1184 42 28 20 3292 104 25 30 32 38 286 22 419 4993 35 139 6268 30 172 893 53 19
internal_value=-0.00289997 -0.0374681 0.027314 0.0368307 0.0401962 0.0480806 0.149459 0.0261732 0.0291501 0.0417562 0.19943 0.251803 0.00874897 -0.0147144 0.068257 0.151275 0.216391 0.0163801 -0.0187958 0.131567 0.00874764 0.04473 0.0328057 -0.00944612 0.0046973 0.197593 0.00180282 0.0317439 0.105244 0.0341025
internal_weight=664.579 309.955 354.624 234.443 216.239 138.416 8.12788 77.8233 75.6033 130.288 5.2812 3.24752 120.181 29.4944 4.3061 2.16504 1.63914 90.6862 6.09903 0.820811 33.1496 124.189 17.0749 77.0147 40.9459 0.605327 40.3406 12.9353 3.98297 2.7762
internal_count=114468 92067 22401 8346 7728 5617 129 2111 2077 5488 88 48 14055 3483 191 87 57 10572 350 64 893 5138 474 15324 7574 169 7405 1137 244 191
is_linear=0
shrinkage=0.05


Tree=16
num_leaves=31
num_cat=0
split_feature=8 4 4 6 10 10 6 11 6 0 1 10 6 8 0 6 11 2 10 6 0 8 2 5 10 11 8 6 6 5
split_gain=254.509 31.7878 21.2684 10.6849 7.98005 14.5976 7.69286 6.42409 6.05839 14.3182 15.1375 10.5105 12.2736 9.43999 9.23829 8.95776 8.79205 7.56848 10.3696 15.841 12.8403 9.46954 21.801 8.35266 7.72341 14.405 13.3601 7.46185 7.38533 11.2557
threshold=0.0025971825958668007 0.0028870609148399576 0.0057462671453486986 0.51549163741985149 113.50000000000001 108.50000000000001 1.1053008926638717 60.500000000000007 0.79931779011488591 0.0003642600210288316 0.056307542660728023 -11.499999999999998 0.70706900250247873 0.017027324319875196 -0.00018167540820895653 0.78852298224795236 76.500000000000014 0.080575726829711911 45.500000000000007 0.56390627331907572 -0.0030699102350245509 0.0039043034318718699 0.010179246344262418 0.0056099677216195831 58.500000000000007 77.500000000000014 0.008296450879435124 0.6123671492092545 0.70284934245120834 0.0056099677216195831
decision_type=2 2 2 2 2 2 2 2 2 2 2 2 2 2 2 2 2 2 2 2 2 2 2 2 2 2 2 2 2 2
left_child=1 -1 -2 -4 5 8 -7 -3 9 10 14 12 13 -11 17 16 -13 18 21 20 -20 22 -5 -23 25 -21 -27 -28 -18 -30
right_child=2 7 3 4 -6 6 -8 -9 -10 11 -12 15 -14 -15 -16 -17 28 -19 19 24 -22 23 -24 -25 -26 26 27 -29 29 -31
leaf_value=-0.046561964129024094 0.0082163412371945629 -0.024857951794978884 -0.0029970836461655661 0.014319275825517834 -0.038159816221260988 0.072460694546505375 0.28708211788232774 0.0042403143361841988 0.031671343200332727 0.28082833697440585 0.17114422912732552 -0.033148341276717196 -0.024624409087926433 0.092185943525719599 0.16430222963712671 0.19874477492150217 -0.0012167729676820218 -0.037227159044697276 0.37652457072146617 0.2945811328857641 0.10310399300173267 -0.01906961251980328 0.47899774740917106 0.062154536493172458 0.019610642368606407 -0.012415583426787953 0.020547677866419353 0.17269070034781406 -0.0062043688329579336 0.14860676927537228
leaf_weight=222.37233346025459 121.12858507735655 35.1760931215249 18.159244010224938 0.76355334045366052 3.4872530135326079 0.79520850162953027 0.87909099366515875 41.16502772201784 155.83492312114686 0.8911637719720632 3.4133048448711625 9.5983842555433565 1.6640218589454887 2.5923349447548389 2.0039310418069389 0.59697838220745225 7.0342184226028603 2.1386040132492772 0.81739599304273725 0.85944858938455393 0.90458389464765676 7.0159083977341634 0.37706087110564113 5.7667669812217355 4.5820698449388146 2.5698506413027644 1.0939934588968752 3.0603192020207644 2.1214435352012515 2.6292643491178751
leaf_count=76743 14055 7750 618 52 198 35 34 7574 5503 32 53 380 43 42 38 26 234 34 34 26 21 250 21 137 170 118 23 82 85 57
internal_value=-0.00282671 -0.0370052 0.025316 0.0338872 0.0368842 0.0380737 0.185148 -0.00916744 0.0369458 0.0500982 0.0710588 0.0227717 0.0870837 0.140445 0.0603675 0.00771059 0.00237731 0.0534132 0.0603833 0.0909535 0.232892 0.0298913 0.167931 0.0175738 0.070863 0.10183 0.0771935 0.132625 0.0313116 0.0794754
internal_weight=661.492 298.713 362.779 241.65 223.491 220.004 1.6743 76.3411 218.33 62.4946 35.3668 27.1278 5.14752 3.4835 31.9535 21.9803 21.3833 29.9496 27.811 13.8877 1.72198 13.9233 1.14061 12.7827 12.1657 7.58361 6.72416 4.15431 11.7849 4.75071
internal_count=114468 92067 22401 8346 7728 7530 69 15324 7461 1958 1059 899 117 74 1006 782 756 968 934 474 55 460 73 387 419 249 223 105 376 142
is_linear=0
shrinkage=0.05


Tree=17
num_leaves=31
num_cat=0
split_feature=9 4 3 4 4 5 9 10 6 7 7 2 3 0 11 4 7 4 9 5 7 4 6 7 10 11 9 4 4 10
split_gain=242.255 37.3552 9.92893 10.606 7.41543 7.36099 14.0934 23.6689 18.544 75.9804 15.9365 18.0629 52.8484 15.3556 37.1652 14.9647 26.3058 30.8385 6.84679 8.02541 14.6466 6.60755 9.33125 8.24894 9.52758 9.47018 21.7271 11.9407 11.767 14.063
threshold=0.0025856993341020445 0.0041815494458086163 -0.10395720602939575 0.0026226261342692948 0.0027864809233943536 0.0013219042324235785 0.0041366729001460004 48.500000000000007 0.90968400025481089 1.3180339001817354 0.85503694981308476 0.012553280868995483 0.034230703067826412 -0.0014782142220614496 85.500000000000014 0.0039248185944950062 0.67496463158414677 0.003229622794820705 0.004593232707621857 0.00051400468056554769 0.82532868148352656 0.0057462671453486986 0.51549163741985149 2.1003446308651523 -11.499999999999998 85.500000000000014 0.01810829233709815 0.01657099874175352 0.0058757009462734816 17.500000000000004
decision_type=2 2 2 2 2 2 2 2 2 2 2 2 2 2 2 2 2 2 2 2 2 2 2 2 2 2 2 2 2 2
left_child=-1 2 3 -2 -4 6 13 18 9 10 11 15 -13 14 -6 16 -9 -18 19 -8 -21 -3 -23 24 -24 -26 27 28 29 -27
right_child=1 21 4 -5 5 -7 7 8 -10 -11 -12 12 -14 -15 -16 -17 17 -19 -20 20 -22 22 23 -25 25 26 -28 -29 -30 -31
leaf_value=-0.044308932533551573 0.3771905518566343 0.014334596321583778 -0.025002825564388848 0.026156673882533406 -0.050483691495080821 -0.012672838334233183 -0.05083837375313608 -0.01400328604616735 0.018913121308482928 1.1186365293934468 -0.050392167670659474 1.0178983668595369 -0.050474348924653689 -0.043960287804450604 0.85472203175327643 0.48267472415751167 -0.050300606971348298 0.83070853376818621 -0.017058673441736904 0.047898331220789792 0.50941756684447304 -0.0032651941583335606 0.088115741831108596 0.020982826341529693 0.030980036361060465 -0.051268961198866661 0.1983635954657689 0.20853821911425141 0.034515007493713758 0.31051268286201283
leaf_weight=228.81120912637562 0.34010660811327298 75.312063255347311 42.608686928404495 0.58578853588551283 0.3590377359651028 31.476172845810652 0.46918973559513488 1.3751549846492714 2.1645570108667016 0.21369063574820746 0.78812990896403778 0.2339730467647313 0.22908427566289902 7.8523707431741077 0.16573467524722219 0.28122348198667158 0.1766427932307123 0.22693729307502508 7.093696825671941 0.4807582963258028 0.26759427925571799 18.269455741625279 9.8618794474750739 82.189929788000882 117.27271761465818 0.3974306858144796 2.6822826266288748 1.1249564634636033 24.416919723153114 0.82872364204376936
leaf_count=81664 12 6415 8977 47 58 5187 48 210 343 13 114 27 31 1485 28 28 31 28 857 37 21 622 223 2137 4679 24 30 18 1028 46
internal_value=-0.00274881 0.0193793 -0.0078533 0.155101 -0.00941742 0.0029136 0.0248372 0.0555305 0.134106 0.204844 0.145871 0.207178 0.489352 -0.0264602 0.2354 0.143749 0.0901634 0.4451 0.00174256 0.111283 0.212927 0.0273591 0.0311751 0.0338103 0.0405433 0.0373457 0.0626943 0.0490996 0.0421051 0.193249
internal_weight=658.556 429.745 97.3885 0.925895 96.4626 53.8539 22.3778 14.0006 5.68939 3.52484 3.31115 2.52302 0.463057 8.37714 0.524772 2.05996 1.77874 0.40358 8.31124 1.21754 0.748353 332.356 257.044 238.775 156.585 146.723 29.4503 26.768 25.6431 1.22615
internal_count=114468 32804 17582 59 17523 8546 3359 1788 825 482 469 355 58 1571 86 297 269 59 963 106 58 15222 8807 8185 6048 5825 1146 1116 1098 70
is_linear=0
shrinkage=0.05


Tree=18
num_leaves=31
num_cat=0
split_feature=9 4 8 12 1 11 8 7 11 11 10 9 10 8 12 9 8 8 1 4 8 4 8 6 1 3 3 12 12 1
split_gain=224.605 33.3043 9.52115 11.6311 12.4329 24.2793 86.254 30.7122 10.8697 18.0116 10.3528 9.77279 10.2124 28.9801 26.0107 12.9695 26.2801 14.8093 22.609 31.69 9.3143 13.9763 9.21502 9.05937 8.99678 23.822 9.84886 13.0466 7.92356 41.2984
threshold=0.0025856993341020445 0.0041815494458086163 0.001827136083109003 0.69523808778912366 0.0032739802931712253 -113.49999999999999 0.0047555445671223035 1.2718619173689167 117.50000000000001 121.50000000000001 125.50000000000001 0.020341638865557014 60.500000000000007 0.0018879776787392186 0.19298245275468026 0.0044675485054011801 0.0019681823803731585 0.0033830120014689191 -0.0013218246711168746 0.0034724419775478571 0.0035127062972394171 0.00089033403296312692 0.0049192896159437919 0.53777123388675452 0.0035759695076420903 0.012344898333081366 -0.0083195953277065294 0.53225805593131581 0.60987076078206781 -0.0021381120092834991
decision_type=2 2 2 2 2 2 2 2 2 2 2 2 2 2 2 2 2 2 2 2 2 2 2 2 2 2 2 2 2 2
left_child=20 2 10 4 11 6 7 -6 24 -10 -2 12 -4 14 -14 28 -17 -18 22 -20 -1 -22 -19 -13 25 -7 27 -26 -15 -30
right_child=1 -3 3 -5 5 8 -8 -9 9 -11 -12 23 13 15 -16 16 17 18 19 -21 21 -23 -24 -25 26 -27 -28 -29 29 -31
leaf_value=-0.045290421075198983 -0.037492525788812313 0.025383631870472746 -0.015622042847753207 -0.028059949316856382 -0.050310013250747999 -0.050268862657755597 1.2646072752312809 0.84524293985347543 0.56995955069714266 -0.050440460469877428 0.49481204335293927 0.34710024891974922 1.0000689262412996 -0.019849548789767718 0.15201008378026301 0.88298027013293234 -0.018608443528738288 -0.050501274859868273 0.97576451053504432 0.13686074300083001 0.80856528355177348 0.02647964297036098 0.29137642982264877 0.062282575604947293 0.39079230124597952 0.87994431990292521 -0.037213065754639556 0.016728118437924631 0.83875979201247164 -0.050235864090683938
leaf_weight=215.77444745134562 23.53171927458607 339.9229785380885 29.588564669014886 23.385550251463428 0.67161206691525865 0.19166853278875251 0.19010649109259248 0.11164960637688637 0.24136083712801326 0.22703614505007863 0.091699580429120853 0.35939342970959742 0.14277252368628879 8.2010064234491402 0.24655067385174334 0.10715614608488921 1.5744594554416838 0.6067340443842113 0.19486460974439956 0.26657538395375013 0.058184903580694836 3.1354268311988562 0.29194518458098173 1.2511103376746175 0.33948347717523508 0.10738826380111277 3.7489699753932659 0.74387341202236712 0.16864545573480427 0.57968691666610617
leaf_count=81252 5928 15222 4588 3730 119 38 22 19 19 32 16 13 26 1616 47 24 283 72 21 27 8 404 22 84 38 12 527 109 23 127
internal_value=-0.00270234 0.0180047 -0.0078108 0.0010604 0.0146389 0.0787397 0.309228 0.0773461 0.0386757 0.269246 -0.0354263 0.00497045 0.000332191 0.0384621 0.46301 0.0246779 0.113872 0.0857883 0.206637 0.491127 -0.0440358 0.0407286 0.0605612 0.125841 0.017629 0.283761 0.00115896 0.133946 -0.00563777 0.15011
internal_weight=656.053 437.085 97.1616 73.5382 50.1526 6.57315 0.973368 0.783262 5.59978 0.468397 23.6234 43.5795 41.969 12.3804 0.389323 11.9911 3.04173 2.93458 1.36012 0.46144 218.968 3.19361 0.898679 1.6105 5.13138 0.299057 4.83233 1.08336 8.94934 0.748332
internal_count=114468 32804 17582 11638 7908 935 160 138 775 51 5944 6973 6876 2288 73 2215 449 425 142 48 81664 412 94 97 724 50 674 147 1766 150
is_linear=0
shrinkage=0.05


Tree=19
num_leaves=31
num_cat=0
split_feature=9 8 11 11 9 8 11 1 8 9 2 8 9 6 6 3 3 9 11 9 9 7 8 2 6 6 1 1 2 7
split_gain=208.37 23.0633 9.89256 18.3965 12.087 23.7835 44.6086 84.6949 17.5863 12.2781 12.3105 10.2103 9.80637 9.70726 13.6594 9.70144 9.46652 9.30148 8.99829 13.9789 45.0385 28.3753 16.544 12.6507 15.7809 24.3094 12.4102 10.7745 16.7555 25.6946
threshold=0.0025856993341020445 0.0038220450703510974 109.50000000000001 121.50000000000001 0.002871222651572716 0.0024015257544676024 114.50000000000001 0.0012803824081288639 0.0028391168752129989 0.0041366729001460004 -0.0048545558938246193 0.0012609739532683845 0.0049819193821848641 0.58904678398969235 0.65452789591831861 0.024361850754507409 0.011435348427761402 0.004593232707621857 74.500000000000014 0.0091242982840143948 0.0087854105691684576 2.2890034703697939 0.0014905471462173748 0.019121796609685774 0.72572894846406866 0.60779924301265287 -0.014023129258454442 -0.0067265553353512645 0.0013075285923570506 0.70852764914912769
decision_type=2 2 2 2 2 2 2 2 2 2 2 2 2 2 2 2 2 2 2 2 2 2 2 2 2 2 2 2 2 2
left_child=-1 2 11 4 5 16 -7 8 -8 -6 -11 -2 -3 -14 -15 -13 -4 -12 27 20 21 22 -20 -24 25 -25 -21 28 -17 -30
right_child=1 12 3 -5 9 6 7 -9 -10 10 17 15 13 14 -16 18 -18 -19 19 26 -22 -23 23 24 -26 -27 -28 -29 29 -31
leaf_value=-0.043758665832140789 -0.050800827474703131 0.0037162123862140711 -0.050289282771980581 -0.029138204865017777 -0.0015331396544596622 -0.050783484936991252 0.6503734162962993 1.4904958901722627 -0.050320374995816423 0.22254920461907812 0.13199753500382602 -0.0086857022176873768 0.0065693374968752646 0.073147367210804906 0.028995762085437755 -0.052043512080628143 0.47874934059033142 -0.051358836010132983 0.53424500246163242 0.26609212233496321 0.67172760509995111 0.6365522091915734 -0.050560394392261877 0.1470849127266699 0.023849618477434855 0.84146322150634245 0.0019065239171588673 -0.013818552875912427 0.63477668126605213 0.10034848049079581
leaf_weight=209.6135537927039 10.803776132641358 46.629358414560556 0.80473939911462611 6.9404962095431975 5.0953588462434691 0.39006157405674458 0.14248448307625949 0.19468797347508371 0.24103304417803884 1.6106201377697287 1.5272758048959079 86.947892498224974 41.366399865597486 19.305977845098823 189.12814971897751 0.98666437412612795 0.094486315036192536 1.2642023819498716 0.17105251201428373 0.46991170383989711 0.34589209686964739 0.2181579649914055 2.1882641450501978 0.50325816147960756 1.3357183057814834 0.16816050140187144 8.2297261026687902 16.011042136466131 0.29138755518943049 0.9857725421898067
leaf_count=81664 2487 3259 188 1006 724 54 17 29 40 45 54 13168 1775 601 5815 82 18 69 31 12 27 19 308 49 132 22 680 2009 20 64
internal_value=-0.00266546 0.0167176 0.000595114 0.0350029 0.0741734 0.190457 0.362413 0.641158 0.210001 0.0513084 0.112472 -0.00426271 0.0247652 0.0286943 0.0330853 -3.23766e-05 0.00529955 0.0489593 0.0235498 0.0542964 0.121557 0.0800487 0.0522445 0.0325927 0.12325 0.320996 0.0161765 0.000617673 0.102719 0.22228
internal_weight=654.006 444.392 147.962 18.3054 11.3649 1.86749 0.968267 0.578206 0.383518 9.49746 4.4021 129.657 296.43 249.801 208.434 118.853 0.899226 2.79148 31.905 13.6301 4.9305 4.58461 4.36645 4.1954 2.00714 0.671419 8.69964 18.2749 2.26382 1.27716
internal_count=114468 32804 21354 2244 1238 346 140 86 57 892 168 19110 11450 8191 6416 16623 206 123 3455 1280 588 561 542 511 203 71 692 2175 166 84
is_linear=0
shrinkage=0.05


Tree=20
num_leaves=31
num_cat=0
split_feature=4 4 8 6 3 8 1 8 0 0 4 3 0 0 10 6 3 12 10 3 6 10 3 3 2 0 0 0 11 6
split_gain=200.838 21.1996 17.7221 10.4216 11.6119 13.5781 7.12767 6.32116 8.62438 15.1349 6.27161 7.84252 11.5494 17.8804 21.2014 46.6235 14.563 24.9158 7.41281 17.4274 30.3411 6.25312 8.15899 9.19709 6.89219 6.1215 27.9418 5.77817 9.22956 15.6129
threshold=0.0028870609148399576 0.0047793041307924783 0.0023761623550681223 0.97334452065367982 -0.078128856435880176 0.0036590343877269576 -0.0025371648676970767 0.0051244643901643952 -0.00015634654374949082 -0.00030820598453609982 0.0020418601503597723 -0.0056799571697164408 3.0182393219119294e-05 -4.5746700734721468e-05 -6.4999999999999991 0.62939946023248872 -0.0081217220630779262 0.73344443629506584 37.500000000000007 -0.008539145458960137 0.74453803444111799 -6.4999999999999991 0.057504703121897129 0.021387332728406684 0.080575726829711911 -0.0012500000000000358 -0.0011964721788731731 -0.0028564635367725726 110.50000000000001 0.68274758915468248
decision_type=2 2 2 2 2 2 2 2 2 2 2 2 2 2 2 2 2 2 2 2 2 2 2 2 2 2 2 2 2 2
left_child=2 3 -1 -2 5 6 -5 27 9 21 -4 12 13 14 15 -12 -14 -18 -16 25 -21 22 23 -9 -23 -20 -27 -3 -29 -30
right_child=1 7 10 4 -6 -7 -8 8 -10 -11 11 -13 16 -15 18 -17 17 -19 19 20 -22 24 -24 -25 -26 26 -28 28 29 -31
leaf_value=-0.046831377882436305 0.011581836828577233 0.00047502594890972577 -0.034720833126644667 0.22122701407472758 -0.023712233817813646 -0.05091523868835466 0.70166582457890381 0.025468390305365497 0.019477952335962223 0.19143898940987258 -0.05054243491987951 -0.015078726385942449 -0.051783241149173646 0.66377272483566274 -0.050720418625857168 1.0066142804609899 0.064397225302253377 0.93437317461820568 -0.050467233158681339 0.96759977779157413 -0.050237249228497718 0.051490461909542387 0.0765299980468441 -0.040413867577607412 0.0062904223212214509 0.63404844243128256 0.0038166779472742531 0.017189378392050363 0.21095104567815015 0.040305917443969337
leaf_weight=181.81453682295978 64.137033907230943 41.883187162922695 11.606700828066097 0.1840589907951653 41.16042510792613 0.28945921873673797 0.13296967605128784 20.479722294025127 102.84851270262152 1.6189254606142629 0.2324124125298116 11.164600699907165 3.2880741646513347 0.14003312261775569 1.22379711503163 0.18919902225024998 0.43395092338323582 0.10156148765236139 0.87283872347325142 0.14736594236455802 0.14551599440164864 63.744223311543465 5.2306301146745673 7.1455601239576927 9.719694357365368 0.21815395914018154 0.90737518877722323 68.026891185436398 1.6297071278095225 7.5506917093880475
leaf_count=74925 10062 2962 2409 26 9427 21 19 536 2662 38 28 2136 458 24 191 26 69 24 148 34 36 1659 101 254 101 9 139 4966 62 469
internal_value=-0.00104535 0.018388 -0.0409005 -0.0010755 -0.020512 0.196675 0.422735 0.0246365 0.0298389 0.0397113 -0.00574378 0.0118974 0.0500199 0.108568 0.0888182 0.423859 -0.0124034 0.229391 0.0486318 0.101698 0.461896 0.037401 0.0192692 0.00842727 0.0455102 0.0489067 0.12597 0.0154283 0.0235401 0.0705989
internal_weight=648.268 435.782 212.486 105.904 41.7669 0.606488 0.317029 329.878 210.787 107.939 30.6716 19.0649 7.90028 4.07669 3.93666 0.421611 3.82359 0.535512 3.51505 2.29125 0.292882 106.32 32.8559 27.6253 73.4639 1.99837 1.12553 119.09 77.2073 9.1804
internal_count=114021 33365 80656 19555 9493 66 45 13810 5351 2689 5731 3322 1186 635 611 54 551 93 557 366 70 2651 891 790 1760 296 148 8459 5497 531
is_linear=0
shrinkage=0.05


Tree=21
num_leaves=31
num_cat=0
split_feature=9 4 4 5 10 5 4 9 7 7 10 6 9 4 1 2 11 11 9 10 6 7 5 5 11 6 6 5 11 9
split_gain=194.874 23.5808 8.84966 14.4948 7.52116 7.01145 12.6709 15.1188 11.6971 14.6048 11.3302 16.2566 10.162 30.0217 14.5292 24.7948 8.58054 13.8698 10.638 8.28839 8.15855 7.8085 7.27912 8.5335 7.22617 6.81102 15.0228 6.69503 8.28196 6.41877
threshold=0.0025856993341020445 0.0041815494458086163 0.0020418601503597723 0.0015576178470051861 125.50000000000001 0.0023075364115626817 0.0094139496603125265 0.022987589312255509 2.1003446308651523 1.3543031413037425 -11.499999999999998 0.60332805161393444 0.002871222651572716 0.0075173035731180603 0.0012803824081288639 0.00066519307925232639 -110.49999999999999 -109.49999999999999 0.0077185016186028252 12.500000000000002 3.1694020853975733 2.2187334308511728 1.0000000180025095e-35 2.8269051122299814e-05 123.50000000000001 1.291549504489846 1.283385564766804 0.0040396382096698309 -116.49999999999999 0.0031757973125966558
decision_type=2 2 2 2 2 2 2 2 2 2 2 2 2 2 2 2 2 2 2 2 2 2 2 2 2 2 2 2 2 2
left_child=-1 2 -2 25 -5 12 7 19 9 24 -9 -12 13 14 -3 -16 18 -18 -11 -7 21 -21 -14 -24 -8 26 -4 -13 -29 -25
right_child=1 5 3 4 -6 6 8 10 -10 16 11 27 22 -15 15 -17 17 -19 -20 20 -22 -23 23 29 -26 -27 -28 28 -30 -31
leaf_value=-0.04320223970124807 -0.037120665616194586 -0.050416502536943276 0.025734942066802536 -0.024114572227598413 0.37814453868465758 -0.01145914283722646 0.0220244231208678 0.25059083288304057 0.012554299957310673 0.11286966711873687 0.24120880632775432 -0.029002716328135131 -0.07006816356541723 0.75575493825693973 0.74453317296768673 0.061113013921546916 0.24388257032720204 0.077455738247303674 -0.028455921522600566 0.017426863076234804 0.16132041543354769 -0.031609099971223291 0.23681538332147031 -0.050835479388243954 0.16420523784788671 -0.032455445719796631 0.46804228001368958 0.2233062433442089 0.033135579405255904 0.035096191146635071
leaf_weight=192.61426499206573 17.701289213262498 0.87359515484422334 39.098043639911339 33.58239340945147 0.11660540523007412 49.651323210913688 38.692801602650434 0.82302328571677197 49.748188674915582 2.0238786507397917 1.0132462829351405 2.9889074643142521 1.7075538141652931 0.18564262567087997 0.18862470844760537 0.44776405114680529 1.3372129686176837 19.619127738289531 3.8924864009022713 80.004683594219387 0.92993729887530108 9.0354235600680095 0.51636404078453679 2.2281975238583973 0.9147756164893498 5.3041756567545226 0.19292156957089801 0.72599460091441859 2.7081130221486096 87.928397724404931
leaf_count=81337 4498 129 6188 5787 15 2701 863 16 948 35 21 98 45 7 24 63 28 407 90 4995 23 394 23 285 23 1020 37 26 79 3816
internal_value=-0.00105848 0.0168143 -0.00519278 0.0020257 -0.0227227 0.0227124 0.0185373 0.00882806 0.0308905 0.0446118 0.0745602 0.0550776 0.0344336 0.155729 0.0819598 0.263678 0.0730632 0.0880753 0.0198889 0.00493968 0.0139896 0.0124509 0.0322072 0.0341333 0.0253082 0.0207272 0.0279067 0.025715 0.073339 0.0329724
internal_weight=646.795 454.181 95.9954 78.2941 33.699 358.185 264.109 147.881 116.228 66.4803 8.25928 7.43626 94.0761 1.69563 1.50998 0.636389 26.8727 20.9563 5.91637 139.621 89.97 89.0401 92.3805 90.673 39.6076 44.5951 39.291 6.42302 3.43411 90.1566
internal_count=114021 32684 17545 13047 5802 15139 10747 8353 2394 1446 240 224 4392 223 216 87 560 435 125 8113 5412 5389 4169 4124 886 7245 6225 203 105 4101
is_linear=0
shrinkage=0.05


Tree=22
num_leaves=31
num_cat=0
split_feature=4 8 4 6 5 10 6 8 4 4 8 6 8 2 11 4 4 4 5 0 12 6 12 0 11 10 4 2 5 4
split_gain=174.006 17.4052 15.9462 9.19974 8.61535 16.3303 20.0752 12.001 9.70458 26.1011 9.53277 20.4244 13.9532 12.9568 37.8403 10.6044 21.9068 8.99561 9.59878 14.448 92.4358 12.7132 13.4985 10.449 9.77896 8.90513 9.12497 7.84854 7.63574 11.1664
threshold=0.0028870609148399576 0.0023761623550681223 0.0047793041307924783 0.97334452065367982 0.00070715690026431851 11.500000000000002 0.35288739602919561 0.0049192896159437919 0.0042939743656841061 0.0042348863313228522 0.0044447114520445143 0.95300200548343195 0.0056204840671597858 0.017196457853612342 -111.49999999999999 0.0037484023492784838 0.0038328286391310206 0.0033602902099063013 0.00027127988780170409 -0.00059817941391015247 0.59999998828572054 0.59356275019303839 0.35714283163263777 0.0007778298330278938 12.500000000000002 92.500000000000014 0.0047016191767755644 -0.073947242923650167 0.0014557334832950525 0.0020418601503597723
decision_type=2 2 2 2 2 2 2 2 2 2 2 2 2 2 2 2 2 2 2 2 2 2 2 2 2 2 2 2 2 2
left_child=1 -1 3 4 5 -2 7 -7 9 17 -6 12 13 15 -15 -12 -17 18 24 20 -20 22 -21 -23 -8 26 -18 -5 29 -3
right_child=2 28 -4 27 10 6 8 -9 -10 -11 11 -13 -14 14 -16 16 25 -19 19 21 -22 23 -24 -25 -26 -27 -28 -29 -30 -31
leaf_value=-0.046525615310918519 -0.03919670215525807 -0.031788465352542414 0.021407511767853493 0.40100417330182581 -0.012167937520142549 0.16889371192818176 0.54896346224245141 0.70138740452979709 -0.051385853372482096 0.62402092383286767 -0.050742705305764281 0.43930995119343763 -0.0087815265828381922 0.66525733411626986 -0.050635473149752475 0.46589066660802242 -0.0041213544117440076 0.017507591379728554 -0.050386361269218194 0.62813292751353345 1.6295328185521478 -0.050544868111803525 0.15353032625288424 0.29751598304379878 -0.01084981639852114 0.34438703024299377 0.29703719546445012 -0.02070095122577963 -0.050488085616904758 0.03826612875833444
leaf_weight=166.84550215280615 3.8685469734482458 9.8947649502661132 342.55658122012392 0.11063693603500624 36.570350851630792 0.2253825394436707 0.083173892460762011 0.19944306998513639 1.4471792553085832 0.22211535368114699 1.4456121758557827 0.30598917603492815 9.6996919088996929 0.34877028269693255 0.3921087197959422 0.38566172914579544 2.0845343712717304 3.5696605471894145 0.26265941420569849 0.22077296534553359 0.11897592572495341 0.87890776665881254 0.46615958749316633 0.28572497540153563 1.2562987613491712 0.25281802983954538 0.28603908047080029 40.3509107735008 7.182951539522036 13.380355967907233
leaf_count=74925 420 2181 13810 7 7308 22 9 18 118 22 149 24 680 20 37 21 156 467 56 23 15 186 33 35 213 19 11 9486 1464 2086
internal_value=-0.00105809 -0.0401806 0.0161759 -0.000837251 0.010832 0.0470471 0.083169 0.418884 0.0669835 0.0902441 0.00166481 0.034943 0.0266361 0.0927583 0.286373 0.0605573 0.114028 0.0736445 0.129734 0.193206 0.473333 0.135468 0.306063 0.0348466 0.0239115 0.0623012 0.0322172 -0.0195479 -0.00542314 0.00848438
internal_weight=645.198 197.304 447.895 105.338 64.8766 13.105 9.23645 0.424826 8.81163 7.36445 51.7716 15.2012 14.8952 5.19554 0.740879 4.45467 3.00905 7.14233 3.57267 2.2332 0.381635 1.85157 0.686933 1.16463 1.33947 2.62339 2.37057 40.4615 30.4581 23.2751
internal_count=114021 80656 33365 19555 10062 1637 1217 40 1177 1059 8425 1117 1093 413 57 356 207 1037 570 348 71 277 56 221 222 186 167 9493 5731 4267
is_linear=0
shrinkage=0.05


Tree=23
num_leaves=31
num_cat=0
split_feature=9 4 4 5 12 8 12 10 1 6 8 0 5 8 9 5 1 9 12 12 6 8 6 6 8 12 1 10 8 1
split_gain=169.386 18.3118 7.70395 12.2516 7.07519 6.80639 8.12386 14.2688 7.9198 7.41695 6.83737 23.795 29.3442 9.18802 6.69746 14.874 6.2538 39.181 6.22432 9.53284 9.17783 7.57203 6.61678 7.25405 12.2729 14.4426 9.18041 10.6904 6.73007 9.94385
threshold=0.0025856993341020445 0.0041815494458086163 0.0020418601503597723 0.0015576178470051861 1.0000000180025095e-35 0.0014273661287794298 0.0071428570408199532 29.500000000000004 -0.012391141218180914 0.40227924024206935 0.0015228073579326674 -0.00085160439105266524 0.0011637755465382926 0.0014367478392348127 0.0017296917250237476 0.0049150615464164773 -0.0087148864944710646 0.002871222651572716 0.020833332682301867 0.016687893634979328 0.9942938058104408 0.024927787549959685 0.89463963348384701 0.87932859147981346 0.0059117673067712378 0.44407071491975053 0.0063330369195406799 53.500000000000007 0.001715008117229381 -0.0036264494302390301
decision_type=2 2 2 2 2 2 2 2 2 2 2 2 2 2 2 2 2 2 2 2 2 2 2 2 2 2 2 2 2 2
left_child=14 2 -2 5 -3 9 7 -7 -8 -4 11 12 -10 -13 15 -1 17 -12 19 21 -21 -6 23 28 25 -25 27 -27 29 -20
right_child=1 4 3 -5 18 6 8 -9 10 -11 16 13 -14 -15 -16 -17 -18 -19 22 20 -22 -23 -24 24 -26 26 -28 -29 -30 -31
leaf_value=-0.049708161317110706 -0.035979253741478222 -0.031241100091180165 0.33177932766056045 -0.021787073413540792 0.011316948841139346 0.64158603367829325 -0.053621836361913561 -0.050480328704071376 1.0953748279549216 -0.050247860855165416 0.84485782499925721 0.47940841712672583 -0.050260240981156327 -0.050276990900715815 -0.027667140030244293 0.32637975399637598 0.021089336116840669 0.041652499445049534 0.2194501833857494 0.24714611816383669 0.061679926640500753 0.1265373310424093 0.012940153002101787 0.014451607714892829 -0.025354753873651239 0.17761684174383491 0.07598044215457686 0.45366764105275303 0.02325009408059556 0.036422662319944163
leaf_weight=124.74669525632635 16.417004431597888 6.6758049586787811 0.13076373958028753 32.587361616548151 7.9170519933104497 0.14442896004766126 3.1330363457091144 0.15377823729068041 0.13091144408099353 4.474271155660972 0.16754228551871975 0.094361942959948375 0.097541213966906071 0.61844489816576242 52.726341211935505 0.26345402467995782 35.316947222920135 1.6191681034397332 1.0817113732919099 1.1275493158027523 1.6332239154726265 1.7391471331939099 184.4420584468171 1.4948161188513034 1.7661550873890517 0.86725932359695457 0.77217932557687152 0.58884452888742089 158.71728901937604 2.3636848991736761
leaf_count=60728 4498 376 28 5802 282 19 278 25 25 1171 28 18 24 147 20583 26 5270 212 47 26 49 27 8063 71 52 35 29 27 5959 96
internal_value=-0.00107906 0.0147528 -0.00482459 0.00167694 0.0197678 0.01827 0.0246731 0.284704 0.0227899 -0.0393999 0.0290825 0.162165 0.606229 0.0198432 -0.0426121 -0.0489156 0.0257064 0.11697 0.020702 0.0554942 0.137428 0.0320689 0.019475 0.0266644 0.0831938 0.134687 0.215345 0.289251 0.0247509 0.0938857
internal_weight=644.009 466.272 95.0856 78.6686 371.187 46.0812 41.4762 0.298207 41.178 4.60503 38.0449 0.941259 0.228453 0.712807 177.736 125.01 37.1037 1.78671 364.511 12.417 2.76077 9.6562 352.094 167.652 5.48925 3.7231 2.22828 1.4561 162.163 3.4454
internal_count=114021 32684 17545 13047 15139 7245 6046 44 6002 1199 5724 214 49 165 81337 60754 5510 240 14763 384 75 309 14379 6316 214 162 91 62 6102 143
is_linear=0
shrinkage=0.05


end of trees

feature_importances:
volatility_20=80
volatility_5=78
range_pct=72
volume_ratio=60
returns_20=55
body_pct=53
returns=49
returns_10=48
time_to_close=48
volume_ratio_20=47
returns_5=46
price_position=46
time_since_open=38

parameters:
[boosting: gbdt]
[objective: binary]
[metric: auc]
[tree_learner: serial]
[device_type: cpu]
[data_sample_strategy: bagging]
[data: ]
[valid: ]
[num_iterations: 500]
[learning_rate: 0.05]
[num_leaves: 31]
[num_threads: 0]
[seed: 0]
[deterministic: 0]
[force_col_wise: 0]
[force_row_wise: 0]
[histogram_pool_size: -1]
[max_depth: -1]
[min_data_in_leaf: 20]
[min_sum_hessian_in_leaf: 0.001]
[bagging_fraction: 0.8]
[pos_bagging_fraction: 1]
[neg_bagging_fraction: 1]
[bagging_freq: 5]
[bagging_seed: 3]
[bagging_by_query: 0]
[feature_fraction: 0.8]
[feature_fraction_bynode: 1]
[feature_fraction_seed: 2]
[extra_trees: 0]
[extra_seed: 6]
[early_stopping_round: 0]
[early_stopping_min_delta: 0]
[first_metric_only: 0]
[max_delta_step: 0]
[lambda_l1: 0]
[lambda_l2: 0]
[linear_lambda: 0]
[min_gain_to_split: 0]
[drop_rate: 0.1]
[max_drop: 50]
[skip_drop: 0.5]
[xgboost_dart_mode: 0]
[uniform_drop: 0]
[drop_seed: 4]
[top_rate: 0.2]
[other_rate: 0.1]
[min_data_per_group: 100]
[max_cat_threshold: 32]
[cat_l2: 10]
[cat_smooth: 10]
[max_cat_to_onehot: 4]
[top_k: 20]
[monotone_constraints: ]
[monotone_constraints_method: basic]
[monotone_penalty: 0]
[feature_contri: ]
[forcedsplits_filename: ]
[refit_decay_rate: 0.9]
[cegb_tradeoff: 1]
[cegb_penalty_split: 0]
[cegb_penalty_feature_lazy: ]
[cegb_penalty_feature_coupled: ]
[path_smooth: 0]
[interaction_constraints: ]
[verbosity: -1]
[saved_feature_importance_type: 0]
[use_quantized_grad: 0]
[num_grad_quant_bins: 4]
[quant_train_renew_leaf: 0]
[stochastic_rounding: 1]
[linear_tree: 0]
[max_bin: 255]
[max_bin_by_feature: ]
[min_data_in_bin: 3]
[bin_construct_sample_cnt: 200000]
[data_random_seed: 1]
[is_enable_sparse: 1]
[enable_bundle: 1]
[use_missing: 1]
[zero_as_missing: 0]
[feature_pre_filter: 1]
[pre_partition: 0]
[two_round: 0]
[header: 0]
[label_column: ]
[weight_column: ]
[group_column: ]
[ignore_column: ]
[categorical_feature: ]
[forcedbins_filename: ]
[precise_float_parser: 0]
[parser_config_file: ]
[objective_seed: 5]
[num_class: 1]
[is_unbalance: 0]
[scale_pos_weight: 1]
[sigmoid: 1]
[boost_from_average: 1]
[reg_sqrt: 0]
[alpha: 0.9]
[fair_c: 1]
[poisson_max_delta_step: 0.7]
[tweedie_variance_power: 1.5]
[lambdarank_truncation_level: 30]
[lambdarank_norm: 1]
[label_gain: ]
[lambdarank_position_bias_regularization: 0]
[eval_at: ]
[multi_error_top_k: 1]
[auc_mu_weights: ]
[num_machines: 1]
[local_listen_port: 12400]
[time_out: 120]
[machine_list_filename: ]
[machines: ]
[gpu_platform_id: -1]
[gpu_device_id: -1]
[gpu_use_dp: 0]
[num_gpu: 1]

end of parameters

pandas_categorical:[]
